0 -117.77626009 36.03041631 1175.6
1 -117.77626339 36.03042184 1113.7
2 -117.77626664 36.03043011 1075.6
3 -117.77626317 36.03043557 1026.3
4 -117.77625294 36.03044096 980.5
5 -117.77624267 36.03044909 931.8
6 -117.7762359 36.03044902 914.4
7 -117.77622576 36.03044892 883.3
8 -117.77621895 36.0304516 860.1
9 -117.77621557 36.03045156 848.9
10 -117.77620209 36.03044867 800.7
11 -117.77620209 36.03044867 792.2
12 -117.77619871 36.03044864 763.2
13 -117.77619528 36.03045135 743.7
14 -117.77618852 36.03045128 705.6
15 -117.77618861 36.03044579 666.9
16 -117.77618861 36.03044579 627.6
17 -117.77618522 36.03044575 609.6
18 -117.77618869 36.03044029 589.2
19 -117.77618861 36.03044579 550.2
20 -117.77618518 36.0304485 513.6
21 -117.7761818 36.03044846 511.8
22 -117.77617508 36.03044565 463
23 -117.7761785 36.03044294 417.6
24 -117.77618184 36.03044572 386.2
25 -117.77618527 36.03044301 364.5
26 -117.77617859 36.03043744 318.8
27 -117.77617516 36.03044015 304.8
28 -117.77616849 36.03043459 261.5
29 -117.7761687 36.03042086 203.9
30 -117.77615201 36.03040695 152.4
31 -117.77613866 36.03039582 120.4
32 -117.7761387 36.03039307 116.4
33 -117.77612535 36.03038195 77.4
34 -117.77611546 36.03036536 8.5
35 -117.77611888 36.03036265 0
36 -117.77612903 36.03036276 -27.1
37 -117.77614594 36.03036293 -61.6
38 -117.77615621 36.0303548 -89.6
39 -117.77615625 36.03035205 -97.2
40 -117.77615972 36.03034659 -116.4
41 -117.77616315 36.03034388 -135.9
42 -117.77616649 36.03034666 -155.8
43 -117.77617321 36.03034948 -175.3
44 -117.7761798 36.03036053 -194.5
45 -117.77618296 36.0303743 -214
46 -117.77617915 36.03040173 -241.4
47 -117.7761756 36.03041269 -252.4
48 -117.77617204 36.03042364 -262.1
49 -117.77616827 36.03044832 -281
50 -117.77616095 36.03048396 -302.7
51 -117.77615748 36.03048942 -304.8
52 -117.77614647 36.03054425 -335.6
53 -117.77612481 36.03063194 -383.7
54 -117.77610661 36.03071416 -431.6
55 -117.77609933 36.03074706 -450.8
56 -117.77608828 36.03080463 -485.9
57 -117.77608442 36.03083481 -505.1
58 -117.77607714 36.0308677 -523.3
59 -117.77606982 36.03090334 -544.4
60 -117.77606613 36.03092253 -554.1
61 -117.77605885 36.03095542 -572.7
62 -117.77605183 36.03097183 -582.5
63 -117.77604485 36.0309855 -592.2
64 -117.77603783 36.03100191 -602
65 -117.77603428 36.03101286 -609.6
66 -117.77603085 36.03101557 -611.4
67 -117.77602392 36.03102649 -619.4
68 -117.77598928 36.03107833 -657.5
69 -117.77597194 36.03110562 -677.6
70 -117.7759546 36.03113291 -696.5
71 -117.7759269 36.03117383 -725.4
72 -117.77589227 36.03122567 -762.9
73 -117.77586795 36.03126663 -789.4
74 -117.77584719 36.03129663 -810.2
75 -117.77580562 36.03135939 -848
76 -117.77576405 36.03142214 -886.4
77 -117.77573288 36.03146852 -914.4
78 -117.77571207 36.03150127 -933.6
79 -117.77567392 36.03156131 -969.9
80 -117.77562893 36.03162678 -1008
81 -117.77558055 36.03169221 -1045.8
82 -117.77555979 36.03172222 -1062.5
83 -117.77554943 36.03173585 -1069.8
84 -117.77551822 36.03178497 -1094.8
85 -117.77548358 36.03183681 -1121.4
86 -117.7754385 36.03190777 -1158.5
87 -117.77539329 36.03198697 -1196.6
88 -117.77536554 36.03203064 -1219.2
89 -117.77521621 36.03227909 -1342
90 -117.77501207 36.03257092 -1484.7
91 -117.77495325 36.03265547 -1524
92 -117.77479428 36.03287086 -1626.1
93 -117.77464914 36.03306715 -1718.8
END
