      WELL DATA SUMMARY                                                                                      
            
Well  BLM 23-19     
                         
Sec Az    0 NORTH   
Elev   4136 KB      
CoordsNorth  247923 East              2350998 
                         Course               
  MD  Drift Drift D. AzimLength  DH     TVD     SSD    DNS   DEW   N-S   E-W  DSec    Sec     N-LAM E-LAM    
_____________________________________________________________________________________________________________
                                                                                                             
    0  0.00      24  156                        4136     0     0     0     0     0        0  247923  2350998 
  124  1.00      24  156   124     1      124   4012    -1     0    -1     0    -1       -1  247922  2350998 
  136  1.00      24  156    12     0      136   4000     0     0    -1     1     0       -1  247922  2350999 
  266  1.00      27  153   142     2      266   3870    -2     1    -3     2    -2       -3  247920  2351000 
  470  2.00      84   84   204     5      470   3666    -3     5    -6     6    -3       -6  247917  2351004 
  500  1.94      82   89    30     1      500   3636     0     1    -6     7     0       -6  247917  2351005 
  591  1.75      75  105   121     4      591   3545     0     4    -6    10     0       -6  247917  2351008 
  665  2.25      75  105    74     3      665   3471    -1     2    -7    13    -1       -7  247916  2351011 
  728  2.08      78  102    63     2      728   3408    -1     2    -7    15    -1       -7  247916  2351013 
  759  2.00      79  101    94     3      759   3377    -1     3    -8    16    -1       -8  247915  2351014 
  884  1.50      81   99   125     4      884   3252    -1     4    -8    20    -1       -8  247915  2351018 
  968  1.75      80  100    84     2      968   3168     0     2    -9    22     0       -9  247914  2351020 
 1000  1.54      77  103    32     1     1000   3136     0     1    -9    23     0       -9  247914  2351021 
 1043  1.25      72  108    75     2     1043   3093     0     2    -9    24     0       -9  247914  2351022 
 1136  1.06      80  101    93     2     1136   3000     0     2   -10    26     0      -10  247913  2351024 
 1167  1.00      82   98   124     2     1167   2969    -1     2   -10    26    -1      -10  247913  2351024 
 1290  1.00      84   96   123     2     1290   2846     0     2   -10    29     0      -10  247913  2351027 
 1379  1.00      84   96    89     2     1379   2757     0     2   -10    30     0      -10  247913  2351028 
 1474  1.00      46   46    95     2     1474   2662     1     2    -9    32     1       -9  247914  2351030 
 1500  0.94      45   45    26     0     1500   2636     0     0    -9    32     0       -9  247914  2351030 
 1578  0.75      40   40   104     2     1578   2558     1     1    -8    33     1       -8  247915  2351031 
 1672  1.00      48   48    94     1     1672   2464     1     1    -7    34     1       -7  247916  2351032 
 1767  1.50      84   84    95     2     1766   2370     1     2    -6    36     1       -6  247917  2351034 
 1862  1.50      80   80    95     2     1861   2275     0     2    -6    38     0       -6  247917  2351036 
 1949  1.50      88   88    87     2     1948   2188     0     2    -6    40     0       -6  247917  2351038 
 2000  1.50      80   80    51     1     1999   2137     0     1    -6    42     0       -6  247917  2351040 
 2047  1.50      72   72    98     3     2046   2090     0     3    -5    43     0       -5  247918  2351041 
 2137  1.25      64   64    90     2     2136   2000     1     2    -5    45     1       -5  247918  2351043 
 2218  1.25      64   64    81     2     2217   1919     1     2    -4    46     1       -4  247919  2351044 
 2312  1.25      48   48    94     2     2311   1825     1     2    -3    48     1       -3  247920  2351046 
 2406  1.00      47   47    94     2     2405   1731     1     1    -1    50     1       -1  247922  2351048 
 2500  2.98      31   31    94     3     2499   1637     3     2     1    52     3        1  247924  2351050 
 2501  3.00      31   31    95     3     2500   1636     3     2     1    52     3        1  247924  2351050 
 2595  4.50      22   22    94     6     2594   1542     6     3     7    54     6        7  247930  2351052 
 2689  6.00      14   11    94     9     2688   1448     8     2    15    57     8       15  247938  2351055 
 2784  8.25       0    0   188    21     2782   1354    21     4    27    58    21       27  247950  2351056 
 2878  9.00       5  355    93   -14     2875   1261    14    -1    41    58    14       41  247964  2351056 
 2973 11.00       3  358    94    16     2968   1168    16    -1    58    57    16       58  247981  2351055 
 3000 11.29       2  358    26     5     2995   1141     5     0    63    56     5       63  247986  2351054 
 3067 12.00       0  360    92    19     3060   1076    19     0    77    56    19       77  248000  2351054 
 3144 12.82       1   66    75    17     3136   1000   -14    -9    63    47   -14       63  247986  2351045 
 3161 13.00       1    1    92   -20     3152    984    20     0    97    56    20       97  248020  2351054 
 3256 13.75       2    2    92    22     3245    891    22     1   119    57    22      119  248042  2351055 
 3350 14.50       3    3    91    23     3336    800    23     1   142    58    23      142  248065  2351056 
 3445 16.00       3    3    92    25     3428    708    25     1   167    59    25      167  248090  2351057 
 3500 16.88       2    2    53    16     3480    656    16     1   182    60    16      182  248105  2351058 
 3539 17.50       2    2    90    27     3518    618    27     1   194    61    27      194  248117  2351059 
 3633 18.75       1    1    89    29     3607    529    29     1   223    61    29      223  248146  2351059 
 3728 20.00       1    1    90    32     3696    440    32     0   254    62    32      254  248177  2351060 
 3822 21.50       0  360    88   -33     3784    352    33     0   288    62    33      288  248211  2351060 
 3917 23.00       0  360    88    36     3872    264    36     0   324    62    36      324  248247  2351060 
 4000 24.77       1  359    76    34     3948    188    34     0   357    62    34      357  248280  2351060 
 4011 25.00       1  359    86    38     3958    178    38     0   362    62    38      362  248285  2351060 
 4105 25.50       2  359    85    40     4043     93    40    -1   402    61    40      402  248325  2351059 
 4200 26.00       2  358    86    41     4129      7    41    -1   443    59    41      443  248366  2351057 
 4208 26.00       2  358     7     4     4136      0     4     0   447    59     4      447  248370  2351057 
 4294 26.00       2  359   170    82     4213    -77    82    -2   484    58    82      484  248407  2351056 
 4388 25.50       2  358    85    41     4298   -162    41    -1   525    57    41      525  248448  2351055 
 4483 25.75       2  358    86    41     4384   -248    41    -1   566    56    41      566  248489  2351054 
 4500 25.84       2  358    15     7     4399   -263     7     0   573    56     7      573  248496  2351054 
 4577 26.25       2  358    84    41     4468   -332    41    -1   607    54    41      607  248530  2351052 
 4672 26.25       1  359    85    42     4553   -417    42    -1   649    53    42      649  248572  2351051 
 4766 26.50       0  360    84    42     4638   -502    42     0   691    53    42      691  248614  2351051 
 4860 27.00       1  359    84    42     4722   -586    42     0   733    53    42      733  248656  2351051 
 4955 27.00       0  360   169    85     4806   -670    85     0   776    53    85      776  248699  2351051 
 5000 26.88       0  360    40    20     4847   -711    20     0   796    53    20      796  248719  2351051 
 5049 26.75       0  360    84    42     4890   -754    42     0   819    53    42      819  248742  2351051 
 5144 27.00       2    2    85   -43     4975   -839    43     1   861    54    43      861  248784  2351052 
 5238 27.25       2    2    84    43     5059   -923    43     1   904    55    43      904  248827  2351053 
 5325 27.25       2    2    77    40     5136  -1000    40     1   944    57    40      944  248867  2351055 
 5332 27.25       2    2    84    43     5142  -1006    43     2   947    57    43      947  248870  2351055 
 5427 27.00       4    4    85    43     5227  -1091    43     2   991    59    43      991  248914  2351057 
 5500 25.84       2    2    65    32     5292  -1156    32     2  1023    61    32     1023  248946  2351059 
 5521 25.50       1    1   169    84     5312  -1176    84     2  1031    59    84     1031  248954  2351057 
 5616 26.25       5    5    85    41     5397  -1261    41     2  1073    61    41     1073  248996  2351059 
 5710 26.00       6    6    84    41     5481  -1345    41     4  1114    65    41     1114  249037  2351063 
 5750 25.68       5    5    36    17     5517  -1381    17     2  1131    67    17     1131  249054  2351065 
 5804 25.25       4    4    85    41     5566  -1430    40     4  1154    69    40     1154  249077  2351067 
 5899 25.00       4    4    86    40     5652  -1516    40     3  1195    71    40     1195  249118  2351069 
 5993 24.75       5    5   171    80     5737  -1601    80     6  1234    74    80     1234  249157  2351072 
 6000 24.73       5    5     6     3     5744  -1608     3     0  1237    75     3     1237  249160  2351073 
 6087 24.50       5    5    85    39     5823  -1687    39     3  1273    78    39     1273  249196  2351076 
 6182 24.00       4    4    87    39     5910  -1774    39     3  1312    81    39     1312  249235  2351079 
 6276 23.75       4    4    86    38     5996  -1860    38     3  1350    83    38     1350  249273  2351081 
 6371 23.50       4    4    87    38     6083  -1947    38     3  1388    86    38     1388  249311  2351084 
 6429 23.19       5    5    53    23     6136  -2000    23     2  1411    88    23     1411  249334  2351086 
 6465 23.00       5    5   173    75     6169  -2033    75     6  1425    89    75     1425  249348  2351087 
 6500 23.00       5    5    32    14     6201  -2065    14     1  1438    91    14     1438  249361  2351089 
 6559 23.00       6    6    87    37     6256  -2120    37     3  1461    93    37     1461  249384  2351091 
 6654 22.50      10   10    88    37     6343  -2207    36     5  1498    98    36     1498  249421  2351096 
 6748 22.00      10   10    87    36     6430  -2294    35     6  1533   104    35     1533  249456  2351102 
 6843 21.75      10   10    88    35     6518  -2382    35     6  1568   110    35     1568  249491  2351108 
 6937 21.25      10   10   176    70     6606  -2470    69    12  1601   116    69     1601  249524  2351114 
 6955 21.09      11   11    17     7     6623  -2487     6     1  1608   117     6     1608  249531  2351115 
 6966 21.00      11   11    27    10     6633  -2497    10     2  1612   118    10     1612  249535  2351116 
 6987 21.00      11   11    20     8     6652  -2516     7     1  1619   119     7     1619  249542  2351117 
                                                                                                             
                                                                                                             
                                                                                                             
                                                                                                             
                                                                                                             
                                                                                                             
                                                                                                             
                                                                                                             
                                                                                                             
                                                                                                             
                                                                                                             
                                                                                                             
                                                                                                             
                                                                                                             
                                                                                                             
                                                                                                             
                                                                                                             
                                                                                                             
                                                                                                             
                                                                                                             
                                                                                                             
                                                                                                             
                                                                                                             
                                                                                                             
                                                                                                             
                                                                                                             
                                                                                                             
                                                                                                             
                                                                                                             
                                                                                                             
                                                                                                             
                                                                                                             
                                                                                                             
                                                                                                             
                                                                                                             
                                                                                                             
                                                                                                             
                                                                                                             
                                                                                                             
                                                                                                             
                                                                                                             
                                                                                                             
                                                                                                             
                                                                                                             
                                                                                                             
                                                                                                             
                                                                                                             
                                                                                                             
                                                                                                             
                                                                                                             
                                                                                                             
                                                                                                             
                                                                                                             
                                                                                                             
                                                                                                             
                                                                                                             
                                                                                                             
                                                                                                             
                                                                                                             
                                                                                                             
                                                                                                             
                                                                                                             
                                                                                                             
                                                                                                             
                                                                                                             
                                                                                                             
                                                                                                             
                                                                                                             
                                                                                                             
                                                                                                             
                                                                                                             
                                                                                                             
                                                                                                             
                                                                                                             
                                                                                                             
                                                                                                             
                                                                                                             
                                                                                                             
                                                                                                             
                                                                                                             
                                                                                                             
                                                                                                             
                                                                                                             
                                                                                                             
                                                                                                             
                                                                                                             
                                                                                                             
                                                                                                             
                                                                                                             
                                                                                                             
                                                                                                             
                                                                                                             
                                                                                                             
                                                                                                             
                                                                                                             
                                                                                                             
                                                                                                             
                                                                                                             
                                                                                                             
                                                                                                             
                                                                                                             
                                                                                                             
                                                                                                             
                                                                                                             
                                                                                                             
                                                                                                             
                                                                                                             
                                                                                                             
                                                                                                             
                                                                                                             
                                                                                                             
                                                                                                             
                                                                                                             
                                                                                                             
                                                                                                             
                                                                                                             
                                                                                                             
                                                                                                             
                                                                                                             
                                                                                                             
                                                                                                             
                                                                                                             
