      WELL DATA SUMMARY                                                                                                                                                                                                          
            
Well  23A-19
                         
Sec Az  350 N10E    
Elev   4136 KB      
CoordsNorth  248003 EAST              2350788 
                         Course               
  MD  Drift Drift D. AzimLength  DH     TVD     SSD    DNS   DEW    N-S     E-W   DSec   Sec    N-LAM E-LAM    
_______________________________________________________________________________________________________________
                                                                                                                                                                                                                                 
    0  0.00       0   65     0     0        0   4136     0     0    0.00    0.00     0      0  248003  2350788                                                                                                                   
  136  0.64      56   65   136     1      136   4000     0     1    0.32    0.69     0      0  248003  2350789 
  159  0.75      65   65   159     1      159   3977     0     1    0.44    0.94     0      0  248003  2350789                                                                                                                   
  303  0.75     309  309   144    -2      303   3833     2     0    2.31    1.17     2      2  248005  2350789                                                                                                                   
  544  1.75      38   38   241    -5      544   3592     5    -1    7.53    0.58     5      7  248011  2350789                                                                                                                   
  699  0.75     339  339   155    -3      699   3437     3     0   10.88    1.08     3     11  248014  2350789                                                                                                                   
  919  0.50      19   19   220    -2      919   3217     2     0   13.28    1.04     2     13  248016  2350789                                                                                                                   
 1136  0.75     328  328   217    -2     1136   3000     2     0   15.63    0.77     2     15  248019  2350789                                                                                                                   
 1351  1.25     296  296   215     4     1351   2785     3    -3   18.14   -2.02     3     18  248021  2350786                                                                                                                   
 1569  0.75     324  324   218     4     1569   2567     2    -3   20.59   -4.94     3     21  248024  2350783                                                                                                                   
 1787  1.25     350  350   218     4     1787   2349     4    -1   24.09   -6.42     4     25  248027  2350782                                                                                                                   
 2006  2.00     310  310   219     6     2006   2130     5    -3   29.47   -9.53     6     31  248032  2350778                                                                                                                   
 2136  1.58     318  318   130     4     2136   2000     3    -3   32.30  -12.43     3     34  248035  2350776 
 2159  1.50     320  320   153     5     2159   1977     3    -3   32.77  -12.83     4     35  248036  2350775                                                                                                                   
 2283  1.75     310  310   124     4     2283   1853     2    -2   35.26  -15.32     3     37  248038  2350773                                                                                                                   
 2442  1.25     327  327   159     4     2442   1694     3    -3   38.37  -18.08     4     41  248041  2350770                                                                                                                   
 2569  1.50     316  316   127     3     2568   1568     2    -2   40.76  -19.97     3     44  248044  2350768                                                                                                                   
 2695  1.50     332  332   126     3     2694   1442     3    -2   43.43  -21.91     3     47  248046  2350766                                                                                                                   
 2817  0.75     321  321   122     2     2816   1320     2    -1   45.42  -23.23     2     49  248048  2350765                                                                                                                   
 2941  1.75     330  330   124     3     2940   1196     2    -2   47.65  -24.77     2     51  248051  2350763                                                                                                                   
 3065  1.25     310  310   124     3     3064   1072     2    -2   50.14  -26.85     3     54  248053  2350761                                                                                                                   
 3137  1.95     307  307    72     2     3136   1000     1    -2   51.39  -28.43     2     56  248054  2350760 
 3193  2.50     304  304   128     4     3192    944     3    -3   52.66  -30.20     3     57  248056  2350758                                                                                                                   
 3318  1.75     296  296   125     5     3317    819     2    -4   54.98  -34.21     3     60  248058  2350754                                                                                                                   
 3477  1.25     330  330   159     4     3476    660     3    -3   57.82  -37.25     3     63  248061  2350751                                                                                                                   
 3657  1.75     352  352   180     5     3656    480     4    -2   62.27  -38.79     5     68  248065  2350749                                                                                                                   
 3687  2.00     357  357    30     1     3686    450     1     0   63.25  -38.88     1     69  248066  2350749                                                                                                                   
 3718  2.25     360  360    31     1     3717    419     1     0   64.40  -38.92     1     70  248067  2350749                                                                                                                   
 3750  2.25       6    6    32     1     3749    387    -1     0   63.14  -38.98    -1     69  248066  2350749                                                                                                                   
 3781  2.50     354  354    31     1     3780    356    -1     0   61.86  -38.98    -1     68  248065  2350749                                                                                                                   
 3813  2.50     345  345    32     1     3812    324     1     0   63.23  -39.23     1     69  248066  2350749                                                                                                                   
 3841  2.75     347  347    28     1     3840    296     1     0   64.48  -39.54     1     70  248067  2350748                                                                                                                   
 3872  3.00     344  344    31     2     3871    265     2     0   65.98  -39.93     2     72  248069  2350748                                                                                                                   
 3903  4.25     334  334    31     2     3902    234     2    -1   67.81  -40.63     2     74  248071  2350747                                                                                                                   
 3915  4.54     331  331    12     1     3914    222     1     0   68.63  -41.06     1     75  248072  2350747 
 3934  5.00     327  327    31     2     3933    203     2    -1   69.99  -41.87     2     76  248073  2350746                                                                                                                   
 3965  6.00     324  324    31     3     3964    172     2    -2   72.44  -43.55     3     79  248075  2350744                                                                                                                   
 3996  6.75     324  324    31     3     3994    142     3    -2   75.22  -45.57     3     82  248078  2350742                                                                                                                   
 4027  7.25     326  326    31     4     4025    111     3    -2   78.31  -47.74     3     85  248081  2350740                                                                                                                   
 4056  8.00     327  327    29     4     4054     82     3    -2   81.52  -49.86     4     89  248085  2350738                                                                                                                   
 4085  9.00     328  328    29     4     4083     53     4    -2   85.14  -52.17     4     93  248088  2350736                                                                                                                   
 4117  9.75     329  329    32     5     4114     22     4    -3   89.58  -54.89     5     98  248093  2350733                                                                                                                   
 4139  9.75     332  332    22     4     4136      0     3    -2   92.82  -56.73     4    101  248096  2350731 
 4148  9.75     333  333    31     5     4145     -9     5    -3   94.17  -57.43     5    103  248097  2350731                                                                                                                   
 4177  9.75     338  338    29     5     4173    -37     4    -2   98.64  -59.47     5    107  248102  2350729                                                                                                                   
 4208  9.75     344  344    31     5     4204    -68     5    -2  103.61  -61.18     5    113  248107  2350727                                                                                                                   
 4239 10.00     346  346    31     5     4234    -98     5    -1  108.74  -62.56     5    118  248112  2350725                                                                                                                   
 4271 10.50     348  348    31     6     4266   -130     6    -1  114.29  -63.84     6    124  248117  2350724                                                                                                                   
 4328 11.25     351  351    56    11     4322   -186    11    -2  124.86  -65.80    11    134  248128  2350722                                                                                                                   
 4419 13.00     354  354    89    19     4411   -275    19    -2  143.82  -68.29    19    153  248147  2350720                                                                                                                   
 4513 14.75     353  353    91    23     4502   -366    22    -3  166.21  -70.84    22    176  248169  2350717                                                                                                                   
 4606 17.00     357  357    89    25     4592   -456    25    -2  191.55  -73.06    25    201  248195  2350715                                                                                                                   
 4636 17.50     356  356    29     9     4620   -484     9    -1  200.43  -73.60     9    210  248203  2350714                                                                                                                   
 4668 18.00     358  358    30    10     4651   -515    10    -1  210.18  -74.11    10    220  248213  2350714                                                                                                                   
 4699 17.50     355  355    30     9     4680   -544     9    -1  219.61  -74.69     9    229  248223  2350713                                                                                                                   
 4781 18.50     348  348    78    25     4758   -622    25    -4  244.67  -78.44    25    255  248248  2350710                                                                                                                   
 4873 18.25     348  348    87    29     4845   -709    28    -6  273.04  -84.47    29    284  248276  2350704                                                                                                                   
 4966 19.25     348  348    88    30     4934   -798    29    -6  302.28  -90.68    30    313  248305  2350697                                                                                                                   
 5058 18.75     350  350    87    30     5021   -885    29    -6  331.68  -96.40    30    343  248335  2350692                                                                                                                   
 5149 18.75     348  348    86    29     5107   -971    29    -6  360.39 -101.98    29    373  248363  2350686                                                                                                                   
 5180 18.87     348  348    29    10     5136  -1000    10    -2  370.18 -104.04    10    383  248373  2350684 
 5275 19.25     349  349   119    41     5226  -1090    40    -8  400.59 -110.16    41    414  248404  2350678                                                                                                                   
 5397 19.00     353  353   115    40     5341  -1205    39    -6  440.07 -116.41    40    454  248443  2350672                                                                                                                   
 5489 19.00     353  353    87    30     5428  -1292    30    -4  469.80 -120.06    30    484  248473  2350668                                                                                                                   
 5575 18.75     352  352    81    28     5509  -1373    28    -4  497.38 -123.69    28    511  248500  2350664                                                                                                                   
 5707 18.25     352  352   125    42     5635  -1499    41    -6  538.86 -129.52    42    553  248542  2350658                                                                                                                   
 5732 18.25     352  352    24     8     5658  -1522     8    -1  546.61 -130.61     8    561  248550  2350657                                                                                                                   
 5799 18.25     354  354    64    21     5722  -1586    21    -3  567.44 -133.17    21    582  248570  2350655                                                                                                                   
 5895 18.00     357  357    91    30     5813  -1677    30    -2  597.21 -135.51    30    612  248600  2350652                                                                                                                   
 5993 17.87     357  357    93    30     5906  -1770    30    -2  627.35 -137.09    30    642  248630  2350651 
 6082 17.75     357  357   178    57     5991  -1855    57    -3  654.53 -138.51    57    669  248658  2350649                                                                                                                   
 6176 18.00     355  355    89    29     6081  -1945    29    -2  683.31 -140.53    29    697  248686  2350647                                                                                                                   
 6234 18.23     356  356    55    18     6136  -2000    18    -1  701.29 -141.95    18    715  248704  2350646 
 6301 18.50     357  357   119    39     6199  -2063    39    -3  722.36 -143.26    39    736  248725  2350645                                                                                                                   
 6421 18.50     355  355   114    38     6313  -2177    38    -3  760.35 -145.91    38    774  248763  2350642                                                                                                                   
 6515 18.95     358  358    89    30     6402  -2266    30    -2  790.47 -147.76    30    804  248793  2350640                                                                                                                   
 6608 19.00     358  358    88    30     6490  -2354    30    -1  820.69 -148.81    30    834  248824  2350639                                                                                                                   
 6699 19.25     359  359    86    30     6576  -2440    30    -1  850.49 -149.59    29    864  248853  2350638                                                                                                                   
 6792 19.50     357  357    88    31     6664  -2528    31    -1  881.33 -150.67    31    894  248884  2350637                                                                                                                   
 6888 19.25     358  358    91    32     6754  -2618    32    -1  913.14 -152.06    32    926  248916  2350636                                                                                                                   
 6894 19.25     359  359     6     2     6760  -2624     2     0  915.12 -152.11     2    928  248918  2350636                                                                                                                   
 6954 19.33     359  359    57    20     6817  -2681    20     0  934.94 -152.40    20    947  248938  2350636 
 7077 19.50     359  360   173    61     6933  -2797    61    -1  975.83 -152.64    60    988  248979  2350635                                                                                                                   
 7171 19.75     359  360    89    32     7021  -2885    32     0 1007.40 -152.64    31   1019  249010  2350635                                                                                                                   
 7265 19.50       0  360    89    32     7110  -2974    32     0 1038.97 -152.64    31   1050  249042  2350635                                                                                                                   
 7293 19.30       0  266    26     9     7136  -3000     6    -7 1045.33 -159.42     7   1057  249048  2350629 
 7372 18.75       0    2   101   -35     7211  -3075    35     1 1074.02 -152.03    34   1084  249077  2350636                                                                                                                   
 7465 17.50       0    2    88    29     7299  -3163    29     1 1102.94 -151.02    28   1112  249106  2350637                                                                                                                   
 7559 17.50       0    8    90    28     7389  -3253    28     2 1131.10 -148.55    27   1140  249134  2350639                                                                                                                   
 7653 16.75       0    8    90    28     7479  -3343    27     4 1158.51 -144.70    26   1166  249162  2350643                                                                                                                   
 7782 16.65       0    9   124    37     7602  -3466    37     5 1195.18 -139.29    35   1201  249198  2350649 
 7976 16.50       0   10   309    92     7788  -3652    91    14 1249.78 -130.25    87   1253  249253  2350658                                                                                                                   
 8030 16.50       0   10    52    15     7840  -3704    15     1 1265.06 -128.91    15   1268  249268  2350659                                                                                                                   
 8048 16.50       0   10    17     5     7857  -3721     5     0 1270.15 -128.46     5   1273  249273  2350660                                                                                                                   
 8339 16.00       0   10   279    81     8137  -4001    80    14 1350.34 -114.32    77   1350  249353  2350674                                                                                                                   
 8382 16.00       0   10    41    12     8178  -4042    12     2 1362.02 -112.26    11   1361  249365  2350676                                                                                                                   
 8452 16.00       0   10    67    19     8245  -4109    19     3 1381.02 -108.91    18   1379  249384  2350679                                                                                                                   
 8535 15.75       0   10    80    23     8325  -4189    22     4 1403.38 -104.97    21   1400  249406  2350683                                                                                                                   
 8594 12.00       0   10    57    14     8382  -4246    14     2 1417.31 -102.51    13   1414  249420  2350685                                                                                                                   
 8694 12.50       0   10    98    21     8480  -4344    21     4 1438.21  -98.83    20   1434  249441  2350689                                                                                                                   
 8852 12.50       0   10   154    34     8634  -4498    34     6 1471.88  -92.89    32   1466  249475  2350695                         
 8871 12.50       0   10    19     4     8653  -4517     4     1 1475.93  -92.18     4   1470  249479  2350696                         
 8955 13.00       0   10    82    19     8735  -4599    18     3 1494.19  -88.96    17   1487  249497  2350699                         
 9000 13.00       0   10    44    10     8779  -4643    10     2 1504.16  -87.20    10   1496  249507  2350701                         


                                                                                              16.8405 
