      WELL DATA SUMMARY                                                                                                                                                                                                        
            
Well  BLM 33A-19    
                         
Sec Az  50  N50E    
Elev  4140  KB      
CoordsNorth 247844  East 2351951                
                          Course                
  MD  Drift Drift D. Azim Length   DH     TVD     SSD    DNS   DEW   N-S   E-W  DSec   Sec    N-LAM E-LAM    
_____________________________________________________________________________________________________________
                                                                                                                                                                                                                               
    0  0.00      50   50       0     0        0   4140     0     0     0     0     0      0  247844  2351951                                                                                                                   
  140  0.68      45   45     140     1      140   4000     1     1     1     1     1      1  247845  2351952 
  155  0.75      45   45     155     1      155   3985     1     1     1     1     1      1  247845  2351952                                                                                                                   
  220  1.25      17   17      65     1      220   3920     1     1     2     1     1      2  247846  2351952                                                                                                                   
  306  1.50      33   33      86     2      306   3834     2     1     4     2     2      4  247848  2351953                                                                                                                   
  367  1.00      86   86      61     1      367   3773     1     1     4     3     1      5  247848  2351954                                                                                                                   
  429  1.25      42   42      62     1      429   3711     1     1     5     4     1      6  247849  2351955                                                                                                                   
  459  1.25      72   72      30     1      459   3681     0     1     5     5     1      7  247849  2351956                                                                                                                   
  535  1.25      49   49      76     2      535   3605     1     1     6     6     2      9  247850  2351957                                                                                                                   
  628  1.25      48   48      93     2      628   3512     1     2     7     8     2     11  247851  2351959                                                                                                                   
  721  2.00      62   62      93     3      721   3419     2     2     9    10     3     13  247853  2351961                                                                                                                   
  753  2.00      72   72      32     1      753   3387     0     1     9    11     1     14  247853  2351962                                                                                                                   
  815  2.00      47   47      62     2      815   3325     1     2    10    13     2     17  247854  2351964                                                                                                                   
  871  2.00      50   50      56     2      871   3269     1     1    12    14     2     19  247856  2351965                                                                                                                   
  891  1.92      46   46      20     1      891   3249     0     1    12    15     1     19  247856  2351966 
  935  1.75      36   36      64     2      935   3205     2     1    13    16     2     21  247857  2351967                                                                                                                   
 1001  1.25      30   30      66     2     1001   3139     1     1    15    17     2     22  247859  2351968                                                                                                                   
 1061  0.75       8  352      60     1     1061   3079    -1     0    14    17    -1     21  247858  2351968                                                                                                                   
 1123  1.25      56  304      62     1     1123   3017     1    -1    14    16     0     22  247858  2351967                                                        3017        1061  1061    14    17    21  0.00 
 1140  1.04      54  306      17     0     1140   3000     0     0    15    16     0     22  247859  2351967 
 1184  0.50      50  310      61     1     1184   2956     1    -1    15    15     0     21  247859  2351966                                                                                                                   
 1249  1.00      10   10      65    -1     1249   2891     1     0    16    15     0     22  247860  2351966                                                                                                                   
 1342  0.00       0    0      93     1     1342   2798     1     0    17    15     1     22  247861  2351966                                                                                                                   
 1504  1.00      26  334     162    -1     1504   2636     1     0    18    15     1     23  247862  2351966                                                                                                                   
 1598  1.50       5  355      94     2     1598   2542     2    -1    20    14     1     24  247864  2351965                                                                                                                   
 1706  1.50      14  346     108     3     1706   2434     3     0    23    14     1     25  247867  2351965                                                                                                                   
 1814  1.75       8    8     108    -3     1814   2326     3     0    26    14     2     27  247870  2351965                                                                                                                   
 1905  1.00      15   15      91     2     1905   2235     2     0    28    14     2     29  247872  2351965                                                                                                                   
 2001  1.42      10  204      96     2     2001   2139    -1     2    27    16     1     30  247871  2351967 
 2077  1.75       6  354     172    -4     2077   2063     4     0    32    14     3     32  247876  2351965                                                                                                                   
 2140  1.92       3  357      63     2     2140   2000     2     0    34    14     1     33  247878  2351965 
 2171  2.00       2  358      94     3     2171   1969     3     0    35    14     2     33  247879  2351965                                                                                                                   
 2239  1.50      20   20      68    -2     2239   1901     2     0    37    14     2     35  247881  2351965                                                                                                                   
 2336  1.75       4    4      97     3     2336   1804     3     1    40    15     2     37  247884  2351966                                                                                                                   
 2418  2.00      14   14      82     3     2418   1722     3     0    43    15     2     39  247887  2351966                                                                                                                   
 2510  1.75      12   12      92     3     2510   1630     3     1    45    16     2     42  247889  2351967                                                                                                                   
 2602  1.75       4    4      92     3     2602   1538     3     0    48    17     2     44  247892  2351968                                                                                                                   
 2696  1.75      14   14      94     3     2696   1444     3     0    51    17     2     46  247895  2351968                                                                                                                   
 2787  1.75       3    3      91     3     2786   1354     3     0    54    17     2     48  247898  2351968                                                                                                                   
 2881  1.50       7    7      94     3     2880   1260     3     0    57    18     2     50  247901  2351969                                                                                                                   
 2991  1.75      19   19     110     3     2990   1150     3     1    60    18     2     52  247904  2351969                                                                                                                   
 2976  1.75      19   19     -15     0     2975   1165     0     0    59    18     0     52  247903  2351969                                                             /ma111..ak200~a115~           CCCCCC{GOTO}a1~/fcceinsert1~  
 3001  1.75      18   18      25     1     3000   1140     1     0    60    18     1     53  247904  2351969 
 3100  1.75      14   14     124     4     3099   1041     4     1    63    19     3     55  247907  2351970                                                                                                                   
 3141  1.86      15   15      41     1     3140   1000     1     0    64    20     1     56  247908  2351971 
 3191  2.00      16   16      91     3     3190    950     3     1    66    20     2     58  247910  2351971                                                                                                                   
 3283  2.25      20   20      92     3     3282    858     3     1    69    21     3     60  247913  2351972                                                                                                                   
 3378  2.25      19   19      95     4     3377    763     4     1    72    22     3     64  247916  2351973                                                                                                                   
 3502  2.00       1  359     124    -5     3501    639     5     1    77    23     3     67  247921  2351974                                                                                                                   
 3535  2.00       1  359      33     1     3534    606     1     0    78    23     1     68  247922  2351974                                                                                                                   
 3646  2.00      10   10     111    -4     3645    495     4     0    82    23     3     71  247926  2351974                                                                                                                   
 3736  2.25      10   10      90     3     3735    405     3     1    85    24     3     73  247929  2351975                                                                                                                   
 3829  2.75       6    6      93     4     3828    312     4     1    89    24     3     76  247933  2351975                                                                                                                   
 3896  2.25       4  356      67    -3     3895    245     3     0    92    25     2     78  247936  2351976                                                                                                                   
 3958  1.00      20   20      62    -2     3957    183     2     0    94    25     1     79  247938  2351976                                                                                                                   
 4001  1.29      17   17      43     1     4000    140     1     0    95    25     1     80  247939  2351976 
 4003  1.30      17   17      45     1     4002    138     1     0    95    25     1     80  247939  2351976 
 4071  1.75      13   13     113     3     4070     70     3     1    96    26     2     82  247940  2351977                                                                                                                   
 4102  1.00      17   17      31     1     4101     39     1     0    97    26     1     82  247941  2351977                                                                                                                   
 4133  1.00      18   18      31     1     4132      8     1     0    98    26     0     83  247942  2351977 
 4141  1.03      17   52       8     0     4140      0     0     0    98    26     0     83  247942  2351977 
 4211  1.25       9  351     109    -2     4210    -70     2     0    99    26     1     84  247943  2351977                                                                                                                   
 4335  1.00      16  344     124     2     4334   -194     2    -1   102    25     1     85  247946  2351976                                                                                                                   
 4459  1.00      20   20     124    -2     4458   -318     2     0   104    25     1     86  247948  2351976                                                                                                                   
 4541  2.00      38   38      82     2     4540   -400     2     1   106    26     2     88  247950  2351977                                                                                                                   
 4602  2.50      61   61      61     2     4601   -461     2     2   107    28     2     91  247951  2351979                                                                                                                   
 4665  2.50      63   63      63     3     4663   -523     1     2   109    31     3     93  247953  2351982                                                                                                                   
 4727  3.00      61   61      62     3     4725   -585     1     3   110    33     3     96  247954  2351984                                                                                                                   
 4787  4.00      61   61      60     4     4785   -645     2     3   112    37     4    100  247956  2351988                                                                                                                   
 4848  5.00      57   57      61     5     4846   -706     2     4   114    41     5    105  247958  2351992                                                                                                                   
 4939  7.50      60   60      90    10     4937   -797     5     8   119    49    10    114  247963  2352000                                                                                                                   
 5001  9.00      61   61      61     9     4998   -858     4     8   124    57     9    123  247968  2352008                                                                                                                   
 5029 10.00      60   60      28     5     5026   -886     2     4   126    61     5    128  247970  2352012                                                                                                                   
 5097 11.00      56   56      67    12     5092   -952     7    11   133    71    12    140  247977  2352022                                                                                                                   
 5146 11.75      57   57      48    10     5140  -1000     5     8   138    79    10    150  247982  2352030 
 5162 12.00      57   57      64    13     5156  -1016     7    11   140    82    13    153  247984  2352033                                                                                                                   
 5250 12.00      55   55      86    18     5242  -1102    10    15   150    97    18    171  247994  2352048                                                                                                                   
 5375 12.50      54   54     122    27     5364  -1224    15    22   165   119    26    197  248009  2352070                                                                                                                   
 5499 12.00      58   58     121    26     5486  -1346    15    22   180   141    26    224  248024  2352092                                                                                                                   
 5592 11.50      58   58      91    19     5577  -1437    10    16   190   157    19    242  248034  2352108                                                                                                                   
 5682 11.50      58   58      88    18     5665  -1525    10    15   200   172    18    260  248044  2352123                                                                                                                   
 5774 11.75      58   58      90    19     5755  -1615    10    16   210   188    18    279  248054  2352139                                                                                                                   
 5899 11.50      58   58     122    25     5877  -1737    13    21   223   209    25    303  248067  2352160                                                                                                                   
 6001 11.30      56   56     100    20     5977  -1837    11    17   234   226    20    323  248078  2352177 
 6024 11.25      55   55     123    25     6000  -1860    14    21   236   230    24    328  248080  2352181                                                                                                                   
 6045 11.50      53   53      21     4     6020  -1880     2     3   239   233     4    332  248083  2352184                                                                                                                   
 6167 11.64      53   53     120    24     6140  -2000    15    20   254   253    24    357  248098  2352204 
 6269 11.75      53   53     219    45     6240  -2100    27    36   266   269    45    377  248110  2352220                                                                                                                   
 6322 11.64      51   51      52    11     6292  -2152     7     8   273   278    11    388  248117  2352229 
 6394 11.50      49   49     122    25     6362  -2222    16    20   282   289    25    402  248126  2352240                                                                                                                   
 6488 11.25      49   49      92    19     6454  -2314    12    14   294   303    19    421  248138  2352254                                                                                                                   
 6533 11.37      49   49      44     9     6499  -2359     6     7   300   309     9    430  248144  2352260 
 6581 11.50      48   48      91    18     6546  -2406    12    14   306   316    18    439  248150  2352267                                                                                                                   
 6645 11.67      45   45      63    13     6608  -2468     9     9   315   326    13    452  248159  2352277 
 6676 11.75      44   44      93    19     6639  -2499    13    14   320   330    19    458  248164  2352281                                                                                                                   
 6774 11.75      46   46      96    20     6735  -2595    14    14   334   344    20    478  248178  2352295                                                                                                                   
 6836 11.25      50   50      61    12     6795  -2655     8     9   342   353    12    491  248186  2352304                                                                                                                   
 6899 11.25      52   52      62    12     6857  -2717     8    10   350   363    12    503  248194  2352314                                                                                                                   
 7020 11.01      50   50     119    23     6976  -2836    15    18   364   381    23    526  248208  2352332 
 7025 11.00      50   50     124    24     6981  -2841    15    19   365   382    24    527  248209  2352333                                                                                                                   
 7088 11.75      48   48      62    12     7043  -2903     8     9   373   391    12    540  248217  2352342                                                                                                                   
 7118 11.83      48   48      29     6     7072  -2932     4     5   377   396     6    546  248221  2352347 
 7179 12.00      47   47      89    19     7132  -2992    13    14   386   405    19    558  248230  2352356                                                                                                                   
 7188 12.03      47   47       9     2     7140  -3000     1     1   387   406     2    560  248231  2352357 
 7220 12.13      47   47      40     9     7172  -3032     6     6   392   411     9    567  248236  2352362 
 7335 12.50      46   46     152    33     7284  -3144    23    24   409   429    33    591  248253  2352380                                                                                                                   
 7435 12.27      44   44      98    21     7382  -3242    15    15   424   444    21    613  248268  2352395 
 7445 12.25      44   44     107    24     7391  -3251    17    17   425   446    23    615  248269  2352397                                                                                                                   
 7604 11.75      42   42     156    33     7547  -3407    24    23   449   468    33    648  248293  2352419                                                                                                                   
 7728 11.00      36   36     122    24     7669  -3529    19    15   468   484    24    672  248312  2352435                                                                                                                   
 7942 10.75      24   24     210    40     7879  -3739    35    20   503   504    38    710  248347  2352455 
 8129 11.75      32   32     183    36     8062  -3922    32    17   536   521    34    743  248380  2352472 
 8170 12.13      30   30      40     8     8102  -3962     7     4   543   525     8    751  248387  2352476 
 8209 12.49      29   29      38     8     8140  -4000     7     4   550   529     8    759  248394  2352480 
 8479 15.00      17   17     341    81     8403  -4263    74    34   609   555    73    816  248453  2352506 
 8597 16.00      15   15     114    32     8516  -4376    30     9   640   563    26    843  248484  2352514 
 8753 16.25      16   16     150    43     8666  -4526    42    12   681   575    36    878  248525  2352526 
 8909 17.25      16   16     149    45     8816  -4676    43    12   725   587    37    916  248569  2352538 
 9069 16.25      18   18     153    46     8969  -4829    44    13   769   601    39    954  248613  2352552 
 9220 15.00      19   19     145    41     9114  -4974    39    13   807   614    35    989  248651  2352565 
 9247 15.00      19   19      26     7     9140  -5000     7     2   814   616     6    995  248658  2352567 
 9442 15.00      21   21     214    57     9329  -5189    54    20   861   633    50   1039  248705  2352584 
 9567 14.50      19   19     121    32     9450  -5310    30    11   891   644    28   1066  248735  2352595 
 9660 14.50      19   19      90    23     9540  -5400    22     8   913   652    20   1086  248757  2352603 
