      WELL DATA SUMMARY                                                                                      
            
Well  BLM 34A-20    
                         
Sec Az  125 S 55 E  
Elev   4034 KB      
CoordsNorth  247499 East              2357243 
                         Course               
  MD  Drift Drift D. AzimLength  DH     TVD     SSD    DNS   DEW   N-S   E-W  DSec    Sec     N-LAM E-LAM    
_____________________________________________________________________________________________________________
                                                                                                             
    0  0.00      62  242     0     0        0   4034     0     0     0     0     0        0  247499  2357243 
   34  0.11      62  242    34     0       34   4000     0     0     0     0     0        0  247499  2357243 
  150  0.50      62  242   150     1      150   3884     0    -1     0    -1     0        0  247499  2357242 
  320  1.25      62  242   170     3      320   3714    -1    -2    -2    -3    -1       -1  247497  2357240 
  470  1.75      62  242   150     4      470   3564    -2    -3    -3    -6    -2       -3  247496  2357237 
  500  1.80      62  242    30     1      500   3534     0    -1    -4    -7     0       -4  247495  2357236 
  615  2.00      62  242   115     4      615   3419    -2    -3    -6   -11    -2       -5  247493  2357232 
  729  2.25      83  263   114     4      729   3305    -1    -4    -7   -15    -3       -8  247492  2357228 
  829  2.25      84  264   100     4      829   3205     0    -4    -7   -18    -3      -11  247492  2357225 
  947  2.50      89  269   118     5      947   3087     0    -5    -8   -23    -4      -15  247491  2357220 
 1000  2.40      89  269    53     2     1000   3034     0    -2    -8   -26    -2      -17  247491  2357217 
 1034  2.33      88  268    34     1     1034   3000     0    -1    -8   -27    -1      -18  247491  2357216 
 1076  2.25      88  268    76     3     1075   2959     0    -3    -8   -29    -2      -19  247491  2357214 
 1190  2.50      75  255   114     5     1189   2845    -1    -5    -8   -33    -3      -22  247491  2357210 
 1287  2.25      79  259    97     4     1286   2748    -1    -4    -9   -37    -3      -25  247490  2357206 
 1408  2.50      85  265   121     5     1407   2627    -1    -5   -10   -42    -4      -29  247489  2357201 
 1500  2.32      77  257    92     4     1499   2535    -1    -4   -11   -46    -3      -32  247488  2357197 
 1536  2.25      74  254    36     1     1535   2499     0    -1   -11   -47    -1      -33  247488  2357196 
 1642  2.50      89  269   106     4     1641   2393    -1    -4   -12   -52    -3      -36  247487  2357191 
 1727  2.75      78  258    85     4     1726   2308     0    -4   -12   -56    -3      -39  247487  2357187 
 1800  2.75      72  252    73     4     1799   2235    -1    -3   -13   -59    -2      -41  247486  2357184 
 1869  2.75      86  274    69     3     1868   2166     0    -3   -13   -62    -2      -43  247486  2357181 
 1900  2.75      78  282    31     1     1899   2135     0    -1   -13   -64    -1      -45  247486  2357179 
 1931  3.00      69  291    31     2     1930   2104     0    -1   -13   -65    -1      -46  247486  2357178 
 1993  2.50      67  293    62     3     1992   2042     1    -3   -12   -68    -3      -49  247487  2357175 
 2000  2.39      64  296     7     0     1999   2035     0     0   -12   -68     0      -49  247487  2357175 
 2025  2.00      54  306    25     1     2024   2010     0    -1   -11   -69    -1      -50  247488  2357174 
 2035  1.86      52  308    10     0     2034   2000     0     0   -11   -69     0      -51  247488  2357174 
 2060  1.50      46  314    35     1     2059   1975     1    -1   -10   -70    -1      -51  247489  2357173 
 2090  0.50      40  320    30     1     2089   1945     0     0   -10   -70    -1      -52  247489  2357173 
 2120  0.50      90   90    30     0     2119   1915     0     0   -10   -70     0      -52  247489  2357173 
 2153  1.00      88   92    33     0     2152   1882     0     0   -10   -70     0      -51  247489  2357173 
 2184  1.50      68  112    31     1     2183   1851     0     1   -10   -69     1      -51  247489  2357174 
 2216  2.50      57  123    32     1     2215   1819    -1     1   -11   -68     1      -50  247488  2357175 
 2247  3.00      53  127    31     1     2245   1789    -1     1   -12   -67     1      -48  247487  2357176 
 2313  5.50      52  128    66     5     2311   1723    -3     4   -15   -63     5      -43  247484  2357180 
 2385  5.50      48  132    72     7     2383   1651    -4     5   -19   -58     7      -37  247480  2357185 
 2500  6.64      49  131   114    12     2497   1537    -8     9   -27   -49    12      -24  247472  2357194 
 2687  8.50      50  130   185    25     2683   1351   -16    19   -43   -30    25        0  247456  2357213 
 2783 11.25      48  132    95    16     2777   1257   -11    12   -54   -18    16       16  247445  2357225 
 2955 11.50      59  121   169    34     2946   1088   -20    27   -74    10    34       50  247425  2357253 
 3000 11.87      60  120    44     9     2990   1044    -5     8   -79    17     9       59  247420  2357260 
 3045 12.25      60  120    44     9     3034   1000    -5     8   -84    25     9       69  247415  2357268 
 3106 12.75      61  119   104    23     3094    940   -11    20   -90    37    23       82  247409  2357280 
 3223 14.00      66  114   114    27     3207    827   -12    24  -102    61    27      109  247397  2357304 
 3306 16.75      67  113    80    22     3287    747    -9    20  -111    81    22      130  247388  2357324 
 3400 17.75      71  109    90    28     3377    657   -10    26  -121   107    27      157  247378  2357350 
 3467 18.75      79  101    64    21     3441    593    -5    20  -126   128    20      177  247373  2357371 
 3500 19.04      84   96    31    11     3472    562    -2    11  -128   138    10      187  247371  2357381 
 3524 19.25      87   93    23     8     3495    539    -1     8  -129   146     7      193  247370  2357389 
 3564 20.00      88   92    38    13     3532    502    -1    13  -129   160    11      205  247370  2357403 
 3624 20.00      83   97    56    21     3589    445    -2    20  -131   180    18      222  247368  2357423 
 3656 20.00      79  101    30    11     3619    415    -2    11  -133   191    10      232  247366  2357434 
 3687 19.25      76  104    29    10     3648    386    -2    10  -135   201    10      242  247364  2357444 
 3716 18.25      74  106    27     9     3675    359    -2     9  -137   210     9      251  247362  2357453 
 3782 18.00      67  113    63    21     3738    296    -7    19  -144   229    20      270  247355  2357472 
 3815 17.75      66  114    31    10     3770    264    -4     9  -148   239    10      280  247351  2357482 
 3855 18.25      69  111    38    12     3808    226    -5    11  -153   250    12      292  247346  2357493 
 3884 19.25      70  110    27     9     3835    199    -3     9  -156   259     9      301  247343  2357502 
 3947 20.75      71  109    59    22     3894    140    -7    20  -163   279    21      322  247336  2357522 
 3979 21.25      69  111    30    11     3924    110    -4    11  -167   290    11      333  247332  2357533 
 4000 22.05      69  111    20     8     3944     90    -3     7  -170   297     8      341  247329  2357540 
 4012 22.50      69  111    11     5     3955     79    -2     4  -172   301     4      345  247327  2357544 
 4043 23.25      70  110    29    12     3983     51    -4    11  -176   313    12      357  247323  2357556 
 4078 23.25      70  110    32    14     4016     18    -5    13  -181   326    13      370  247318  2357569 
 4098 23.25      70  110    18     8     4034      0    -3     7  -183   333     8      378  247316  2357576 
 4120 23.25      70  110    39    17     4054    -20    -6    16  -186   341    16      386  247313  2357584 
                                                                                                             
                                                                                                             
                                                                                                             
                                                                                                             
                                                                                                             
                                                                                                             
                                                                                                             
                                                                                                             
                                                                                                             
                                                                                                             
                                                                                                             
                                                                                                             
                                                                                                             
                                                                                                             
                                                                                                             
                                                                                                             
                                                                                                             
                                                                                                             
                                                                                                             
                                                                                                             
                                                                                                             
                                                                                                             
                                                                                                             
                                                                                                             
                                                                                                             
                                                                                                             
                                                                                                             
                                                                                                             
                                                                                                             
                                                                                                             
                                                                                                             
                                                                                                             
                                                                                                             
                                                                                                             
                                                                                                             
                                                                                                             
                                                                                                             
                                                                                                             
                                                                                                             
                                                                                                             
                                                                                                             
                                                                                                             
                                                                                                             
                                                                                                             
                                                                                                             
                                                                                                             
                                                                                                             
                                                                                                             
                                                                                                             
                                                                                                             
                                                                                                             
                                                                                                             
                                                                                                             
                                                                                                             
                                                                                                             
                                                                                                             
                                                                                                             
                                                                                                             
                                                                                                             
                                                                                                             
                                                                                                             
                                                                                                             
                                                                                                             
                                                                                                             
                                                                                                             
                                                                                                             
                                                                                                             
                                                                                                             
                                                                                                             
                                                                                                             
                                                                                                             
                                                                                                             
                                                                                                             
                                                                                                             
                                                                                                             
                                                                                                             
                                                                                                             
                                                                                                             
                                                                                                             
                                                                                                             
                                                                                                             
                                                                                                             
                                                                                                             
                                                                                                             
                                                                                                             
                                                                                                             
                                                                                                             
                                                                                                             
                                                                                                             
                                                                                                             
                                                                                                             
                                                                                                             
                                                                                                             
                                                                                                             
                                                                                                             
                                                                                                             
                                                                                                             
                                                                                                             
                                                                                                             
                                                                                                             
                                                                                                             
                                                                                                             
                                                                                                             
                                                                                                             
                                                                                                             
                                                                                                             
                                                                                                             
                                                                                                             
                                                                                                             
                                                                                                             
                                                                                                             
                                                                                                             
                                                                                                             
                                                                                                             
                                                                                                             
                                                                                                             
                                                                                                             
                                                                                                             
                                                                                                             
                                                                                                             
                                                                                                             
                                                                                                             
                                                                                                             
                                                                                                             
                                                                                                             
                                                                                                             
                                                                                                             
                                                                                                             
                                                                                                             
                                                                                                             
                                                                                                             
                                                                                                             
                                                                                                             
