  																
		#VALUE!	#VALUE!	#VALUE!	#VALUE!	#VALUE!	#VALUE!	#VALUE!	#VALUE!	#VALUE!	#VALUE!	#VALUE!	#VALUE!	#VALUE!	#VALUE!	#VALUE!
		WELL DATA SUMMARY														
		 														
	Well	BLM 72A-19RD SIDETRACK														
	 	 	 	 												
	Sec Azim	335	N25W													
	Elev	4172	KB													
 	Coords:	North	248938	East	2354363		2354363									
 					Course		 									
 	MD	Drift A.	Drift D.	Azim	Length	DH	TVD	SSD	DNS	DEW	N-S	E-W	DSec	Sec	N-LAM	E-LAM
 	_________	_________	_________	_________	_________	_________	_________	_________	_________	_________	_________	_________	_________	_________	____________	_________
 																
 	0	0.00	70	250				4172	0	0	0	0	0	0	248938	2354363
	172	0.78	70	250	172	1	172	4000	0	-1	0	-1	0	0	248938	2354362
	500	2.27	70	250	500	10	500	3672	-3	-9	-3	-9	1	1	248935	2354354
 	825	3.75	70	250	325	17	824	3348	-6	-16	-9	-25	1	2	248929	2354338
  KOP	850	3.84	70	250	25	2	849	3323	-1	-2	-10	-27	2	27	248928	2354336
 	864	3.00	77	257	14	1	863	3309	0	-1	-10	-28	0	27	248928	2354335
 	928	3.50	86	274	64	4	927	3245	0	-4	-11	-31	1	28	248927	2354332
 	991	4.75	81	279	63	5	990	3182	1	-5	-10	-36	2	31	248928	2354327
 	1023	5.00	85	275	32	3	1022	3150	0	-3	-10	-39	1	32	248928	2354324
 	1054	5.50	73	287	31	3	1052	3120	1	-3	-9	-41	2	34	248929	2354322
 	1085	5.25	71	289	31	3	1083	3089	1	-3	-8	-44	2	36	248930	2354319
 	1116	5.00	67	293	31	3	1114	3058	1	-3	-7	-47	2	38	248931	2354316
	1174	5.48	64	296	58	5	1172	3000	2	-5	-5	-52	4	42	248933	2354311
 	1176	5.50	64	296	60	5	1174	2998	2	-5	-5	-52	4	42	248933	2354311
 	1207	5.75	59	301	31	3	1205	2967	1	-3	-4	-54	2	44	248934	2354309
 	1239	6.00	51	309	32	3	1237	2935	2	-3	-2	-57	3	47	248936	2354306
 	1269	6.25	41	319	30	3	1266	2906	2	-2	1	-59	3	50	248939	2354304
 	1300	6.00	35	325	31	3	1297	2875	3	-2	3	-61	3	54	248941	2354302
 	1331	7.00	35	325	31	4	1328	2844	3	-2	6	-63	3	57	248944	2354300
 	1381	8.50	31	329	50	7	1378	2794	6	-4	12	-67	7	64	248950	2354296
 	1386	8.50	30	330	5	1	1383	2789	1	0	12	-67	1	64	248950	2354296
 	1450	8.25	21	339	63	9	1446	2726	8	-4	21	-72	9	74	248959	2354291
 	1543	8.50	21	339	92	14	1538	2634	13	-5	33	-76	14	87	248971	2354287
 	1637	9.00	26	334	93	14	1631	2541	13	-6	47	-82	14	102	248985	2354281
 	1729	8.75	26	334	91	14	1722	2450	13	-6	59	-88	14	116	248997	2354275
 	1821	8.50	27	333	91	14	1813	2359	12	-6	72	-94	14	129	249010	2354269
 	1883	9.00	36	324	61	9	1874	2298	8	-5	80	-99	9	139	249018	2354264
 	1942	8.75	36	324	58	9	1932	2240	7	-5	87	-105	9	148	249025	2354258
 	1974	8.75	28	332	32	5	1964	2208	4	-3	91	-107	5	153	249029	2354256
 	2005	9.00	22	338	31	5	1994	2178	4	-2	96	-109	5	157	249034	2354254
 	2060	8.25	11	349	54	8	2049	2123	8	-2	103	-112	8	166	249041	2354251
 	2154	8.75	11	349	93	14	2142	2030	14	-3	117	-114	13	179	249055	2354249
	2185	8.67	12	348	31	5	2172	2000	5	-1	122	-115	5	184	249060	2354248
 	2248	8.50	15	345	93	14	2235	1937	14	-3	131	-117	14	193	249069	2354246
 	2341	8.25	12	348	92	14	2327	1845	13	-3	144	-121	13	206	249082	2354242
 	2434	8.50	14	346	92	14	2419	1753	13	-3	157	-124	13	219	249095	2354239
 	2528	8.75	12	348	93	14	2512	1660	14	-3	171	-127	14	233	249109	2354236
 	2632	8.75	11	349	103	16	2615	1557	16	-3	186	-130	15	249	249124	2354233
 	2715	8.75	12	348	82	13	2697	1475	12	-3	199	-133	12	261	249137	2354230
LC	2759	9.45	12	348	43	7	2740	1432	7	-1	206	-134	7	268	249144	2354229
 	2809	10.25	12	348	93	16	2789	1383	15	-3	214	-136	15	276	249152	2354227
 	2900	11.00	15	345	89	17	2879	1293	16	-4	230	-140	16	292	249168	2354223
 	2992	11.00	17	343	90	18	2969	1203	17	-5	247	-145	17	310	249185	2354218
 	3086	11.75	21	339	92	19	3061	1111	18	-6	265	-151	18	328	249203	2354212
 	3183	11.75	20	340	95	20	3156	1016	19	-7	283	-157	20	348	249221	2354206
	3199	11.86	20	340	16	3	3172	1000	3	-1	286	-159	3	351	249224	2354204
 	3335	12.75	21	339	149	32	3305	867	30	-11	313	-169	32	380	249251	2354194
LC	3370	13.05	23	337	34	8	3339	833	7	-3	321	-172	8	388	249259	2354191
 	3423	13.50	25	335	86	20	3390	782	18	-8	332	-177	20	400	249270	2354186
 	3515	15.50	29	331	89	23	3479	693	21	-10	352	-187	23	423	249290	2354176
 	3606	14.25	27	333	88	23	3567	605	21	-11	373	-198	23	446	249311	2354165
 	3698	14.00	27	333	89	22	3657	515	20	-10	393	-208	22	469	249331	2354155
 	3822	14.25	30	330	120	30	3777	395	27	-14	420	-223	30	499	249358	2354140
 	3915	13.75	30	330	90	22	3867	305	19	-11	439	-234	22	521	249377	2354129
ST KOP	4030	14.53	27	333	112	28	3979	193	25	-13	464	-247	28	549	249402	2354116
 	4100	15.00	25	335	179	46	4046	126	41	-21	480	-255	46	567	249418	2354108
 	4197	16.29	23	337	93	26	4140	32	24	-11	504	-266	26	593	249442	2354097
	4231	15.45	20	340	33	9	4172	0	9	-3	512	-269	9	603	249450	2354094
 	4316	13.35	14	346	115	30	4255	-83	29	-10	533	-275	30	624	249471	2354088
	4375	12.50	14	346	58	13	4312	-140	13	-3	545	-279	13	637	249483	2354084
 	4436	12.25	17	343	117	27	4372	-200	26	-7	558	-282	26	650	249496	2354081
 	4530	12.50	18	342	209	48	4463	-291	46	-13	579	-289	47	671	249517	2354074
 	4594	11.50	20	340	63	13	4526	-354	13	-4	591	-293	13	684	249529	2354070
 	4686	9.50	12	348	90	17	4616	-444	16	-5	607	-298	17	701	249545	2354065
 	4749	9.00	14	346	62	10	4679	-507	10	-2	617	-300	10	711	249555	2354063
 	4842	10.25	8	352	92	16	4770	-598	15	-3	632	-303	15	726	249570	2354060
TD	4877	10.25	8	352	34	6	4805	-633	6	-1	639	-304	6	732	249577	2354059
