      WELL DATA SUMMARY                                                                                                                                                                                                          
            
Well  Navy II  23A-17    
                         
Sec Az  315    N45W 
Elev   4157 (KB)    
CoordsNorth  253421 East              2356066 
                         Course               
  MD  Drift Drift D. AzimLength  DH     TVD     SSD    DNS   DEW    N-S     E-W   DSec   Sec    N-LAM E-LAM    
_______________________________________________________________________________________________________________
                                                                                                                                                                                                                                 
    0  0.00       0  246     0     0        0   4157     0     0     0.0     0.0     0      0  253421  2356066                                                                                                                   
  157  0.49      43  246   157     1      157   4000     0    -1    -0.3    -0.6     0      0  253421  2356065 
  240  0.75      66  246   240     2      240   3917    -1    -1    -0.6    -1.4     1      1  253420  2356065 
  500  0.75      66  246   260     3      500   3657    -1    -3    -2.0    -4.5     1      2  253419  2356061 
  726  1.00      10   10   226    -3      726   3431     2    -3     0.1    -7.3     3      5  253421  2356059 
  982  0.75      49   49   256     4      982   3175     3     2     3.5    -5.3     1      6  253425  2356061 
 1157  0.92      32  244   175     3     1157   3000    -2     1     1.4    -3.9    -2      4  253422  2356062 
 1240  1.00      24  336   258    -4     1240   2917     4     1     7.4    -4.5     2      8  253428  2356062 
 1470  1.00      25  335   230     4     1470   2687     4    -2    11.0    -6.2     4     12  253432  2356060 
 1662  0.75      62  298   192     3     1662   2495     2    -2    13.1    -8.2     3     15  253434  2356058 
 1783  1.00      64  296   121     2     1783   2374     1    -2    14.0    -9.8     2     17  253435  2356056 
 1937  0.75      89   91   154     2     1937   2220    -2    -1    11.7   -10.4    -1     16  253433  2356056 
 2092  0.75      89  269   155     2     2092   2065    -2     0     9.7   -10.4    -1     14  253431  2356056 
 2157  0.85      61  241    65     1     2157   2000     0    -1     9.4   -11.2     0     15  253430  2356055 
 2248  1.00      21  201   156     2     2248   1909    -1    -2     8.3   -12.3     0     15  253429  2356054 
 2554  1.50       2  178   306     7     2554   1603    -7    -1     1.7   -13.4    -4     11  253423  2356053 
 2771  1.75      24  156   217     6     2771   1386    -6     1    -4.3   -12.0    -5      5  253417  2356054 
 2803  1.79      24  161    32     1     2803   1354    -1     0    -5.2   -11.7    -1      5  253416  2356054 
 3127  2.25      28  208   356    12     3126   1031   -12     0   -16.7   -12.5    -8     -3  253404  2356054 
 3131  2.25      28  208     4     0     3130   1027     0     0   -16.8   -12.5     0     -3  253404  2356053 
 3158  2.25      30  210    31     1     3157   1000    -1    -1   -17.8   -13.1     0     -3  253403  2356053 
 3307  2.25      37  217   180     7     3306    851    -6    -4   -22.7   -16.3    -2     -5  253398  2356050 
 3494  2.75      39  219   187     8     3493    664    -6    -5   -29.1   -21.3    -1     -6  253392  2356045 
 3685  2.50      34  214   191     9     3684    473    -7    -5   -36.1   -26.5    -1     -7  253385  2356040 
 3863  4.00      64  244   178    10     3862    295    -7    -8   -42.7   -34.1     1     -6  253378  2356032 
 4027  3.75      45  225   164    11     4025    132    -6    -9   -49.2   -43.1     2     -4  253372  2356023 
 4052  3.75      63  243    25     2     4050    107    -1    -1   -50.1   -44.5     0     -4  253371  2356022 
 4084  3.75      72  252    32     2     4082     75    -1    -2   -50.9   -46.4     1     -3  253370  2356020 
 4114  3.75      84  264    30     2     4112     45     0    -2   -51.4   -48.3     1     -2  253370  2356018 
 4148  3.50      87  273    34     2     4146     11     0    -2   -51.4   -50.5     1     -1  253370  2356016 
 4153  3.63      85  275     5     0     4151      6     0     0   -51.4   -50.8     0      0  253370  2356015 
 4159  3.78      83  277     6     0     4157      0     0     0   -51.4   -51.1     0      0  253370  2356015 
 4178  4.25      76  284    30     2     4176    -19     0    -2   -51.1   -52.5     2      1  253370  2356014 
 4209  5.25      73  287    31     3     4207    -50     1    -2   -50.4   -54.9     2      3  253371  2356011 
 4241  5.75      71  289    32     3     4239    -82     1    -3   -49.5   -57.8     3      6  253372  2356008 
 4270  6.75      64  296    29     3     4267   -110     1    -3   -48.3   -60.8     3      9  253373  2356005 
 4336  8.25      53  307    65     9     4333   -176     5    -7   -43.8   -68.1     8     17  253377  2355998 
 4399  9.00      56  304    62     9     4395   -238     5    -8   -38.3   -75.8     9     27  253383  2355990 
 4461  9.00      60  300    61    10     4456   -299     5    -8   -33.1   -84.0     9     36  253388  2355982 
 4522  9.75      59  301    60    10     4517   -360     5    -9   -28.1   -92.6    10     46  253393  2355973 
 4585 10.50      61  299    62    11     4579   -422     6   -10   -22.6  -102.2    11     56  253398  2355964 
 4646 10.75      61  299    60    11     4639   -482     5   -10   -17.1  -112.0    11     67  253404  2355954 
 4708 12.00      61  299    61    12     4699   -542     6   -11   -11.2  -122.7    12     79  253410  2355943 
 4765 12.00      59  301    56    12     4755   -598     6   -10    -5.3  -133.0    11     90  253416  2355933 
 4795 12.00      59  301    29     6     4784   -627     3    -5    -2.0  -138.3     6     96  253419  2355928 
 4826 12.75      60  300    30     7     4815   -658     3    -6     1.3  -144.0     6    103  253422  2355922 
 4858 13.00      61  299    31     7     4846   -689     4    -6     4.8  -150.3     7    110  253426  2355916 
 4896 14.25      62  298    37     9     4883   -726     4    -8     9.1  -158.1     9    118  253430  2355908 
 4958 15.50      66  294    60    16     4943   -786     7   -14    16.1  -172.4    15    133  253437  2355894 
 5043 16.00      65  295    82    23     5025   -868    10   -21    25.7  -193.4    22    155  253447  2355873 
 5074 15.50      63  297    30     8     5054   -897     4    -8    29.3  -201.0     8    163  253450  2355865 
 5104 15.00      62  298    29     8     5083   -926     4    -7    33.0  -208.0     8    170  253454  2355858 
 5136 14.25      58  302    31     8     5114   -957     4    -7    37.0  -215.0     8    178  253458  2355851 
 5167 13.50      56  304    30     7     5144   -987     4    -6    41.1  -221.2     7    185  253462  2355845 
 5180 13.50      55  303    13     3     5157  -1000     2    -3    42.8  -223.7     3    188  253464  2355842 
 5198 13.50      53  302    30     7     5175  -1018     4    -6    45.0  -227.3     7    193  253466  2355839 
 5266 14.25      52  308    66    16     5241  -1084     9   -13    54.4  -240.6    16    209  253475  2355825 
 5259 15.75      53  307    -7    -2     5234  -1077    -1     1    53.3  -239.2    -2    207  253474  2355827 
 5449 18.00      49  311   182    55     5416  -1259    35   -43    88.0  -282.1    55    262  253509  2355784 
 5587 19.50      52  308   131    44     5546  -1389    28   -34   116.2  -316.3    44    306  253537  2355750 
 5681 19.75      53  307    89    32     5635  -1478    19   -25   135.4  -341.3    31    337  253556  2355725 
 5775 19.25      50  310    89    31     5723  -1566    20   -25   154.9  -365.9    31    368  253576  2355700 
 5869 19.50      51  309    89    31     5812  -1655    20   -24   174.8  -390.0    31    399  253596  2355676 
 5963 19.00      54  306    89    31     5901  -1744    19   -25   193.6  -414.5    31    430  253615  2355651 
 6085 19.00      53  307   115    40     6016  -1859    24   -32   217.3  -446.5    39    469  253638  2355620 
 6180 19.00      53  307    90    31     6106  -1949    19   -25   235.9  -471.2    31    500  253657  2355595 
 6234 19.29      54  306    51    18     6157  -2000    11   -14   246.5  -485.4    18    517  253667  2355581 
 6273 19.50      54  306    88    31     6194  -2037    18   -25   254.1  -495.8    30    530  253675  2355570 
 6369 19.75      52  308    90    32     6284  -2127    19   -26   273.5  -521.6    32    562  253695  2355544 
 6461 20.00      56  304    87    31     6371  -2214    18   -25   291.9  -546.9    31    593  253713  2355519 
 6595 20.25      54  306   126    46     6497  -2340    26   -38   318.4  -584.6    45    639  253739  2355481 
 6690 20.25      56  304    89    33     6586  -2429    19   -27   337.2  -611.6    32    671  253758  2355454 
 6784 21.00      53  307    88    33     6674  -2517    19   -27   356.4  -638.5    33    704  253777  2355427 
 6878 21.00      52  308    88    34     6761  -2604    21   -27   377.0  -665.3    33    737  253798  2355401 
 6972 21.00      55  305    88    34     6849  -2692    20   -27   397.0  -692.3    33    770  253818  2355374 
 7070 20.75      54  306    92    35     6941  -2784    20   -28   417.3  -720.8    34    805  253838  2355345 
 7164 20.25      55  305    88    33     7029  -2872    19   -27   436.4  -747.6    32    837  253857  2355318 
 7258 19.75      54  306    88    32     7117  -2960    19   -26   455.1  -773.7    32    869  253876  2355292 
 7300 19.63      54  306    40    14     7157  -3000     8   -11   463.4  -785.2    14    883  253884  2355281 
 7385 19.38      53  307   120    43     7237  -3080    25   -34   480.5  -807.8    42    911  253901  2355258 
 7597 18.75      50  310   320   112     7437  -3280    69   -88   523.9  -861.8   111    980  253945  2355204 
 7714 20.25      46  314   110    39     7548  -3391    26   -29   550.0  -890.8    39   1019  253971  2355175 
 7839 23.00      48  312   116    46     7664  -3507    31   -34   581.4  -924.5    46   1065  254002  2355141 
 7964 24.50      47  313   114    50     7778  -3621    34   -37   615.4  -961.6    50   1115  254036  2355104 
 8015 24.50      47  313    46    21     7825  -3668    14   -15   629.9  -977.1    21   1136  254051  2355089 
