      WELL DATA SUMMARY REPORT                                                                             
                                                                                                           
Well  Navy II 37-17                                                                                        
                                                                                                           
Sec Az  243                                                                                                
Elev   3943 KB                                                                                             
CoordsNorth 251023 East             2357075                                                                
                        Course                                                                             
  MD  Drift Drift D AzimLength  DH     TVD    SSD    DNS   DEW   N-S   E-W  DSec   Sec     N-LAM     E-LAM 
____________________________________________________________________________________________________________     
                                                                                                           
    0  0.00     39  219                       3943     0     0     0     0     0     0      251023 2357075 
  203  0.50     39  219   203     1     203   3740    -1    -1    -1    -1     1     1      251022 2357074 
  296  0.25     39  219    93     1     296   3647     0     0    -1    -1     1     1      251022 2357074 
  466  0.50     39  219   170     1     466   3477    -1    -1    -2    -2     1     2      251021 2357073 
  500  0.73     39  219    34     0     500   3443     0     0    -2    -2     0     3      251021 2357073 
  578  1.25     39  219    78     1     578   3365    -1    -1    -3    -3     1     4      251020 2357072 
  715  1.50     22  202   137     3     715   3228    -3    -2    -6    -4     3     7      251017 2357071 
  859  2.00     29  209   144     4     859   3084    -4    -2   -10    -6     3    10      251013 2357069 
  943  2.15     32  212    84     3     943   3000    -3    -2   -13    -8     3    13      251010 2357067 
 1000  2.25     34  214   141     5    1000   2943    -4    -3   -15    -9     4    15      251008 2357066 
 1122  2.50     46  226   122     5    1122   2821    -4    -3   -18   -12     5    19      251005 2357063 
 1268  3.25     29  209   146     7    1267   2676    -6    -4   -24   -17     7    26      250999 2357058 
 1369  3.25     46  226   101     6    1368   2575    -5    -3   -29   -20     5    31      250994 2357055 
 1500  3.46     43  223   131     8    1499   2444    -5    -5   -34   -26     7    38      250989 2357049 
 1524  3.50     42  222    24     1    1523   2420    -1    -1   -35   -27     1    40      250988 2357048 
 1684  3.75     35  215   160    10    1683   2260    -8    -6   -43   -33     9    49      250980 2357042 
 1744  4.00     40  220    60     4    1743   2200    -3    -2   -47   -35     4    53      250976 2357040 
 1774  4.50     34  214    30     2    1773   2170    -2    -1   -48   -37     2    55      250975 2357038 
 1805  5.25     39  219    31     3    1803   2140    -2    -2   -50   -38     2    57      250973 2357037 
 1837  5.50     41  221    32     3    1835   2108    -2    -2   -53   -40     3    60      250970 2357035 
 1866  6.00     44  224    29     3    1864   2079    -2    -2   -55   -42     3    62      250968 2357033 
 1899  6.25     50  230    33     4    1897   2046    -2    -3   -57   -45     3    66      250966 2357030 
 1929  6.50     58  238    30     3    1927   2016    -2    -3   -59   -47     3    69      250964 2357028 
 1945  6.75     57  237    16     2    1943   2000    -1    -2   -60   -49     2    71      250963 2357026 
 1961  7.00     55  235    32     4    1959   1984    -2    -3   -61   -51     4    73      250962 2357024 
 1993  7.50     51  231    32     4    1990   1953    -2    -3   -64   -54     4    77      250959 2357021 
 2000  7.53     51  231     7     1    1997   1946    -1    -1   -64   -54     1    78      250959 2357021 
 2180  8.25     44  224   178    25    2176   1767   -17   -18   -81   -73    24   101      250942 2357002 
 2245  9.75     49  229    64    10    2240   1703    -7    -7   -88   -80    10   111      250935 2356995 
 2338 11.50     44  224    91    17    2331   1612   -12   -12  -100   -92    16   128      250923 2356983 
 2429 14.00     43  223    89    20    2420   1523   -15   -14  -114  -106    19   147      250909 2356969 
 2492 15.75     42  222    61    16    2481   1462   -12   -11  -126  -117    15   162      250897 2356958 
 2500 15.87     42  222     8     2    2488   1455    -2    -1  -128  -119     2   164      250895 2356956 
 2559 16.75     40  220    57    17    2545   1398   -13   -11  -140  -129    15   179      250883 2356946 
 2653 17.00     40  220    90    27    2635   1308   -21   -18  -161  -147    25   204      250862 2356928 
 2764 18.25     42  222   106    34    2741   1202   -25   -22  -187  -169    31   235      250836 2356906 
 2897 19.00     39  219   126    42    2867   1076   -32   -28  -219  -197    39   275      250804 2356878 
 2963 19.75     41  221    62    22    2929   1014   -17   -14  -236  -211    20   295      250787 2356864 
 2978 19.47     41  221    14     5    2943   1000    -4    -3  -240  -214     5   300      250783 2356861 
 3000 19.07     42  222    35    12    2964    979    -9    -8  -245  -219    11   306      250778 2356856 
 3031 18.50     42  222    29    10    2993    950    -7    -7  -253  -225     9   316      250770 2356850 
 3064 18.25     44  224    31    10    3025    918    -8    -7  -260  -233    10   325      250763 2356842 
 3096 18.50     47  227    30    10    3055    888    -7    -7  -267  -240    10   335      250756 2356835 
 3127 18.75     50  230    29    10    3084    859    -7    -7  -274  -247    10   345      250749 2356828 
 3231 17.75     57  237    99    33    3183    760   -19   -26  -293  -273    32   377      250730 2356802 
 3293 17.00     56  236    59    19    3242    701   -10   -15  -303  -289    18   395      250720 2356786 
 3348 17.00     59  239    53    16    3295    648    -9   -14  -312  -302    16   411      250711 2356773 
 3378 16.75     61  241    29     9    3324    619    -4    -8  -316  -310     9   420      250707 2356765 
 3409 16.75     63  243    30     9    3353    590    -4    -8  -321  -318     9   429      250702 2356757 
 3440 16.75     66  246    30     9    3383    560    -4    -8  -324  -326     9   438      250699 2356749 
 3500 16.65     71  251    57    17    3441    502    -6   -16  -331  -342    17   455      250692 2356733 
 3583 16.50     78  258    80    24    3520    423    -6   -23  -337  -365    23   478      250686 2356710 
 3653 16.20     77  257    67    20    3587    356    -4   -19  -341  -384    19   497      250682 2356691 
 3701 16.00     77  257    46    13    3633    310    -3   -13  -344  -397    13   510      250679 2356678 
 3761 16.75     77  257    58    17    3691    252    -4   -16  -348  -413    16   526      250675 2356662 
 3824 17.75     77  257    60    19    3751    192    -4   -18  -352  -432    18   544      250671 2356643 
 3917 20.00     76  256    88    30    3839    104    -7   -29  -359  -461    29   574      250664 2356614 
 4000 20.88     74  254    78    29    3917     26    -7   -28  -367  -489    28   602      250656 2356586 
 4011 21.00     74  254    10     4    3927     16    -1    -4  -368  -493     4   606      250655 2356582 
 4028 21.18     74  254    16     6    3943      0    -2    -6  -369  -499     6   612      250654 2356576 
 4104 22.00     74  254    87    34    4014    -71    -9   -33  -377  -525    33   639      250646 2356550 
 4227 22.50     76  256   114    47    4127   -184   -12   -45  -389  -570    46   685      250634 2356505 
 4237 22.54     76  256     9     4    4137   -194    -1    -4  -390  -574     4   689      250633 2356501 
 4353 23.00     74  254   107    45    4244   -301   -12   -43  -402  -618    44   733      250621 2356457 
 4446 24.00     74  254    85    37    4329   -386   -10   -36  -412  -653    36   769      250611 2356422 
 4462 23.96     74  254    15     7    4344   -401    -2    -6  -414  -659     6   775      250609 2356416 
 4500 23.86     73  253    35    15    4378   -435    -4   -15  -418  -674    15   791      250605 2356401 
 4517 23.81     73  253    16     7    4394   -451    -2    -7  -420  -681     7   797      250603 2356394 
 4541 23.75     73  253    22    10    4416   -473    -3    -9  -423  -690    10   807      250600 2356385 
 4620 23.96     72  252    72    32    4488   -545   -10   -30  -432  -721    32   838      250591 2356354 
 4635 24.00     72  252    14     6    4502   -559    -2    -6  -434  -726     6   844      250589 2356349 
 4680 24.00     72  252    41    18    4543   -600    -6   -17  -440  -744    18   862      250583 2356331 
 4687 24.00     72  252     6     3    4549   -606    -1    -3  -441  -746     3   865      250582 2356329 
 4973 24.25     72  252   261   117    4810   -867   -36  -111  -477  -858   115   981      250546 2356217 
 5000 24.25     72  252    25    11    4835   -892    -3   -11  -480  -868    11   992      250543 2356207 
 5099 24.25     72  252    90    41    4925   -982   -13   -39  -493  -907    40  1032      250530 2356168 
 5119 24.28     72  252    18     8    4943  -1000    -3    -8  -496  -915     8  1040      250527 2356160 
 5220 24.45     70  250   110    50    5035  -1092   -16   -47  -509  -954    49  1081      250514 2356121 
 5253 24.50     70  250    30    14    5065  -1122    -5   -13  -514  -967    14  1095      250509 2356108 
 5379 24.00     71  251   115    52    5180  -1237   -17   -49  -531 -1016    51  1146      250492 2356059 
 5500 24.80     69  249   110    50    5291  -1348   -17   -47  -548 -1063    50  1196      250475 2356012 
 5500 24.80     69  249     0     0    5291  -1348     0     0  -548 -1063     0  1196      250475 2356012 
 5531 25.00     69  249    28    13    5319  -1376    -5   -12  -553 -1075    13  1209      250470 2356000 
 5626 25.00     66  246    86    40    5405  -1462   -15   -37  -568 -1112    40  1249      250455 2355963 
 5854 22.77     66  246   208    92    5613  -1670   -38   -84  -605 -1196    92  1341      250418 2355879 
 5933 22.00     66  246    73    30    5686  -1743   -12   -27  -618 -1224    30  1371      250405 2355851 
 6000 21.08     67  247    62    25    5749  -1806   -10   -23  -627 -1246    25  1395      250396 2355829 
 6042 20.50     68  248    39    15    5788  -1845    -6   -14  -633 -1260    15  1410      250390 2355815 
 6207 19.30     67  247   155    56    5943  -2000   -21   -52  -654 -1312    56  1466      250369 2355763 
 6316 18.50     67  247   258    91    6046  -2103   -35   -85  -668 -1345    91  1501      250355 2355730 
 6500 17.85     61  241   175    57    6221  -2278   -25   -52  -693 -1396    57  1559      250330 2355679 
 6600 17.50     58  238    95    30    6316  -2373   -15   -26  -709 -1423    30  1589      250314 2355652 
 6655 17.50     58  238    52    17    6369  -2426    -9   -14  -717 -1437    16  1606      250306 2355638 
                                                                                                           
                                                                                                           
                                                                                                           
                                                                                                           
                                                                                                           
                                                                                                           
                                                                                                           
                                                                                                           
                                                                                                           
                                                                                                           
                                                                                                           
                                                                                                           
                                                                                                           
                                                                                                           
                                                                                                           
                                                                                                           
                                                                                                           
                                                                                                           
                                                                                                           
                                                                                                           
                                                                                                           
                                                                                                           
                                                                                                           
                                                                                                           
                                                                                                           
                                                                                                           
                                                                                                           
                                                                                                           
                                                                                                           
                                                                                                           
                                                                                                           
                                                                                                           
                                                                                                           
                                                                                                           
                                                                                                           
                                                                                                           
                                                                                                           
                                                                                                           
                                                                                                           
                                                                                                           
                                                                                                           
                                                                                                           
                                                                                                           
                                                                                                           
                                                                                                           
                                                                                                           
                                                                                                           
                                                                                                           
                                                                                                           
                                                                                                           
                                                                                                           
                                                                                                           
                                                                                                           
                                                                                                           
                                                                                                           
                                                                                                           
                                                                                                           
                                                                                                           
                                                                                                           
                                                                                                           
                                                                                                           
                                                                                                           
                                                                                                           
                                                                                                           
                                                                                                           
                                                                                                           
                                                                                                           
                                                                                                           
                                                                                                           
                                                                                                           
                                                                                                           
                                                                                                           
                                                                                                           
                                                                                                           
                                                                                                           
                                                                                                           
                                                                                                           
                                                                                                           
                                                                                                           
                                                                                                           
                                                                                                           
                                                                                                           
                                                                                                           
                                                                                                           
                                                                                                           
                                                                                                           
                                                                                                           
                                                                                                           
                                                                                                           
                                                                                                           
                                                                                                           
                                                                                                           
                                                                                                           
                                                                                                           
                                                                                                           
                                                                                                           











                                                                                                           
