      WELL DATA SUMMARY                                                                                   
            
Well  NAVY I 24A-8  
                         
Sec Az  315         
Elev   4294 KB      
CoordsNorth  257965 East              2356199 
                         Course               
  MD  Drift Drift D. AzimLength  DH     TVD     SSD    DNS   DEW   N-S   E-W  DSec   Sec   N-LAM E-LAM    
__________________________________________________________________________________________________________
                                                                                                          
    0  0.00      22  202                        4294     0     0     0     0     0     0  257965  2356199 
  157  1.75      22  202   157     2      157   4137    -2    -1    -2    -1    -1    -1  257963  2356198 
  294  1.97      22  202   137     4      294   4000    -4    -2    -6    -3    -2    -3  257959  2356196 
  310  2.00      22  202   153     5      310   3984    -5    -2    -7    -3    -2    -3  257958  2356196 
  450  2.25      22  202   140     5      450   3844    -5    -2   -12    -5    -2    -5  257953  2356194 
  478  2.75      50  310    28     1      478   3816     0    -1   -12    -6     1    -4  257953  2356193 
  500  2.28      56  265    22     1      500   3794     0    -1   -12    -7     1    -3  257953  2356192 
  513  2.00      59  239    13     0      513   3781     0     0   -12    -7     0    -3  257953  2356192 
  549  2.25       2  182    36     1      549   3745    -1    -1   -13    -8     0    -4  257952  2356191 
  580  1.50      23  203    31     1      580   3714    -1     0   -14    -8    -1    -4  257951  2356191 
  611  1.25      63  243    31     1      611   3683    -1    -1   -15    -9     0    -4  257950  2356190 
  643  1.75      85  265    32     1      643   3651     0    -1   -15    -9     0    -4  257950  2356190 
  675  2.25      87  273    32     1      675   3619     0    -1   -15   -11     1    -3  257950  2356188 
  706  3.00      66  294    31     1      706   3588     0    -1   -14   -12     1    -2  257951  2356187 
  737  3.75      67  293    31     2      737   3557     1    -2   -14   -14     2     0  257951  2356185 
  795  5.75      59  301    58     5      794   3500     2    -4   -12   -18     5     5  257953  2356181 
  829  5.75      53  307    34     3      828   3466     2    -3   -10   -21     3     8  257955  2356178 
  859  6.50      52  308    30     3      858   3436     2    -3    -8   -23     3    11  257957  2356176 
  891  7.50      52  308    32     4      890   3404     2    -3    -5   -26     4    15  257960  2356173 
  922  8.25      52  308    31     4      921   3373     3    -3    -3   -30     4    19  257962  2356169 
  953  9.25      52  308    31     5      951   3343     3    -4     0   -33     5    24  257965  2356166 
  983 10.25      50  310    30     5      981   3313     3    -4     3   -37     5    29  257968  2356162 
 1000 10.91      51  309    17     3      997   3297     2    -2     5   -40     3    32  257970  2356159 
 1015 11.50      52  308    15     3     1012   3282     2    -2     7   -42     3    35  257972  2356157 
 1047 12.25      50  310    31     7     1043   3251     4    -5    11   -47     7    41  257976  2356152 
 1078 13.25      49  311    30     7     1074   3220     4    -5    16   -52     7    48  257981  2356147 
 1109 14.50      48  312    30     7     1104   3190     5    -6    21   -58     7    56  257986  2356141 
 1184 17.00      42  318    72    20     1176   3118    14   -14    35   -72    20    76  258000  2356127 
 1245 17.25      40  320    58    18     1234   3060    14   -12    49   -84    18    94  258014  2356115 
 1308 17.25      42  318    60    19     1294   3000    14   -12    63   -96    19   113  258028  2356103 
 1370 16.50      40  320    59    18     1354   2940    14   -12    76  -108    18   131  258041  2356091 
 1463 18.00      41  319    89    28     1443   2851    21   -18    97  -126    27   158  258062  2356073 
 1500 18.45      41  319    35    12     1478   2816     9    -8   106  -134    12   170  258071  2356065 
 1525 18.75      41  319    24     8     1501   2793     6    -5   112  -139     8   178  258077  2356060 
 1588 20.25      42  318    59    21     1561   2733    16   -14   128  -153    21   199  258093  2356046 
 1697 20.75      43  317   102    38     1663   2631    28   -26   156  -179    38   237  258121  2356020 
 1819 20.75      42  318   114    43     1777   2517    32   -29   188  -208    43   280  258153  2355991 
 1973 20.75      44  316   144    55     1921   2373    40   -37   228  -245    55   334  258193  2355954 
 2000 20.62      44  316    25    10     1946   2348     7    -7   235  -252    10   344  258200  2355947 
 2126 20.00      45  315   118    44     2064   2230    31   -31   266  -282    44   388  258231  2355917 
 2219 20.25      46  314    87    32     2152   2142    22   -23   288  -305    32   420  258253  2355894 
 2308 20.00      43  317    84    31     2235   2059    22   -21   310  -327    31   450  258275  2355872 
 2370 21.00      43  317    58    22     2293   2001    16   -15   326  -342    22   472  258291  2355857 
 2371 21.01      43  317     1     0     2294   2000     0     0   326  -342     0   472  258291  2355857 
 2431 21.75      42  318    57    22     2350   1944    16   -15   342  -357    22   494  258307  2355842 
 2492 22.50      42  318    57    23     2407   1887    17   -15   359  -372    23   517  258324  2355827 
 2500 22.43      42  318     7     3     2414   1880     2    -2   362  -374     3   520  258327  2355825 
 2581 21.75      41  319    75    30     2489   1805    23   -20   384  -394    30   551  258349  2355805 
 2670 21.00      42  318    83    32     2572   1722    24   -21   409  -416    32   583  258374  2355783 
 2736 21.25      43  317    62    24     2634   1660    18   -16   426  -432    24   607  258391  2355767 
 2830 19.75      42  318    88    33     2722   1572    24   -22   451  -454    33   640  258416  2355745 
 2891 19.00      43  317    58    20     2779   1515    15   -14   466  -468    20   660  258431  2355731 
 2951 19.75      44  316    57    20     2836   1458    14   -14   480  -481    20   680  258445  2355718 
 3000 19.88      43  317    46    17     2882   1412    12   -11   492  -493    17   696  258457  2355706 
 3045 20.00      42  318    42    15     2924   1370    11   -10   503  -503    15   712  258468  2355696 
 3199 20.00      44  316   145    53     3069   1225    39   -36   542  -539    53   764  258507  2355660 
 3351 21.25      42  318   142    54     3211   1083    39   -37   581  -576    54   818  258546  2355623 
 3440 21.40      43  317    83    32     3294   1000    24   -22   605  -597    32   850  258570  2355602 
 3500 21.50      43  317   139    54     3350    944    40   -37   621  -612    54   872  258586  2355587 
 3503 21.50      43  317     3     1     3353    941     1    -1   622  -613     1   873  258587  2355586 
 3658 24.00      42  318   143    60     3496    798    44   -40   666  -653    60   933  258631  2355546 
 3751 25.00      43  317    85    39     3580    714    28   -26   694  -680    39   972  258659  2355519 
 3843 25.52      42  318    83    39     3663    631    29   -27   723  -706    39  1011  258688  2355493 
 3929 26.00      42  318   161    77     3741    553    56   -52   751  -731    77  1048  258716  2355468 
 3937 26.04      42  318     7     4     3748    546     3    -2   754  -734     4  1052  258719  2355465 
 4000 26.38      42  318    64    31     3805    489    23   -21   774  -752    31  1079  258739  2355447 
 4022 26.50      42  318    20    10     3824    470     7    -7   782  -759    10  1089  258747  2355440 
 4144 26.25      41  319   109    54     3934    360    41   -36   822  -795    54  1143  258787  2355404 
 4183 26.50      44  316    35    17     3969    325    13   -12   835  -806    17  1161  258800  2355393 
 4274 27.00      44  316    81    41     4050    244    29   -28   864  -835    41  1202  258829  2355364 
 4366 28.00      45  315    82    42     4131    163    30   -30   895  -865    42  1244  258860  2355334 
 4458 29.50      46  314    81    44     4212     82    31   -32   926  -896    44  1288  258891  2355303 
 4500 29.84      46  314    36    21     4249     45    14   -15   940  -911    21  1309  258905  2355288 
 4551 30.25      47  313    44    26     4293      1    18   -19   958  -930    26  1335  258923  2355269 
 4552 30.26      47  313     1     1     4294      0     0     0   958  -930     1  1335  258923  2355269 
 4644 31.00      47  313    80    47     4373    -79    32   -35   990  -964    47  1382  258955  2355235 
 4735 32.00      47  313    78    48     4450   -156    32   -35  1022  -999    48  1429  258987  2355200 
 4829 31.75      47  313    80    50     4530   -236    34   -36  1056 -1036    50  1479  259021  2355163 
 4922 31.25      47  313    79    49     4609   -315    33   -36  1089 -1071    49  1528  259054  2355128 
 5000 31.89      45  315    66    41     4676   -382    28   -29  1118 -1101    41  1568  259083  2355098 
 5013 32.00      45  315    11     7     4687   -393     5    -5  1122 -1105     7  1575  259087  2355094 
 5102 33.25      45  315    75    48     4762   -468    34   -34  1156 -1139    48  1623  259121  2355060 
 5194 34.75      45  315    76    51     4838   -544    36   -36  1193 -1176    51  1675  259158  2355023 
 5254 35.00      45  315    49    34     4887   -593    24   -24  1217 -1200    34  1709  259182  2354999 
 5500 32.71      45  315   204   137     5092   -798    97   -97  1314 -1297   137  1846  259279  2354902 
 5542 32.31      45  315    35    23     5127   -833    16   -16  1330 -1313    23  1869  259295  2354886 
 5656 31.25      45  315    97    60     5224   -930    42   -42  1372 -1355    60  1929  259337  2354844 
 5738 31.25      45  315    70    43     5294  -1000    30   -30  1402 -1385    43  1971  259367  2354814 
 5790 31.25      45  315   115    70     5339  -1045    49   -49  1421 -1404    70  1998  259386  2354795 
 5930 31.25      45  315   120    73     5458  -1164    51   -51  1473 -1456    73  2071  259438  2354743 
 6000 32.03      45  315    60    37     5518  -1224    26   -26  1499 -1482    37  2108  259464  2354717 
 6065 32.75      45  315    55    35     5573  -1279    25   -25  1523 -1506    35  2142  259488  2354693 
 6147 30.40      45  315    70    43     5643  -1349    30   -30  1554 -1537    43  2185  259519  2354662 
 6205 28.74      45  315    50    29     5693  -1399    20   -20  1574 -1557    29  2214  259539  2354642 
 6264 27.05      45  315    52    28     5745  -1451    20   -20  1594 -1576    28  2242  259559  2354623 
 6500 20.29      45  315   216    95     5961  -1667    67   -67  1661 -1643    95  2336  259626  2354556 
 6650 16.00      45  315   143    47     6104  -1810    33   -33  1694 -1677    47  2383  259659  2354522 
 6680 16.00      45  315    29     8     6133  -1839     6    -6  1699 -1682     8  2391  259664  2354517 
 6695 16.00      45  315    14     4     6147  -1853     3    -3  1702 -1685     4  2395  259667  2354514 
                                                                                                          
                                                                                                          
                                                                                                          
                                                                                                          
                                                                                                          
                                                                                                          
                                                                                                          
                                                                                                          
                                                                                                          
                                                                                                          
                                                                                                          
                                                                                                          
                                                                                                          
                                                                                                          
                                                                                                          
                                                                                                          
                                                                                                          
                                                                                                          
                                                                                                          
                                                                                                          
                                                                                                          
                                                                                                          
                                                                                                          
                                                                                                          
                                                                                                          
                                                                                                          
                                                                                                          
                                                                                                          
                                                                                                          
                                                                                                          
                                                                                                          
                                                                                                          
                                                                                                          
                                                                                                          
                                                                                                          
                                                                                                          
                                                                                                          
                                                                                                          
                                                                                                          
                                                                                                          
                                                                                                          
                                                                                                          
                                                                                                          
                                                                                                          
                                                                                                          
                                                                                                          
                                                                                                          
                                                                                                          
                                                                                                          
                                                                                                          
                                                                                                          
                                                                                                          
                                                                                                          
                                                                                                          
                                                                                                          
                                                                                                          
                                                                                                          
                                                                                                          
                                                                                                          
                                                                                                          
                                                                                                          
                                                                                                          
                                                                                                          
                                                                                                          
                                                                                                          
                                                                                                          
                                                                                                          
                                                                                                          
                                                                                                          
                                                                                                          
                                                                                                          
                                                                                                          
                                                                                                          
                                                                                                          
                                                                                                          
                                                                                                          
                                                                                                          
                                                                                                          
                                                                                                          
                                                                                                          
                                                                                                          
                                                                                                          
                                                                                                          
                                                                                                          
                                                                                                          
                                                                                                          
                                                                                                          
                                                                                                          
                                                                                                          
                                                                                                          
                                                                                                          
                                                                                                          
                                                                                                          
                                                                                                          
                                                                                                          
                                                                                                          
                                                                                                          
                                                                                                          
                                                                                                          
                                                                                                          
                                                                                                          
                                                                                                          
                                                                                                          
                                                                                                          
                                                                                                          
