      WELL DATA SUMMARY                                                                                        
            
Well  NAVY I 24B-8  
                         
Sec Az  235 S 55 W  
Elev   4294 KB      
CoordsNorth  257963 East       2356263  2356263 
                         Course                 
  MD  Drift Drift D. AzimLength   DH      TVD     SSD    DNS   DEW   N-S   E-W  DSec    Sec     N-LAM E-LAM    
_______________________________________________________________________________________________________________
                                                                                                               
    0  0.00      89  280     0       0        0   4294     0     0     0     0     0        0  257963  2356263 
  130  0.25      80  280   130       0      130   4164     0     0     0     0     0        0  257963  2356263 
  205  0.50      49   49    75       0      205   4089     0     0     1     0     0        0  257964  2356263 
  294  1.21      58   58    89       1      294   4000     1     1     1     1    -1       -1  257964  2356264 
  330  1.50      62   62   125       2      330   3964     1     2     2     1    -2       -2  257965  2356264 
  387  1.00      10  350    57      -1      387   3907     1     1     3     2    -1       -3  257966  2356265 
  453  0.75      28   28    66      -1      453   3841     1     0     4     2    -1       -4  257967  2356265 
  500  1.38      26   26    47       1      500   3794     1     0     5     2    -1       -5  257968  2356265 
  546  2.00      25   25    46       1      546   3748     1     1     6     3    -1       -6  257969  2356266 
  583  1.00       2    2    37       1      583   3711     1     0     7     3    -1       -7  257970  2356266 
  613  0.25      41  319    30       0      613   3681     0     0     7     3     0       -7  257970  2356266 
  644  0.50      70  250    31       0      644   3650     0     0     7     3     0       -7  257970  2356266 
  675  1.50      77  257    31       1      675   3619     0    -1     7     2     1       -6  257970  2356265 
  707  2.50      64  244    32       1      707   3587     0    -1     7     1     1       -5  257970  2356264 
  737  3.25      53  233    30       2      737   3557    -1    -1     6     0     2       -3  257969  2356263 
  768  3.75      44  224    31       2      768   3526    -1    -1     5    -1     2       -2  257968  2356262 
  831  6.00      54  234    63       5      831   3463    -4    -4     1    -5     5        4  257964  2356258 
  923  8.75      54  234    91      12      922   3372    -7   -10    -6   -15    12       16  257957  2356248 
  984  9.25      65  245    60      10      982   3312    -5    -8   -11   -23    10       25  257952  2356240 
 1000  9.63      65  245    16       3      998   3296    -1    -2   -12   -25     3       28  257951  2356238 
 1016 10.00      64  244    16       3     1014   3280    -1    -2   -13   -28     3       30  257950  2356235 
 1048 11.25      64  244    31       6     1045   3249    -3    -5   -16   -33     6       36  257947  2356230 
 1110 13.00      63  243    61      13     1106   3188    -6   -12   -21   -45    13       49  257942  2356218 
 1172 13.75      54  234    60      14     1166   3128    -7   -12   -29   -57    14       63  257934  2356206 
 1203 14.75      52  232    30       8     1196   3098    -5    -6   -33   -63     8       71  257930  2356200 
 1235 15.25      49  229    31       8     1227   3067    -5    -6   -39   -70     8       79  257924  2356193 
 1266 16.25      50  230    30       8     1257   3037    -5    -6   -44   -76     8       88  257919  2356187 
 1305 17.33      53  233    37      11     1294   3000    -7    -9   -51   -85    11       99  257912  2356178 
 1329 18.00      55  235    60      19     1317   2977   -11   -15   -56   -91    19      106  257907  2356172 
 1360 18.50      53  233    29      10     1346   2948    -6    -8   -61   -99    10      116  257902  2356164 
 1457 20.00      48  228    92      32     1438   2856   -20   -25   -82  -123    32      148  257881  2356140 
 1500 21.21      44  224    40      15     1478   2816   -11   -11   -92  -134    15      163  257871  2356129 
 1519 21.75      42  222    18       7     1496   2798    -5    -5   -97  -139     7      169  257866  2356124 
 1563 22.00      50  230    41      16     1537   2757   -11   -12  -109  -151    16      186  257854  2356112 
 1620 22.25      50  230    53      21     1590   2704   -14   -16  -122  -167    21      207  257841  2356096 
 1681 23.75      49  229    56      24     1646   2648   -15   -18  -138  -185    24      231  257825  2356078 
 1780 25.75      47  227    90      41     1736   2558   -28   -31  -166  -216    41      272  257797  2356047 
 1873 27.75      44  224    83      42     1819   2475   -29   -30  -195  -246    41      313  257768  2356017 
 1936 28.75      43  223    55      30     1874   2420   -22   -21  -217  -266    29      342  257746  2355997 
 1986 29.00      43  223    44      24     1918   2376   -18   -16  -234  -283    24      366  257729  2355980 
 2000 29.12      43  223    12       7     1930   2364    -5    -5  -239  -287     7      373  257724  2355976 
 2016 29.25      43  223    14       8     1944   2350    -6    -5  -245  -293     8      380  257718  2355970 
 2046 28.50      44  224    26      14     1970   2324   -11   -10  -255  -303    14      395  257708  2355960 
 2076 28.75      43  223    26      14     1997   2297   -10   -10  -266  -313    14      409  257697  2355950 
 2108 28.75      45  225    28      15     2025   2269   -11   -11  -277  -323    15      424  257686  2355940 
 2171 30.00      49  229    55      31     2080   2214   -21   -23  -298  -346    31      454  257665  2355917 
 2306 32.00      55  235   116      70     2195   2099   -43   -55  -341  -401    69      524  257622  2355862 
 2397 33.50      56  236    77      49     2272   2022   -28   -41  -369  -441    49      573  257594  2355822 
 2423 33.43      56  236    22      14     2294   2000    -8   -12  -377  -453    14      587  257586  2355810 
 2491 33.25      57  237    78      52     2350   1944   -29   -43  -397  -484    52      625  257566  2355779 
 2500 33.23      57  237     8       5     2358   1936    -3    -4  -400  -489     5      630  257563  2355774 
 2583 33.00      57  237    70      45     2428   1866   -25   -38  -425  -527    45      675  257538  2355736 
 2737 33.50      58  238   129      84     2556   1738   -45   -71  -470  -598    84      759  257493  2355665 
 2830 33.25      57  237    78      51     2634   1660   -27   -43  -497  -641    51      810  257466  2355622 
 2924 33.75      57  237    78      52     2712   1582   -28   -44  -526  -684    52      862  257437  2355579 
 3000 33.75      57  237    63      42     2776   1518   -23   -35  -549  -720    42      904  257414  2355543 
 3016 33.75      57  237    13       9     2789   1505    -5    -7  -554  -727     9      913  257409  2355536 
 3075 33.50      58  238    49      33     2838   1456   -18   -28  -571  -755    33      946  257392  2355508 
 3167 33.00      56  236    77      50     2915   1379   -27   -42  -599  -797    50      996  257364  2355466 
 3266 32.00      56  236    83      53     2998   1296   -30   -44  -628  -841    53     1050  257335  2355422 
 3387 31.25      55  235   103      63     3101   1193   -36   -52  -664  -894    63     1113  257299  2355369 
 3470 31.03      51  231    71      43     3172   1122   -26   -34  -690  -928    43     1156  257273  2355335 
 3481 31.00      51  231     9       6     3182   1112    -4    -4  -693  -932     6     1162  257270  2355331 
 3500 30.96      51  231    16      10     3198   1096    -6    -8  -700  -940    10     1171  257263  2355323 
 3546 30.87      52  232    39      24     3238   1056   -15   -18  -714  -958    24     1195  257249  2355305 
 3604 30.75      52  232    50      30     3287   1007   -18   -23  -733  -982    30     1225  257230  2355281 
 3612 30.73      52  232     7       4     3294   1000    -3    -3  -735  -985     4     1229  257228  2355278 
 3698 30.50      54  234    81      48     3368    926   -29   -38  -762 -1020    48     1272  257201  2355243 
 3707 30.56      54  234     8       5     3376    918    -3    -4  -764 -1024     5     1277  257199  2355239 
 3720 30.64      54  234    11       7     3387    907    -4    -5  -768 -1029     7     1284  257195  2355234 
 3930 32.00      51  231   198     120     3567    727   -73   -95  -835 -1116   120     1393  257128  2355147 
 3935 32.00      51  212     4       3     3571    723    -2    -2  -837 -1117     3     1395  257126  2355146 
 3970 32.00      51   77    30      19     3601    693   -15    11  -852 -1106     0     1395  257111  2355157 
 4000 32.00      51  143    25      16     3626    668    -5    15  -857 -1092    -9     1386  257106  2355171 
 4040 32.00      51  231    34      21     3660    634   -21    -3  -878 -1094    14     1400  257085  2355169 




                         -3883                                                                                 
                                                                                                               
                                                                                                               
                                                                                                               
                                                                                                               
                                                                                                               
                                                                                                               
                                                                                                               
                                                                                                               
                                                                                                               
                                                                                                               
                                                                                                               
                                                                                                               
                                                                                                               
                                                                                                               
                                                                                                               
                                                                                                               
                                                                                                               
                                                                                                               
                                                                                                               
                                                                                                               
                                                                                                               
                                                                                                               
                                                                                                               
                                                                                                               
                                                                                                               
                                                                                                               
                                                                                                               
                                                                                                               
                                                                                                               
                                                                                                               
                                                                                                               
                                                                                                               
                                                                                                               
                                                                                                               
                                                                                                               
                                                                                                               
                                                                                                               
                                                                                                               
                                                                                                               
                                                                                                               
                                                                                                               
                                                                                                               
                                                                                                               
                                                                                                               
                                                                                                               
                                                                                                               
                                                                                                               
                                                                                                               
                                                                                                               
                                                                                                               
                                                                                                               
                                                                                                               
                                                                                                               
                                                                                                               
                                                                                                               
                                                                                                               
                                                                                                               
                                                                                                               
                                                                                                               
                                                                                                               
                                                                                                               
                                                                                                               
                                                                                                               
                                                                                                               
                                                                                                               
                                                                                                               
                                                                                                               
                                                                                                               
                                                                                                               
                                                                                                               
                                                                                                               
                                                                                                               
                                                                                                               
                                                                                                               
                                                                                                               
                                                                                                               
                                                                                                               
                                                                                                               
                                                                                                               
                                                                                                               
                                                                                                               
                                                                                                               
                                                                                                               
                                                                                                               
                                                                                                               
                                                                                                               
                                                                                                               
                                                                                                               
                                                                                                               
                                                                                                               
                                                                                                               
                                                                                                               
                                                                                                               
                                                                                                               
                                                                                                               
                                                                                                               
                                                                                                               
                                                                                                               
                                                                                                               
                                                                                                               
                                                                                                               
                                                                                                               
                                                                                                               
                                                                                                               
                                                                                                               
                                                                                                               
                                                                                                               
                                                                                                               
                                                                                                               
                                                                                                               
                                                                                                               
                                                                                                               
                                                                                                               
                                                                                                               
                                                                                                               
                                                                                                               
                                                                                                               
                                                                                                               
                                                                                                               
                                                                                                               
                                                                                                               
                                                                                                               
                                                                                                               
                                                                                                               
