      WELL DATA SUMMARY                                                                                                                                                                                                      
            
Well  NAVY I 52B-7  
                         
Sec Az  345    N15W 
Elev   4181 KB      
CoordsNorth  259149 East              2353091 
                         Course               
  MD  Drift Drift D. AzimLength  DH     TVD     SSD    DNS   DEW   N-S   E-W  DSec   Sec    N-LAM E-LAM    
___________________________________________________________________________________________________________
                                                                                                                                                                                                                             
    0  0.00       0  134     0     0        0   4181     0     0     0     0     0      0  259149  2353091                                                                                                                   
  181  0.80      37  134   181     1      181   4000    -1     1    -1     1    -1     -1  259148  2353092 
  227  1.00      46  134   227     2      227   3954    -1     1    -1     1    -2     -2  259148  2353092                                                                                                                   
  453  0.25      11  349   226    -2      453   3728     1     2     0     4     1     -1  259149  2353095                                                                                                                   
  530  1.00      59  301    77     1      530   3651     1     0     0     3     1      0  259149  2353094                                                                                                                   
  623  1.00      72  288    93     2      623   3558     1    -1     1     2     1      1  259150  2353093                                                                                                                   
  717  0.75      76  284    94     1      717   3464     0    -1     2     0     1      1  259151  2353091                                                                                                                   
  852  1.30      56  304   135     2      852   3329     1    -2     3    -2     2      3  259152  2353089                                                                                                                   
  882  0.75      59  301    30     1      882   3299     0     0     3    -2     0      3  259152  2353089                                                                                                                   
  972  2.25      32  328    90     2      972   3209     2    -2     4    -4     2      5  259153  2353087                                                                                                                   
 1035  3.75      26  334    63     3     1035   3146     3    -2     7    -6     3      9  259156  2353085                                                                                                                   
 1066  4.25      21  339    31     2     1066   3115     2    -1     9    -7     2     11  259158  2353084                                                                                                                   
 1088  5.00      21  339    22     2     1088   3093     2    -1    11    -7     2     12  259160  2353084                                                                                                                   
 1129  6.00      21  339    41     4     1128   3053     4    -1    15    -9     4     16  259164  2353082                                                                                                                   
 1160  6.75      21  339    31     3     1159   3022     3    -1    18   -10     3     20  259167  2353081                                                                                                                   
 1182  7.27      19  341    22     3     1181   3000     3    -1    20   -11     3     22  259169  2353080 
 1192  7.50      18  342    32     4     1191   2990     4    -1    22   -11     4     24  259171  2353080                                                                                                                   
 1269  8.75       9  351    76    11     1267   2914    11    -3    32   -14    11     35  259181  2353077                                                                                                                   
 1361  9.00       3  357    91    14     1358   2823    14    -1    46   -15    14     49  259195  2353076                                                        2823        1267  1269    32   -14    35  0.00 
 1396  9.56       6  354    35     6     1393   2788     6     0    52   -16     6     54  259201  2353075 
 1408  9.75       7  353    46     8     1405   2776     8    -1    54   -16     8     56  259203  2353075                                                                                                                   
 1438 10.00      11  349    30     5     1434   2747     5    -1    59   -17     5     61  259208  2353074                                                                                                                   
 1515 11.25      18  342    76    14     1510   2671    14    -4    73   -20    14     76  259222  2353071                                                                                                                   
 1540 11.26      18  342    25     5     1534   2647     5    -1    77   -22     5     80  259226  2353069 
 1608 11.30      17  343    91    18     1601   2580    17    -5    90   -26    18     94  259239  2353065                                                                                                                   
 1702 11.75      17  343    92    19     1693   2488    18    -5   108   -31    19    112  259257  2353060                                                                                                                   
 1795 12.25      16  344    91    19     1784   2397    19    -5   127   -37    19    132  259276  2353054                                                                                                                   
 1814 12.35      16  344    19     4     1803   2378     4    -1   131   -38     4    136  259280  2353053 
 1888 12.75      15  345    91    20     1875   2306    19    -5   146   -42    20    152  259295  2353049                                                                                                                   
 1910 12.81      14  346    21     5     1896   2285     5    -1   151   -43     5    157  259300  2353048 
 1980 13.00      12  348    90    20     1965   2216    20    -5   166   -47    20    172  259315  2353044                                                                                                                   
 2073 14.00      12  348    90    22     2055   2126    21    -5   187   -51    22    194  259336  2353040                                                                                                                   
 2166 14.75      12  348    90    23     2145   2036    23    -5   210   -56    23    217  259359  2353035                                                                                                                   
 2203 15.15      12  348    36    10     2181   2000     9    -2   219   -58    10    227  259368  2353033 
 2259 15.75      11  349    90    24     2235   1946    24    -5   234   -61    24    242  259383  2353030                                                                                                                   
 2352 16.50      11  349    89    26     2324   1857    25    -5   259   -66    26    267  259408  2353025                                                                                                                   
 2410 16.97      11  349    56    17     2380   1801    16    -3   275   -69    17    284  259424  2353022 
 2426 17.10      11  349    15     5     2395   1786     5    -1   280   -70     5    289  259429  2353021 
 2445 17.25      11  349    89    27     2413   1768    27    -5   286   -71    27    294  259435  2353020                                                                                                                   
 2553 18.27      12  348   103    33     2516   1665    32    -7   318   -78    33    327  259467  2353013 
 2577 18.50      12  348   126    41     2539   1642    40    -8   325   -79    40    335  259474  2353012                                                                                                                   
 2609 18.59      11  349    30    10     2569   1612    10    -2   335   -81    10    345  259484  2353010 
 2669 18.75      10  350    87    29     2626   1555    29    -6   354   -85    29    364  259503  2353006                                                                                                                   
 2831 18.25       8  352   154    51     2780   1401    51    -8   405   -93    51    415  259554  2352998                                                                                                                   
 2839 18.26       8  352     8     3     2787   1394     2     0   407   -93     2    418  259556  2352998 
 2845 18.27       8  352    13     4     2793   1388     4    -1   409   -93     4    419  259558  2352998 
 2912 18.38      10  350    64    21     2856   1325    21    -3   430   -97    21    440  259579  2352994 
 2984 18.50      11  349   145    48     2925   1256    48    -8   452  -101    48    463  259601  2352990                                                                                                                   
 3047 18.59      10  350    60    20     2984   1197    20    -4   472  -104    20    483  259621  2352987 
 3095 18.65      10  350   105    35     3030   1151    35    -6   487  -107    35    498  259636  2352984 
 3108 18.67      10  350    12     4     3042   1139     4    -1   491  -108     4    503  259640  2352983 
 3165 18.75       9  351   172    58     3096   1085    57   -10   509  -111    58    521  259658  2352980                                                                                                                   
 3254 18.32       8  352    84    28     3181   1000    28    -4   537  -115    28    549  259686  2352976 
 3320 18.00       8  352   147    49     3243    938    48    -7   558  -118    49    569  259707  2352973                                                                                                                   
 3473 18.75       9  351   145    48     3389    792    48    -7   605  -125    48    617  259754  2352966                                                             /ma111..ak200~a115~           CCCCCC{GOTO}a1~/fcceinsert1~  
 3622 17.75       7  353   142    47     3530    651    46    -6   652  -132    46    664  259801  2352959                                                                                                                   
 3655 17.75       7  353    31    10     3561    620    10    -1   662  -133    10    673  259811  2352958 
 3718 17.75       8  352    60    19     3621    560    19    -2   681  -135    19    693  259830  2352956 
 3779 17.75       8  352   150    48     3680    501    47    -6   699  -138    47    711  259848  2352953                                                                                                                   
 3828 17.75       8  352    47    15     3726    455    15    -2   714  -140    15    726  259863  2352951 
 3863 17.75       9  351    33    11     3760    421    11    -2   724  -142    11    736  259873  2352949 
 3908 17.75       9  351   123    39     3802    379    39    -6   738  -144    39    750  259887  2352947                                                                                                                   
 3945 17.75      11  349    35    11     3838    343    11    -2   749  -146    11    761  259898  2352945                                                                                                                   
 3949 17.78      11  349     4     1     3841    340     1     0   750  -146     1    762  259899  2352945 
 3976 18.00      14  346    30    10     3867    314     9    -2   758  -148    10    771  259907  2352943                                                                                                                   
 4025 18.00      20  340    47    15     3914    267    14    -4   773  -152    15    786  259922  2352939                                                                                                                   
 4121 17.75      20  340    91    29     4005    176    28   -10   801  -162    29    815  259950  2352929                                                                                                                   
 4200 17.58      19  341    75    24     4080    101    23    -8   823  -170    24    839  259972  2352921 
 4219 17.54      19  341    93    30     4099     82    28   -10   829  -172    30    845  259978  2352919 
 4235 17.50      19  341   109    35     4114     67    33   -12   833  -174    34    850  259982  2352917                                                                                                                   
 4252 17.50      19  341    16     5     4130     51     5    -2   838  -175     5    855  259987  2352916 
 4305 17.50      19  341    67    21     4181      0    20    -7   853  -181    21    871  260002  2352910 
 4358 17.50      19  341   117    37     4231    -50    35   -12   868  -186    37    887  260017  2352905                                                                                                                   
 4483 16.50      17  343   120    37     4351   -170    35   -11   903  -197    36    923  260052  2352894                                                                                                                   
 4497 16.47      17  343    13     4     4364   -183     4    -1   907  -198     4    927  260056  2352893 
 4590 16.28      17  343   103    30     4453   -272    29    -9   932  -206    30    953  260081  2352885 
 4607 16.25      17  343   119    35     4470   -289    33   -10   936  -207    35    958  260085  2352884                                                                                                                   
 4650 16.36      18  342    41    12     4511   -330    12    -4   948  -211    12    970  260097  2352880 
 4701 16.50      19  341    90    27     4560   -379    25    -8   961  -216    26    984  260110  2352875                                                                                                                   
 4794 16.50      19  341    89    26     4649   -468    25    -9   986  -224    26   1011  260135  2352867                                                                                                                   
 4881 16.50      18  342    83    25     4732   -551    23    -8  1010  -232    25   1035  260159  2352859                                                                                                                   
 4972 17.00      18  342    87    26     4820   -639    25    -8  1035  -240    26   1062  260184  2352851                                                                                                                   
 5097 18.00      17  343   119    38     4939   -758    36   -11  1071  -251    38   1099  260220  2352840                                                                                                                   
 5190 18.25      18  342    88    29     5027   -846    28    -9  1098  -260    29   1128  260247  2352831                                                                                                                   
 5262 18.75      20  340    68    23     5095   -914    22    -7  1120  -267    23   1151  260269  2352824                                                                                                                   
 5353 19.47      21  339    86    30     5181  -1000    28   -10  1148  -278    30   1181  260297  2352813 
 5420 20.00      22  338   149    52     5244  -1063    49   -19  1169  -286    52   1203  260318  2352805                                                                                                                   
 5566 20.00      22  338   137    50     5382  -1201    46   -19  1215  -305    50   1253  260364  2352786                                                                                                                   
 5642 20.25      21  339    71    26     5453  -1272    24   -10  1239  -315    26   1279  260388  2352776                                                                                                                   
 5766 20.61      20  340   116    43     5569  -1388    41   -15  1280  -330    43   1322  260429  2352761 
 5815 20.75      20  340   162    61     5615  -1434    57   -21  1296  -336    60   1339  260445  2352755                                                                                                                   
 5969 21.00      22  338   144    55     5759  -1578    51   -20  1347  -355    55   1393  260496  2352736                                                                                                                   
 6140 22.00      24  336   159    63     5918  -1737    58   -24  1405  -380    62   1456  260554  2352711                                                                                                                   
 6284 21.25      22  338   134    53     6052  -1871    49   -21  1454  -401    53   1508  260603  2352690                                                                                                                   
 6422 20.36      22  338   129    49     6181  -2000    45   -18  1499  -419    49   1557  260648  2352672 
 6439 20.25      22  338   145    55     6197  -2016    51   -21  1505  -421    55   1563  260654  2352670                                                                                                                   
 6657 20.00      21  339   205    75     6402  -2221    70   -27  1575  -449    75   1637  260724  2352642                                                                                                                   
 6750 19.62      21  339    87    32     6489  -2308    29   -11  1604  -460    31   1668  260753  2352631 
 6780 19.50      21  339   116    42     6517  -2336    39   -15  1613  -464    41   1678  260762  2352627                                                                                                                   
 6936 18.25      21  339   148    50     6665  -2484    47   -18  1661  -482    50   1729  260810  2352609                                                                                                                   
 7261 19.00      25  335   308   104     6973  -2792    96   -41  1756  -522   103   1831  260905  2352569                                                                                                                   
 7382 19.00      25  335   114    39     7087  -2906    36   -17  1792  -539    39   1870  260941  2352552                                                                                                                   
 7473 18.51      25  335    86    29     7173  -2992    27   -12  1818  -551    29   1899  260967  2352540 
 7481 18.46      25  335    94    32     7181  -3000    29   -13  1821  -552    31   1902  260970  2352539 
 7566 18.00      25  335   174    58     7262  -3081    53   -25  1845  -564    57   1928  260994  2352527                                                                                                                   
 7724 17.00      22  338   151    48     7413  -3232    44   -19  1888  -583    47   1975  261037  2352508                                                                                                                   
 7877 15.25      21  339   147    42     7559  -3378    40   -16  1928  -598    42   2017  261077  2352493                                                                                                                   
 8033 14.00      22  338   151    39     7710  -3529    37   -14  1964  -613    39   2056  261113  2352478                                                                                                                   
 8245 13.25      21  339   206    50     7916  -3735    46   -18  2011  -631    50   2106  261160  2352460                                                                                                                   
 8466 10.00      21  339   216    45     8133  -3952    42   -16  2053  -647    44   2150  261202  2352444                                                                                                                   
 8515 10.45      21  339    48     9     8181  -4000     8    -3  2061  -650     9   2159  261210  2352441 
 8793 13.00      21  339   320    65     8453  -4272    61   -23  2113  -670    65   2215  261262  2352421                                     
 8989 10.25      21  339   192    39     8645  -4464    37   -14  2150  -684    39   2254  261299  2352407                                     
 9009 10.25      21  339    20     4     8665  -4484     3    -1  2154  -686     4   2258  261303  2352405                                     
