      WELL DATA SUMMARY                                                                                                                                                                                                                  
            
Well   NAVY 61B-7   
                         
Sec Az245   S65W    
Elev  4145  KB      
CoordsNorth 259542  East 2353976         2353976 
                          Course                 
  MD  Drift Drift D. Azim Length    DH      TVD     SSD     DNS     DEW     N-S     E-W   DSec   Sec    N-LAM E-LAM    
_______________________________________________________________________________________________________________________
                                                                                                                                                                                                                                         
    0  0.00       0  111                       0    4145       0       0       0       0     0      0  259542  2353976                                                                                                                   
  145  0.46      64  111     145       1     145    4000       0       1       0       1     0      0  259542  2353977 
  157  0.50      69  111     157       1     157    3988       0       1       0       1     0      0  259542  2353977                                                                                                                   
  300  0.50      55  235     143       1     300    3845      -1       0      -1       1     0      0  259541  2353977                                                                                                                   
  450  0.25      10  170     150       1     450    3695      -1       0      -2       0     1      1  259540  2353976                                                                                                                   
  623  0.50      74  254     173       1     623    3522      -1      -1      -3       0     1      2  259539  2353976                                                                                                                   
  800  1.25      58  238     177       3     800    3345      -1      -2      -4      -3     3      4  259538  2353973                                                                                                                   
  933  1.50      88  268     133       3     933    3212      -1      -3      -5      -6     3      7  259537  2353970                                                                                                                   
 1090  1.75      89  269     157       4    1090    3055       0      -4      -6     -10     4     12  259536  2353966                                                                                                                   
 1145  1.90      89  269      55       2    1145    3000       0      -2      -6     -12     2     13  259536  2353964 
 1274  2.25      88  268     184       6    1274    2871       0      -6      -6     -17     6     17  259536  2353959                                                                                                                   
 1432  2.00      84  276     158       6    1432    2713       0      -6      -5     -22     5     23  259537  2353954                                                                                                                   
 1557  2.25      88  268     125       5    1557    2588       0      -5      -5     -27     4     27  259537  2353949                                                                                                                   
 1741  1.50      40  220     184       6    1740    2405      -3      -5      -8     -32     6     33  259534  2353944                                                                                                                   
 1866  1.61      50  230     125       3    1865    2280      -2      -2     -10     -35     3     36  259532  2353941 
 2018  1.75      63  243     277       8    2017    2128      -5      -6     -13     -39     8     40  259529  2353937                                                                                                                   
 2048  1.70      58  238      30       1    2047    2098       0      -1     -13     -39     1     41  259529  2353937 
 2146  1.55      42  222      98       3    2145    2000      -2      -2     -15     -42     3     44  259527  2353934 
 2180  1.50      37  217     162       5    2179    1966      -3      -4     -16     -42     4     45  259526  2353934                                                                                                                   
 2295  1.89      52  232     115       3    2294    1851      -2      -2     -18     -45     3     48  259524  2353931 
 2327  2.00      56  236     147       4    2326    1819      -3      -3     -19     -45     4     49  259523  2353931                                                                                                                   
 2376  2.00      56  236      49       2    2375    1770      -1      -1     -20     -47     2     51  259522  2353929                                                                                                                   
 2482  3.00      69  249     106       5    2481    1664      -2      -4     -22     -51     5     55  259520  2353925                                                        1664        2375  2376   -20   -47    51  0.00 
 2610  3.00      79  259     128       7    2609    1536      -2      -6     -24     -57     7     62  259518  2353919                                                                                                                   
 2765  3.50      89  271     155       9    2764    1381      -1      -9     -25     -66     8     70  259517  2353910                                                                                                                   
 2817  3.58      89  271      52       3    2816    1329       0      -3     -25     -69     3     73  259517  2353907 
 2932  3.75      88  272     167      11    2930    1215       0     -11     -24     -77     9     80  259518  2353899                                                                                                                   
 3065  3.75      86  274     133       9    3063    1082       0      -9     -24     -85     8     87  259518  2353891 
 3084  3.75      86  274     152      10    3082    1063       1     -10     -24     -87     9     89  259518  2353889                                                                                                                   
 3147  3.75      82  278      63       4    3145    1000       0      -4     -23     -91     4     92  259519  2353885 
 3241  3.75      77  283     157      10    3239     906       2     -10     -22     -97     9     97  259520  2353879                                                                                                                   
 3398  3.25      79  281     157      10    3395     750       2      -9     -20    -106     8    105  259522  2353870                                                                                                                   
 3480  3.25      79  281      82       5    3477     668       1      -5     -19    -111     4    109  259523  2353865                                                                                                                   
 3525  3.62      76  284      45       3    3522     623       1      -3     -19    -113     2    111  259523  2353863 
 3572  4.00      72  288      92       6    3569     576       1      -6     -18    -116     4    113  259524  2353860                                                                                                                   
 3623  5.25      77  283      51       4    3620     525       1      -4     -17    -120     3    116  259525  2353856                                                                                                                   
 3653  5.75      80  280      30       3    3650     495       1      -3     -16    -123     2    118  259526  2353853                                                                                                                   
 3664  5.94      82  278      11       1    3661     484       0      -1     -16    -124     1    119  259526  2353852 
 3682  6.25      86  274      29       3    3679     466       0      -3     -16    -126     3    121  259526  2353850                                                                                                                   
 3713  6.50      86  266      31       3    3709     436       0      -3     -16    -130     3    124  259526  2353846                                                                                                                   
 3775  7.00      72  252      62       7    3771     374      -1      -7     -17    -137     7    131  259525  2353839                                                                                                                   
 3804  7.75      70  250      29       4    3800     345      -1      -4     -18    -140     4    135  259524  2353836                                                                                                                   
 3836  8.25      68  248      32       4    3831     314      -2      -4     -20    -144     4    139  259522  2353832                                                                                                                   
 3934  8.50      62  242      97      14    3928     217      -6     -13     -26    -157    14    154  259516  2353819                                                                                                                   
 4029 10.45      62  242      94      16    4022     123      -7     -14     -33    -171    16    169  259509  2353805                                                                                                                   
 4082 11.25      62  242      52      10    4074      71      -5      -9     -38    -180    10    179  259504  2353796                                                                                                                   
 4154 11.25      63  243      71      14    4145       0      -7     -12     -45    -192    14    193  259497  2353784 
 4177 11.25      63  243      93      19    4167     -22      -9     -16     -47    -196    19    198  259495  2353780                                                                                                                   
 4300 12.25      65  245     120      25    4288    -143     -11     -23     -58    -219    25    223  259484  2353757                                                             /ma111..ak200~a115~           CCCCCC{GOTO}a1~/fcceinsert1~  
 4393 12.00      64  244      91      20    4379    -234      -8     -18     -66    -237    20    242  259476  2353739                                                                                                                   
 4515 11.50      65  245     119      25    4498    -353     -11     -22     -77    -259    25    267  259465  2353717                                                                                                                   
 4606 10.75      64  244      89      18    4587    -442      -8     -16     -84    -275    18    285  259458  2353701                                                                                                                   
 4699 11.00      65  245      91      18    4679    -534      -8     -16     -92    -291    18    302  259450  2353685                                                                                                                   
 4791 10.75      61  241      90      17    4769    -624      -8     -15    -100    -306    17    320  259442  2353670                                                                                                                   
 4861 10.75      62  242      69      13    4838    -693      -6     -11    -106    -318    13    333  259436  2353658 
 4885 10.75      62  242      92      18    4861    -716      -8     -15    -108    -321    18    337  259434  2353655                                                                                                                   
 4979 10.75      60  240      92      18    4954    -809      -9     -15    -117    -337    17    355  259425  2353639                                                                                                                   
 5073 10.75      59  239      92      18    5046    -901      -9     -15    -126    -352    17    372  259416  2353624                                                                                                                   
 5100 10.80      59  239      27       5    5073    -928      -3      -4    -128    -356     5    377  259414  2353620 
 5174 10.96      61  241      73      14    5145   -1000      -7     -12    -135    -368    14    391  259407  2353608 
 5196 11.00      61  241     121      23    5167   -1022     -12     -20    -137    -372    23    395  259405  2353604                                                                                                                   
 5321 11.00      59  239     123      24    5290   -1145     -12     -21    -149    -393    24    419  259393  2353583                                                                                                                   
 5444 11.00      60  240     121      23    5410   -1265     -12     -20    -161    -413    23    442  259381  2353563                                                                                                                   
 5588 11.25      67  247     141      28    5552   -1407     -12     -25    -173    -438    28    470  259369  2353538                                                                                                                   
 5596 11.18      67  247       8       2    5559   -1414      -1      -1    -174    -439     2    472  259368  2353537 
 5680 10.50      67  247      90      17    5642   -1497      -7     -16    -180    -454    17    487  259362  2353522                                                                                                                   
 5837 10.50      73  253     154      29    5796   -1651     -10     -27    -190    -481    29    516  259352  2353495                                                                                                                   
 5896 10.25      71  251      58      11    5854   -1709      -3     -10    -193    -491    11    526  259349  2353485                                                                                                                   
 5898 10.26      71  251       2       0    5856   -1711       0       0    -193    -491     0    527  259349  2353485 
 5970 10.62      75  255      71      13    5927   -1782      -4     -12    -197    -504    13    540  259345  2353472 
 5995 10.75      76  256      97      18    5952   -1807      -5     -17    -198    -508    18    544  259344  2353468                                                                                                                   
 6058 10.50      77  257      62      12    6014   -1869      -3     -11    -201    -519    11    556  259341  2353457                                                                                                                   
 6061 10.51      77  257       3       1    6017   -1872       0      -1    -201    -520     1    556  259341  2353456 
 6121 10.75      74  254      62      12    6076   -1931      -3     -11    -204    -531    11    567  259338  2353445                                                                                                                   
 6138 11.00      74  254      17       3    6092   -1947      -1      -3    -205    -534     3    570  259337  2353442                                                                                                                   
 6170 11.00      73  253      31       6    6124   -1979      -2      -6    -207    -540     6    576  259335  2353436                                                                                                                   
 6192 10.82      71  251      22       4    6145   -2000      -1      -4    -208    -543     4    580  259334  2353433 
 6201 10.75      70  250      30       6    6154   -2009      -2      -6    -208    -545     6    582  259334  2353431                                                                                                                   
 6221 10.91      67  247      20       4    6174   -2029      -1      -3    -210    -549     4    586  259332  2353427 
 6233 11.00      65  245      31       6    6186   -2041      -2      -6    -211    -551     6    588  259331  2353425                                                                                                                   
 6330 12.65      60  240      95      20    6280   -2135      -9     -18    -220    -568    20    608  259322  2353408 
 6336 12.75      60  240     101      21    6286   -2141     -10     -19    -221    -569    21    609  259321  2353407                                                                                                                   
 6366 12.75      60  240      29       7    6316   -2171      -3      -6    -224    -575     7    616  259318  2353401                                                                                                                   
 6525 12.00      59  239     155      34    6471   -2326     -17     -29    -241    -605    34    650  259301  2353371                                                                                                                   
 6712 12.00      59  239     183      39    6654   -2509     -20     -33    -261    -638    39    688  259281  2353338                                                                                                                   
 6870 10.75      59  239     155      31    6809   -2664     -16     -27    -277    -665    31    719  259265  2353311                                                                                                                   
 6921 10.75      59  239      50      10    6859   -2714      -5      -8    -282    -673     9    729  259260  2353303                                                                                                                   
