      WELL DATA SUMMARY                                                                                      
            
Well  NAVY I 75A-7  
                         
Sec Az    0 STRAIGHT HOLE             (ASSUME)
Elev   4347 KB      
CoordsNorth  256780 East              2354888 
                         Course               
  MD  Drift Drift D. AzimLength  DH     TVD     SSD    DNS   DEW   N-S   E-W  DSec    Sec     N-LAM E-LAM    
_____________________________________________________________________________________________________________
                                                                                                             
    0  0.00       0    0                        4347     0     0     0     0     0        0  256780  2354888 
  160  0.00       0    0   160     0      160   4187     0     0     0     0     0        0  256780  2354888 
  192  0.00       0    0    32     0      192   4155     0     0     0     0     0        0  256780  2354888 
  250  0.00       0    0    58     0      250   4097     0     0     0     0     0        0  256780  2354888 
  347  0.00       0    0    97     0      347   4000     0     0     0     0     0        0  256780  2354888 
  500  0.00       0    0   250     0      500   3847     0     0     0     0     0        0  256780  2354888 
  750  0.00       0    0   250     0      750   3597     0     0     0     0     0        0  256780  2354888 
  910  0.00       0    0   160     0      910   3437     0     0     0     0     0        0  256780  2354888 
 1000  0.00       0    0    90     0     1000   3347     0     0     0     0     0        0  256780  2354888 
 1250  0.00       0    0   250     0     1250   3097     0     0     0     0     0        0  256780  2354888 
 1315  0.00       0    0    65     0     1315   3032     0     0     0     0     0        0  256780  2354888 
 1347  0.00       0    0    32     0     1347   3000     0     0     0     0     0        0  256780  2354888 
 1400  0.00       0    0    85     0     1400   2947     0     0     0     0     0        0  256780  2354888 
 1500  0.00       0    0   100     0     1500   2847     0     0     0     0     0        0  256780  2354888 
 1514  0.00       0    0    14     0     1514   2833     0     0     0     0     0        0  256780  2354888 
 1526  0.00       0    0    12     0     1526   2821     0     0     0     0     0        0  256780  2354888 
                                                                                                             
                                                                                                             
                                                                                                             
                                                                                                             
                                                                                                             
                                                                                                             
                                                                                                             
                                                                                                             
                                                                                                             
                                                                                                             
                                                                                                             
                                                                                                             
                                                                                                             
                                                                                                             
                                                                                                             
                                                                                                             
                                                                                                             
                                                                                                             
                                                                                                             
                                                                                                             
                                                                                                             
                                                                                                             
                                                                                                             
                                                                                                             
                                                                                                             
                                                                                                             
                                                                                                             
                                                                                                             
                                                                                                             
                                                                                                             
                                                                                                             
                                                                                                             
                                                                                                             
                                                                                                             
                                                                                                             
                                                                                                             
                                                                                                             
                                                                                                             
                                                                                                             
                                                                                                             
                                                                                                             
                                                                                                             
                                                                                                             
                                                                                                             
                                                                                                             
                                                                                                             
                                                                                                             
                                                                                                             
                                                                                                             
                                                                                                             
                                                                                                             
                                                                                                             
                                                                                                             
                                                                                                             
                                                                                                             
                                                                                                             
                                                                                                             
                                                                                                             
                                                                                                             
                                                                                                             
                                                                                                             
                                                                                                             
                                                                                                             
                                                                                                             
                                                                                                             
                                                                                                             
                                                                                                             
                                                                                                             
                                                                                                             
                                                                                                             
                                                                                                             
                                                                                                             
                                                                                                             
                                                                                                             
                                                                                                             
                                                                                                             
                                                                                                             
                                                                                                             
                                                                                                             
                                                                                                             
                                                                                                             
                                                                                                             
                                                                                                             
                                                                                                             
                                                                                                             
                                                                                                             
                                                                                                             
                                                                                                             
                                                                                                             
                                                                                                             
                                                                                                             
                                                                                                             
                                                                                                             
                                                                                                             
                                                                                                             
                                                                                                             
                                                                                                             
                                                                                                             
                                                                                                             
                                                                                                             
                                                                                                             
                                                                                                             
                                                                                                             
                                                                                                             
                                                                                                             
                                                                                                             
                                                                                                             
                                                                                                             
                                                                                                             
                                                                                                             
                                                                                                             
                                                                                                             
                                                                                                             
                                                                                                             
                                                                                                             
                                                                                                             
                                                                                                             
                                                                                                             
                                                                                                             
                                                                                                             
                                                                                                             
                                                                                                             
                                                                                                             
                                                                                                             
                                                                                                             
                                                                                                             
                                                                                                             
                                                                                                             
                                                                                                             
                                                                                                             
                                                                                                             
                                                                                                             
                                                                                                             
                                                                                                             
                                                                                                             
                                                                                                             
                                                                                                             
                                                                                                             
                                                                                                             
                                                                                                             
                                                                                                             
                                                                                                             
                                                                                                             
                                                                                                             
                                                                                                             
                                                                                                             
                                                                                                             
                                                                                                             
                                                                                                             
                                                                                                             
                                                                                                             
                                                                                                             
                                                                                                             
                                                                                                             
                                                                                                             
                                                                                                             
                                                                                                             
                                                                                                             
                                                                                                             
                                                                                                             
                                                                                                             
                                                                                                             
                                                                                                             
                                                                                                             
                                                                                                             
                                                                                                             
                                                                                                             
                                                                                                             
                                                                                                             
                                                                                                             
                                                                                                             
                                                                                                             
                                                                                                             
