      WELL DATA SUMMARY                                                                                                                                                                                                      
            
Well  NAVY II 14-16 
                         
Sec Az  130         
Elev   3933 KB      
CoordsNorth  252581 East              2361109 
                         Course               
  MD  Drift Drift D. AzimLength  DH     TVD     SSD    DNS   DEW   N-S   E-W  DSec   Sec    N-LAM E-LAM    
___________________________________________________________________________________________________________
                                                                                                                                                                                                                             
    0  0.00      19  199     0     0        0   3933     0     0     0     0     0      0  252581  2361109                                                                                                                   
  241  1.00      19  199   241     2      241   3692    -2    -1    -2    -1     1      1  252579  2361108                                                                                                                   
  391  1.00      11  169   150     3      391   3542    -3     0    -5    -1     2      2  252576  2361108                                                                                                                   
  470  1.00      26  154    79     1      470   3463    -1     0    -6     0     1      3  252575  2361109                                                                                                                   
  587  1.75      47  133   117     3      587   3346    -2     2    -8     1     3      6  252573  2361110                                                                                                                   
  649  2.25      46  134    62     2      649   3284    -1     2   -10     3     2      8  252571  2361112                                                                                                                   
  686  2.25      46  134    37     1      686   3247    -1     1   -11     4     1     10  252570  2361113                                                                                                                   
  749  2.75      46  134    63     3      749   3184    -2     2   -13     6     3     13  252568  2361115                                                                                                                   
  800  2.75      53  127    51     2      800   3133    -2     2   -14     8     2     15  252567  2361117                                                                                                                   
  863  2.50      56  124    63     3      863   3070    -2     2   -16    10     3     18  252565  2361119                                                                                                                   
  933  2.50      42  138    70     3      933   3000    -2     2   -18    12     3     21  252563  2361121                                                                                                                   
  935  2.50      42  138     2     0      935   2998     0     0   -18    12     0     21  252563  2361121                                                                                                                   
  996  2.25      41  139    61     3      996   2937    -2     2   -20    14     3     24  252561  2361123                                                                                                                   
 1050  2.00      30  150    54     2     1050   2883    -2     1   -21    15     2     25  252560  2361124                                                                                                                   
 1140  2.25      16  164    90     3     1139   2794    -3     1   -24    17     3     28  252557  2361126                                                                                                                   
 1245  2.75       6  174   105     5     1244   2689    -4     1   -29    17     4     32  252552  2361126                                                                                                                   
 1331  2.75      10  170    86     4     1330   2603    -4     1   -33    18     3     35  252548  2361127                                                        2603        1244  1245   -29    17    32  0.00 
 1397  2.75       6  174    66     3     1396   2537    -3     0   -36    18     2     37  252545  2361127                                                                                                                   
 1489  3.00       4  184    92     5     1488   2445    -5     0   -41    19     3     40  252540  2361128                                                                                                                   
 1553  3.00       9  189    64     3     1552   2381    -3     0   -44    18     2     42  252537  2361127                                                                                                                   
 1641  2.75       4  184    88     4     1640   2293    -4     0   -49    18     2     45  252532  2361127                                                                                                                   
 1739  2.25      13  193    98     4     1738   2195    -4    -1   -53    17     2     47  252528  2361126                                                                                                                   
 1864  2.25       2  178   125     5     1863   2070    -5     0   -58    17     3     50  252523  2361126                                                                                                                   
 1934  2.50       3  181    70     3     1933   2000    -3     0   -61    17     2     52  252520  2361126                                                                                                                   
 2006  2.75       5  185    72     3     2005   1928    -3     0   -64    16     2     54  252517  2361125                                                                                                                   
 2098  3.00       7  187    92     5     2096   1837    -5     0   -68    16     3     56  252513  2361125                                                                                                                   
 2193  3.00      10  190    95     5     2191   1742    -5    -1   -73    15     3     59  252508  2361124                                                                                                                   
 2240  2.61      17  197    47     2     2238   1695    -2    -1   -76    15     1     60  252505  2361124 
 2284  2.25      23  203    91     4     2282   1651    -4    -1   -77    14     2     60  252504  2361123                                                                                                                   
 2372  2.25      23  203    88     3     2370   1563    -3    -1   -81    13     1     61  252500  2361122                                                                                                                   
 2378  2.25      23  203     6     0     2376   1557     0     0   -81    13     0     62  252500  2361122                                                                                                                   
 2471  2.00      21  201    93     3     2469   1464    -3    -1   -84    11     1     63  252497  2361120                                                                                                                   
 2560  2.00      18  198    89     3     2558   1375    -3    -1   -87    10     1     64  252494  2361119                                                                                                                   
 2641  2.50       5  185    81     3     2639   1294    -3    -1   -90    10     2     65  252491  2361119                                                                                                                   
 2660  2.61       8  180    19     1     2658   1275    -1     0   -91    10     1     66  252490  2361119 
 2730  3.00      20  160    89     4     2728   1205    -4     1   -94    10     3     68  252487  2361119                                                                                                                   
 2795  2.75      11  169    65     3     2793   1140    -3     1   -97    11     3     71  252484  2361120                                                                                                                   
 2924  2.75       7  173   129     6     2922   1011    -6     1  -103    12     5     76  252478  2361121                                                                                                                   
 2935  2.73       8  172    11     1     2933   1000    -1     0  -104    12     0     76  252477  2361121                                                             /ma111..ak200~a115~           CCCCCC{GOTO}a1~/fcceinsert1~  
 3048  2.50      19  161   113     5     3045    888    -5     1  -109    13     4     80  252472  2361122                                                                                                                   
 3173  2.25      26  154   125     5     3170    763    -5     2  -114    15     5     85  252467  2361124                                                                                                                   
 3294  2.25       1  179   121     5     3291    642    -5     1  -118    16     4     89  252463  2361125                                                                                                                   
 3400  1.75     184  184   106     4     3397    536    -4     0  -122    16     2     91  252459  2361125                                                                                                                   
 3441  1.75     184  184    41     1     3438    495    -1     0  -123    16     1     92  252458  2361125                                                                                                                   
                                                                                                                                                                                                                             
                                                                                                                                                                                                                             
                                                                                                                                                                                                                             
                                                                                                                                                                                                                             
                                                                                                                                                                                                                             
                                                                                                                                                                                                                             
                                                                                                                                                                                                                             
                                                                                                                                                                                                                             
                                                                                                                                                                                                                             
                                                                                                                                                                                                                             
                                                                                                                                                                                                                             
                                                                                                                                                                                                                             
                                                                                                                                                                                                                             
                                                                                                                                                                                                                             
                                                                                                                                                                                                                             
                                                                                                                                                                                                                             
                                                                                                                                                                                                                             
                                                                                                                                                                                                                             
                                                                                                                                                                                                                             
                                                                                                                                                                                                                             
                                                                                                                                                                                                                             
                                                                                                                                                                                                                             
                                                                                                                                                                                                                             
                                                                                                                                                                                                                             
                                                                                                                                                                                                                             
                                                                                                                                                                                                                             
                                                                                                                                                                                                                             
                                                                                                                                                                                                                             
                                                                                                                                                                                                                             
                                                                                                                                                                                                                             
                                                                                                                                                                                                                             
                                                                                                                                                                                                                             
                                                                                                                                                                                                                             
                                                                                                                                                                                                                             
                                                                                                                                                                                                                             
                                                                                                                                                                                                                             
                                                                                                                                                                                                                             
                                                                                                                                                                                                                             
                                                                                                                                                                                                                             
                                                                                                                                                                                                                             
                                                                                                                                                                                                                             
                                                                                                                                                                                                                             
                                                                                                                                                                                                                             
                                                                                                                                                                                                                             
                                                                                                                                                                                                                             
                                                                                                                                                                                                                             
                                                                                                                                                                                                                             
                                                                                                                                                                                                                             
                                                                                                                                                                                                                             
                                                                                                                                                                                                                             
                                                                                                                                                                                                                             
                                                                                                                                                                                                                             
                                                                                                                                                                                                                             
                                                                                                                                                                                                                             
                                                                                                                                                                                                                             
                                                                                                                                                                                                                             
                                                                                                                                                                                                                             
                                                                                                                                                                                                                             
                                                                                                                                                                                                                             
                                                                                                                                                                                                                             
                                                                                                                                                                                                                             
                                                                                                                                                                                                                             
                                                                                                                                                                                                                             
                                                                                                                                                                                                                             
                                                                                                                                                                                                                             
                                                                                                                                                                                                                             
                                                                                                                                                                                                                             
                                                                                                                                                                                                                             
                                                                                                                                                                                                                             
                                                                                                                                                                                                                             
                                                                                                                                                                                                                             
                                                                                                                                                                                                                             
                                                                                                                                                                                                                             
                                                                                                                                                                                                                             
                                                                                                                                                                                                                             
                                                                                                                                                                                                                             
                                                                                                                                                                                                                             
                                                                                                                                                                                                                             
                                                                                                                                                                                                                             
                                                                                                                                                                                                                             
                                                                                                                                                                                                                             
                                                                                                                                                                                                                             
                                                                                                                                                                                                                             
                                                                                                                                                                                                                             
                                                                                                                                                                                                                             
                                                                                                                                                                                                                             
