      WELL DATA SUMMARY                                                                                                                                                                                                      
            
Well  NAVY II  22-16
                         
Sec Az   90    EAST 
Elev   4060 KB      
CoordsNorth  254135 East              2361744 
                         Course               
  MD  Drift Drift D. AzimLength  DH     TVD     SSD    DNS   DEW   N-S   E-W  DSec   Sec    N-LAM E-LAM    
___________________________________________________________________________________________________________
                                                                                                                                                                                                                             
    0  0.00     180  180     0     0        0   4060     0     0     0     0     0      0  254135  2361744                                                                                                                   
   60  0.16     180  180    60     0       60   4000     0     0     0     0     0      0  254135  2361744 
  183  0.50     180  180   183     1      183   3877    -1     0    -1     0     0      0  254134  2361744                                                                                                                   
  349  1.00      79  259   166     2      349   3711    -2    -1    -2    -1    -1     -1  254133  2361743                                                                                                                   
  470  0.50      84  276   121     2      470   3590     0    -2    -3    -3    -2     -3  254132  2361741                                                                                                                   
  568  0.25      69  249    98     1      568   3492     0    -1    -3    -4    -1     -4  254132  2361740                                                                                                                   
  722  0.50      44   44   154     1      722   3338    -1     1    -3    -3     1     -3  254132  2361741                                                                                                                   
  873  0.00       0    0   151     1      873   3187     1     0    -3    -3     0     -3  254132  2361741                                                                                                                   
 1030  0.25      89   89   157     0     1030   3030     0     0    -3    -3     0     -3  254132  2361741                                                                                                                   
 1060  0.25      89   89    30     0     1060   3000     0     0    -3    -2     0     -2  254132  2361742 
 1214  0.25      89   89   184     1     1214   2846     0     1    -3    -2     1     -2  254132  2361742                                                                                                                   
 1238  0.30      84   94    24     0     1238   2822     0     0    -3    -2     0     -2  254132  2361742 
 1264  0.36      78  100    26     0     1264   2796     0     0    -3    -1     0     -1  254132  2361743 
 1332  0.51      64  115    68     1     1332   2728     0     0    -3    -1     0     -1  254132  2361743 
 1439  0.75      41  139   225     2     1439   2621    -1     2    -3     0     2      0  254132  2361744                                                                                                                   
 1629  1.00      40  140   190     3     1629   2431    -2     2    -6     2     2      2  254129  2361746                                                                                                                   
 1780  1.75      42  138   151     4     1780   2280    -3     2    -8     4     2      4  254127  2361748                                                                                                                   
 1940  1.75      88   88   160     5     1940   2120    -2     4   -10     9     4      9  254125  2361753                                                                                                                   
 2060  1.75      73   73   120     4     2060   2000     1     4   -10    12     4     12  254125  2361756 
 2095  1.75      68   68   155     5     2095   1965     1     5    -9    13     5     13  254126  2361757                                                                                                                   
 2193  1.75      68   68    98     3     2193   1867     1     3    -8    16     3     16  254127  2361760                                                                                                                   
