      WELL DATA SUMMARY                                                                                      
            
Well  NAVY II 37B-17
                         
Sec Az  265 S 85 W  
Elev   3942 KB      
CoordsNorth  250938 East              2357109 
                         Course               
  MD  Drift Drift D. AzimLength  DH     TVD     SSD    DNS   DEW   N-S   E-W  DSec    Sec     N-LAM E-LAM    
_____________________________________________________________________________________________________________
                                                                                                             
    0  0.00       0    0                        3942     0     0     0     0     0        0  250938  2357109 
  446  0.00       0    0   446     0      446   3496     0     0     0     0     0        0  250938  2357109 
  500  0.09       9   56    54     0      500   3442     0     0     0     0     0        0  250938  2357109 
  747  0.50      50  310   301     1      747   3195    -1     1    -1     1     0        0  250937  2357110 
  942  0.94      25  214   195     2      942   3000     0    -2    -2    -2     2        2  250936  2357107 
  969  1.00      21  201   222     3      969   2973    -1    -3    -2    -2     3        2  250936  2357107 
 1000  1.08      23  203    31     1     1000   2942    -1     0    -2    -2     0        3  250936  2357107 
 1275  1.75      36  216   306     7     1275   2667    -6    -4    -8    -6     4        6  250930  2357103 
 1500  1.55      43  223   225     6     1500   2442    -5    -4   -13   -10     5       11  250925  2357099 
 1551  1.50      45  225   276     8     1551   2391    -6    -5   -14   -11     6       12  250924  2357098 
 1942  1.96      20  200   391    12     1942   2000   -10    -6   -24   -17     7       19  250914  2357092 
 1973  2.00      18  198   422    13     1973   1969   -11    -7   -25   -18     8       20  250913  2357091 
 2000  2.09      18  198    27     1     2000   1942    -1     0   -26   -18     0       20  250912  2357091 
 2199  2.75      21  201   226     9     2198   1744    -9    -3   -34   -21     4       24  250904  2357088 
 2484  3.00      19  199   285    14     2483   1459   -13    -5   -48   -26     6       30  250890  2357083 
 2500  3.10      21  201    16     1     2499   1443    -1     0   -48   -26     0       30  250890  2357083 
 2606  3.75      36  216   122     7     2605   1337    -6    -3   -54   -29     4       34  250884  2357080 
 2637  3.75      44  224    31     2     2636   1306    -2    -1   -55   -30     1       35  250883  2357079 
 2698  3.75      61  241    61     4     2697   1245    -2    -3   -58   -33     3       38  250880  2357076 
 2727  4.00      74  254    29     2     2726   1216    -1    -2   -59   -35     2       40  250879  2357074 
 2759  4.25      87  267    32     2     2757   1185     0    -2   -59   -37     2       42  250879  2357072 
 2790  5.00      87  267    31     2     2788   1154     0    -2   -59   -40     2       45  250879  2357069 
 2821  6.00      88  268    31     3     2819   1123     0    -3   -59   -43     3       48  250879  2357066 
 2853  6.75      89  269    32     4     2851   1091     0    -4   -59   -46     4       51  250879  2357063 
 2945  8.82      86  266    91    12     2942   1000    -1   -12   -60   -59    12       64  250878  2357050 
 2953  9.00      86  266    99    14     2950    992    -1   -14   -60   -60    14       65  250878  2357049 
 3000  9.19      86  266    46     7     2996    946    -1    -7   -61   -68     7       73  250877  2357041 
 3015  9.25      86  266    61    10     3011    931    -1   -10   -61   -70    10       75  250877  2357039 
 3074  9.25      86  266    58     9     3070    872    -1    -9   -61   -79     9       84  250877  2357030 
 3135  9.75      87  267    60    10     3130    812    -1   -10   -62   -89    10       95  250876  2357020 
 3183 10.25      83  263    47     8     3177    765    -1    -8   -63   -98     8      103  250875  2357011 
 3249 11.75      84  264    65    13     3242    700    -1   -13   -64  -110    13      115  250874  2356999 
 3309 12.75      82  262    59    13     3300    642    -2   -13   -66  -123    13      128  250872  2356986 
 3370 14.75      82  262    59    14     3360    582    -2   -14   -68  -137    14      143  250870  2356972 
 3430 15.75      81  261    58    16     3418    524    -2   -16   -70  -153    16      158  250868  2356956 
 3492 17.00      81  261    59    17     3477    465    -3   -17   -73  -170    17      176  250865  2356939 
 3500 17.10      81  261     8     2     3485    457     0    -2   -73  -172     2      178  250865  2356937 
 3554 17.75      79  259    59    19     3536    406    -3   -18   -76  -188    18      194  250862  2356921 
 3613 18.00      82  262    56    18     3592    350    -3   -18   -79  -206    18      212  250859  2356903 
 3644 18.25      85  265    29    10     3622    320    -1   -10   -80  -216    10      222  250858  2356893 
 3810 20.60      87  267   157    55     3778    164    -4   -55   -84  -271    55      277  250854  2356838 
 3927 22.25      89  269   266    98     3887     55    -5   -98   -85  -314    98      320  250853  2356795 
 3986 23.05      88  268    54    23     3942      0    -1   -23   -86  -336    23      343  250852  2356773 
 4000 23.24      88  268    67    28     3955    -13    -1   -28   -86  -342    28      348  250852  2356767 
 4056 24.00      87  267   119    51     4006    -64    -2   -51   -87  -364    51      370  250851  2356745 
 4179 27.00      86  266   111    53     4117   -175    -3   -53   -90  -417    53      423  250848  2356692 
 4264 26.25      85  265    76    38     4193   -251    -3   -38   -93  -455    38      462  250845  2356654 
 4358 26.00      84  264    84    41     4277   -335    -4   -41   -97  -496    41      503  250841  2356613 
 4446 26.00      84  264    79    39     4356   -414    -4   -38  -101  -535    39      541  250837  2356574 
 4500 25.71      83  263    49    24     4405   -463    -3   -23  -104  -558    24      565  250834  2356551 
 4540 25.50      82  262    85    41     4441   -499    -5   -41  -106  -575    41      582  250832  2356534 
 4592 25.25      81  261    47    22     4488   -546    -3   -22  -109  -597    22      605  250829  2356512 
 4623 25.25      82  262    28    13     4516   -574    -2   -13  -111  -610    13      618  250827  2356499 
 4653 25.25      83  263    27    13     4543   -601    -2   -13  -113  -623    13      631  250825  2356486 
 4686 25.50      84  264    30    14     4573   -631    -2   -14  -115  -637    14      645  250823  2356472 
 4716 25.50      84  264    27    13     4600   -658    -1   -13  -116  -650    13      658  250822  2356459 
 4746 25.75      84  264    27    13     4627   -685    -1   -13  -117  -663    13      671  250821  2356446 
 4826 25.50      86  266    72    35     4699   -757    -3   -34  -120  -697    35      705  250818  2356412 
 4857 26.00      85  265    28    13     4727   -785    -1   -13  -121  -711    13      719  250817  2356398 
 4918 27.50      85  265    54    27     4782   -840    -2   -27  -124  -738    27      746  250814  2356371 
 4947 28.25      85  265    26    14     4807   -865    -1   -14  -125  -752    14      760  250813  2356357 
 5000 27.87      85  265    47    25     4854   -912    -2   -25  -127  -776    25      785  250811  2356333 
 5086 27.25      86  266   123    65     4930   -988    -5   -65  -130  -816    65      824  250808  2356293 
 5099 27.35      86  266    12     6     4942  -1000     0    -6  -131  -822     6      830  250807  2356287 
 5118 27.50      86  266    28    15     4959  -1017    -1   -15  -131  -831    15      839  250807  2356278 
 5214 27.25      84  264    85    44     5044  -1102    -4   -44  -135  -875    44      883  250803  2356234 
 5242 27.00      85  265    25    13     5069  -1127    -1   -13  -136  -887    13      896  250802  2356222 
 5302 25.75      87  267    54    27     5123  -1181    -2   -27  -138  -914    27      923  250800  2356195 
 5333 25.75      89  269    28    13     5151  -1209     0   -13  -139  -928    13      936  250799  2356181 
 5363 25.75      90  270    27    13     5178  -1236     0   -13  -139  -941    13      949  250799  2356168 
 5456 26.00      89  271    84    41     5261  -1319     0   -41  -138  -981    40      989  250800  2356128 
 5500 26.00      89  271    40    19     5301  -1359     0   -19  -138 -1000    19     1009  250800  2356109 
 5550 26.00      88  272    84    41     5346  -1404     1   -41  -137 -1022    41     1030  250801  2356087 
 5641 27.00      89  271    81    41     5427  -1485     1   -41  -136 -1063    40     1071  250802  2356046 
 5735 27.50      90  270    84    43     5511  -1569     0   -43  -136 -1106    43     1114  250802  2356003 
 5829 28.00      90  270    83    44     5594  -1652     0   -44  -136 -1150    44     1157  250802  2355959 
 5923 28.50      89  269    83    44     5677  -1735     0   -44  -136 -1194    44     1202  250802  2355915 
 6000 28.81      88  268    68    37     5744  -1802    -1   -37  -137 -1231    37     1238  250801  2355878 
 6048 29.00      88  268   110    60     5786  -1844    -2   -60  -138 -1254    60     1262  250800  2355855 
 6226 28.78      88  268   156    86     5942  -2000    -3   -86  -141 -1340    86     1347  250797  2355769 
 6360 28.61      88  268   273   150     6060  -2118    -5  -150  -143 -1405   150     1412  250795  2355704 
 6500 28.44      88  268   123    67     6183  -2241    -2   -67  -145 -1471    67     1478  250793  2355638 
 7000 27.82      88  268   441   236     6624  -2682    -8  -236  -154 -1707   235     1714  250784  2355402 
 7257 27.50      88  268  1065   572     6851  -2909   -20  -572  -158 -1826   571     1833  250780  2355283 
 7359 27.50      88  268    90    47     6942  -3000    -2   -47  -159 -1873    47     1880  250779  2355236 
 7428 27.50      88  268   152    79     7003  -3061    -3   -79  -160 -1905    79     1912  250778  2355204 
                                                                                                             
                                                                                                             
                                                                                                             
                                                                                                             
                                                                                                             
                                                                                                             
                                                                                                             
                                                                                                             
                                                                                                             
                                                                                                             
                                                                                                             
                                                                                                             
                                                                                                             
                                                                                                             
                                                                                                             
                                                                                                             
                                                                                                             
                                                                                                             
                                                                                                             
                                                                                                             
                                                                                                             
                                                                                                             
                                                                                                             
                                                                                                             
                                                                                                             
                                                                                                             
                                                                                                             
                                                                                                             
                                                                                                             
                                                                                                             
                                                                                                             
                                                                                                             
                                                                                                             
                                                                                                             
                                                                                                             
                                                                                                             
                                                                                                             
                                                                                                             
                                                                                                             
                                                                                                             
                                                                                                             
                                                                                                             
                                                                                                             
                                                                                                             
                                                                                                             
                                                                                                             
                                                                                                             
                                                                                                             
                                                                                                             
                                                                                                             
                                                                                                             
                                                                                                             
                                                                                                             
                                                                                                             
                                                                                                             
                                                                                                             
                                                                                                             
                                                                                                             
                                                                                                             
                                                                                                             
                                                                                                             
                                                                                                             
                                                                                                             
                                                                                                             
                                                                                                             
                                                                                                             
                                                                                                             
                                                                                                             
                                                                                                             
                                                                                                             
                                                                                                             
                                                                                                             
                                                                                                             
                                                                                                             
                                                                                                             
                                                                                                             
                                                                                                             
                                                                                                             
                                                                                                             
                                                                                                             
                                                                                                             
                                                                                                             
                                                                                                             
                                                                                                             
                                                                                                             
                                                                                                             
                                                                                                             
                                                                                                             
                                                                                                             
                                                                                                             
                                                                                                             
                                                                                                             
                                                                                                             
                                                                                                             
                                                                                                             
                                                                                                             
                                                                                                             
                                                                                                             
                                                                                                             
                                                                                                             
                                                                                                             
                                                                                                             
                                                                                                             
                                                                                                             
                                                                                                             
                                                                                                             
                                                                                                             
                                                                                                             
                                                                                                             
                                                                                                             
                                                                                                             
                                                                                                             
                                                                                                             
                                                                                                             
                                                                                                             
                                                                                                             
                                                                                                             
                                                                                                             
                                                                                                             
                                                                                                             
                                                                                                             
                                                                                                             
                                                                                                             
                                                                                                             
