      WELL DATA SUMMARY                                                                                   
            
Well  NAVY II 57-18 TCH  
                         
Sec Az    0         
Elev   4171 KB      
CoordsNorth  250368 East              2353110 
                         Course               
  MD  Drift Drift D. AzimLength  DH     TVD     SSD    DNS   DEW   N-S   E-W  DSec   Sec   N-LAM E-LAM    
__________________________________________________________________________________________________________
                                                                                                          
    0  0.00       0    0                        4171     0     0     0     0     0     0  250368  2353110 
  171  0.00       0    0   171     0      171   4000     0     0     0     0     0     0  250368  2353110 
  250  0.00       0    0   250     0      250   3921     0     0     0     0     0     0  250368  2353110 
  500  0.00       0    0   250     0      500   3671     0     0     0     0     0     0  250368  2353110 
  654  0.00       0    0   154     0      654   3517     0     0     0     0     0     0  250368  2353110 
  750  0.00       0    0    96     0      750   3421     0     0     0     0     0     0  250368  2353110 
  844  0.00       0    0    94     0      844   3327     0     0     0     0     0     0  250368  2353110 
 1000  0.00       0    0   156     0     1000   3171     0     0     0     0     0     0  250368  2353110 
 1171  0.00       0    0   171     0     1171   3000     0     0     0     0     0     0  250368  2353110 
 1250  0.00       0    0   250     0     1250   2921     0     0     0     0     0     0  250368  2353110 
 1500  0.00       0    0   250     0     1500   2671     0     0     0     0     0     0  250368  2353110 
 1750  0.00       0    0   250     0     1750   2421     0     0     0     0     0     0  250368  2353110 
 2000  0.00       0    0   250     0     2000   2171     0     0     0     0     0     0  250368  2353110 
 2171  0.00       0    0   171     0     2171   2000     0     0     0     0     0     0  250368  2353110 
 2250  0.00       0    0   250     0     2250   1921     0     0     0     0     0     0  250368  2353110 
 2500  0.00       0    0   250     0     2500   1671     0     0     0     0     0     0  250368  2353110 
 2689  0.00       0    0   189     0     2689   1482     0     0     0     0     0     0  250368  2353110 
 2825  0.00       0    0   136     0     2825   1346     0     0     0     0     0     0  250368  2353110 
                                                                                                          
                                                                                                          
                                                                                                          
                                                                                                          
                                                                                                          
                                                                                                          
                                                                                                          
                                                                                                          
                                                                                                          
                                                                                                          
                                                                                                          
                                                                                                          
                                                                                                          
                                                                                                          
                                                                                                          
                                                                                                          
                                                                                                          
                                                                                                          
                                                                                                          
                                                                                                          
                                                                                                          
                                                                                                          
                                                                                                          
                                                                                                          
                                                                                                          
                                                                                                          
                                                                                                          
                                                                                                          
                                                                                                          
                                                                                                          
                                                                                                          
                                                                                                          
                                                                                                          
                                                                                                          
                                                                                                          
                                                                                                          
                                                                                                          
                                                                                                          
                                                                                                          
                                                                                                          
                                                                                                          
                                                                                                          
                                                                                                          
                                                                                                          
                                                                                                          
                                                                                                          
                                                                                                          
                                                                                                          
                                                                                                          
                                                                                                          
                                                                                                          
                                                                                                          
                                                                                                          
                                                                                                          
                                                                                                          
                                                                                                          
                                                                                                          
                                                                                                          
                                                                                                          
                                                                                                          
                                                                                                          
                                                                                                          
                                                                                                          
                                                                                                          
                                                                                                          
                                                                                                          
                                                                                                          
                                                                                                          
                                                                                                          
                                                                                                          
                                                                                                          
                                                                                                          
                                                                                                          
                                                                                                          
                                                                                                          
                                                                                                          
                                                                                                          
                                                                                                          
                                                                                                          
                                                                                                          
                                                                                                          
                                                                                                          
                                                                                                          
                                                                                                          
                                                                                                          
                                                                                                          
                                                                                                          
                                                                                                          
                                                                                                          
                                                                                                          
                                                                                                          
                                                                                                          
                                                                                                          
                                                                                                          
                                                                                                          
                                                                                                          
                                                                                                          
                                                                                                          
                                                                                                          
                                                                                                          
                                                                                                          
                                                                                                          
                                                                                                          
                                                                                                          
                                                                                                          
                                                                                                          
                                                                                                          
                                                                                                          
                                                                                                          
                                                                                                          
                                                                                                          
                                                                                                          
                                                                                                          
                                                                                                          
                                                                                                          
                                                                                                          
                                                                                                          
                                                                                                          
                                                                                                          
                                                                                                          
                                                                                                          
                                                                                                          
                                                                                                          
                                                                                                          
                                                                                                          
                                                                                                          
                                                                                                          
                                                                                                          
                                                                                                          
                                                                                                          
                                                                                                          
                                                                                                          
                                                                                                          
                                                                                                          
                                                                                                          
                                                                                                          
                                                                                                          
                                                                                                          
                                                                                                          
                                                                                                          
                                                                                                          
                                                                                                          
                                                                                                          
                                                                                                          
                                                                                                          
                                                                                                          
                                                                                                          
                                                                                                          
                                                                                                          
                                                                                                          
                                                                                                          
                                                                                                          
                                                                                                          
                                                                                                          
                                                                                                          
                                                                                                          
                                                                                                          
                                                                                                          
                                                                                                          
                                                                                                          
                                                                                                          
                                                                                                          
                                                                                                          
                                                                                                          
                                                                                                          
                                                                                                          
                                                                                                          
                                                                                                          
                                                                                                          
                                                                                                          
                                                                                                          
                                                                                                          
