      WELL DATA SUMMARY                                                                                      
            
Well  NAVY II 63B-18
                         
Sec Az    0 NORTH   
Elev   4122 KB      
CoordsNorth  253521 East              2353476 
                         Course               
  MD  Drift Drift D. AzimLength  DH     TVD     SSD    DNS   DEW   N-S   E-W  DSec    Sec     N-LAM E-LAM    
_____________________________________________________________________________________________________________
                                                                                                             
    0  0.00       4  184                        4122     0     0     0     0     0        0  253521  2353476 
  122  0.55       4  184   122     1      122   4000    -1     0    -1     0    -1       -1  253520  2353476 
  165  0.75       4  184   165     1      165   3957    -1     0    -1     0    -1       -1  253520  2353476 
  241  1.00       7  187    76     1      241   3881    -1     0    -2     0    -1       -2  253519  2353476 
  449  1.25      10  190   208     4      449   3673    -4    -1    -6    -1    -4       -6  253515  2353475 
  500  1.35      12  192    51     1      500   3622    -1     0    -7    -1    -1       -7  253514  2353475 
  575  1.50      16  196   126     3      575   3547    -3    -1    -9    -1    -3       -9  253512  2353475 
  718  1.50      10  170   143     4      718   3404    -4     0   -13    -2    -4      -13  253508  2353474 
  844  1.50      69  249   126     3      844   3278    -3    -2   -16    -3    -3      -16  253505  2353473 
 1000  1.50      49  229   156     4     1000   3122    -2    -4   -18    -7    -2      -18  253503  2353469 
 1064  0.50      68  248    64     1     1064   3058    -1    -1   -19    -8    -1      -19  253502  2353468 
 1097  0.50      21  339    33     0     1097   3025     0     0   -18    -8     0      -18  253503  2353468 
 1122  1.19       2  358    25     0     1122   3000     0     0   -18    -8     0      -18  253503  2353468 
 1124  1.25       0  360    27     0     1124   2998     0     0   -18    -8     0      -18  253503  2353468 
 1156  1.75      14   14    32    -1     1156   2966     1     0   -17    -8     1      -17  253504  2353468 
 1186  2.00      15   15    30     1     1186   2936     1     0   -16    -8     1      -16  253505  2353468 
 1218  2.50       9    9    32     1     1218   2904     1     0   -15    -7     1      -15  253506  2353469 
 1244  4.00       4    4    26     1     1244   2878     1     0   -14    -7     1      -14  253507  2353469 
 1287  4.00       5    5    43     3     1287   2835     3     0   -11    -7     3      -11  253510  2353469 
 1374  4.50       3    3    87     6     1373   2749     6     0    -4    -7     6       -4  253517  2353469 
 1437  4.75       4    4    63     5     1436   2686     5     0     1    -6     5        1  253522  2353470 
 1468  5.25       6    6    31     3     1467   2655     3     0     4    -6     3        4  253525  2353470 
 1500  5.84       8    8    32     3     1499   2623     3     0     7    -6     3        7  253528  2353470 
 1509  6.00       9    9    41     4     1508   2614     4     1     8    -6     4        8  253529  2353470 
 1533  6.75       7  353    24    -3     1532   2590     3     0    10    -6     3       10  253531  2353470 
 1565  7.50       8  352    32     4     1563   2559     4    -1    14    -6     4       14  253535  2353470 
 1666  8.25       2  358   100    14     1663   2459    14    -1    28    -7    14       28  253549  2353469 
 1724  8.50       5  355    57     8     1721   2401     8    -1    36    -8     8       36  253557  2353468 
 1838  8.50       3  357   113    17     1834   2288    17    -1    53    -9    17       53  253574  2353467 
 1938  9.25       3  357    99    15     1932   2190    15    -1    69   -10    15       69  253590  2353466 
 2000  9.25       5  355    61    10     1994   2128    10    -1    79   -10    10       79  253600  2353466 
 2030  9.25       6  354    91    15     2023   2099    15    -1    83   -11    15       83  253604  2353465 
 2124  9.25       6  354    93    15     2116   2006    15    -2    98   -12    15       98  253619  2353464 
 2130  9.23       6  354     6     1     2122   2000     1     0    99   -13     1       99  253620  2353463 
 2219  9.00       5  355    94    15     2210   1912    15    -1   113   -14    15      113  253634  2353462 
 2312  9.25       7  353    92    15     2302   1820    15    -2   128   -15    15      128  253649  2353461 
 2405  9.25       7  353    92    15     2393   1729    15    -2   143   -17    15      143  253664  2353459 
 2496  9.25       8  352    90    15     2483   1639    15    -2   157   -19    15      157  253678  2353457 
 2500  9.24       8  352     4     1     2487   1635     1     0   158   -19     1      158  253679  2353457 
 2591  9.00      10  350    94    15     2577   1545    15    -2   172   -22    15      172  253693  2353454 
 2710  9.00      11  349   118    19     2695   1427    18    -3   191   -25    18      191  253712  2353451 
 2809  8.75      10  350    98    15     2792   1330    15    -3   206   -28    15      206  253727  2353448 
 2873  8.50      11  349    63    10     2856   1266     9    -2   215   -29     9      215  253736  2353447 
 2967  8.75      10  350    93    14     2949   1173    14    -3   229   -32    14      229  253750  2353444 
 3000  8.84      12  348    33     5     2981   1141     5    -1   234   -33     5      234  253755  2353443 
 3058  9.00      16  344    90    14     3038   1084    14    -3   243   -35    14      243  253764  2353441 
 3215  8.75      18  342   155    24     3194    928    23    -7   266   -42    23      266  253787  2353434 
 3358  9.00      19  341   141    22     3335    787    21    -7   287   -49    21      287  253808  2353427 
 3500  8.65      19  341   140    22     3475    647    21    -7   307   -56    21      307  253828  2353420 
 3562  8.50      19  341   202    31     3536    586    29   -10   316   -59    29      316  253837  2353417 
 3716  8.50      22  338   152    23     3689    433    21    -8   337   -67    21      337  253858  2353409 
 3838  7.50      21  339   121    17     3810    312    16    -6   353   -74    16      353  253874  2353402 
 3933  7.50      19  341    94    12     3904    218    12    -4   365   -78    12      365  253886  2353398 
 4000  7.68      16  344    66     9     3970    152     8    -3   373   -80     8      373  253894  2353396 
 4026  7.75      15  345    92    12     3996    126    12    -4   377   -81    12      377  253898  2353395 
 4120  7.75      10  350    93    13     4089     33    12    -3   389   -84    12      389  253910  2353392 
 4153  7.93       9  351    33     5     4122      0     4    -1   393   -85     4      393  253914  2353391 
 4214  8.25       6  354    93    13     4182    -60    13    -2   402   -86    13      402  253923  2353390 
 4308  9.50      13  347    93    15     4275   -153    14    -2   416   -88    14      416  253937  2353388 
 4381  9.50      17  343    72    12     4347   -225    12    -3   428   -91    12      428  253949  2353385 
 4430  9.50      13  347    48     8     4395   -273     8    -2   436   -94     8      436  253957  2353382 
 4500  9.50      15  345    69    12     4464   -342    11    -3   447   -96    11      447  253968  2353380 
 4553  9.50      16  344   121    20     4517   -395    20    -5   455   -99    20      455  253976  2353377 
 4615 10.00      15  345    61    10     4578   -456    10    -3   465  -101    10      465  253986  2353375 
 4711  9.50      16  344    95    16     4672   -550    16    -4   481  -106    16      481  254002  2353370 
 4804  9.00      17  343    92    15     4764   -642    14    -4   495  -110    14      495  254016  2353366 
 4898  9.00      17  343    93    15     4857   -735    14    -4   510  -114    14      510  254031  2353362 
 5000  8.84      19  341   101    16     4958   -836    15    -5   525  -119    15      525  254046  2353357 
 5054  8.75      20  340   154    24     5011   -889    23    -8   532  -122    23      532  254053  2353354 
 5117  9.00      20  340    62    10     5073   -951     9    -3   542  -125     9      542  254063  2353351 
 5166  9.10      20  340    48     8     5122  -1000     7    -3   549  -128     7      549  254070  2353348 
 5241  9.25      20  340   122    20     5196  -1074    18    -7   560  -132    18      560  254081  2353344 
 5366  8.75      19  341   123    20     5319  -1197    18    -7   578  -139    18      578  254099  2353337 
 5458  8.75      24  336    91    14     5410  -1288    13    -5   591  -144    13      591  254112  2353332 
 5500  8.52      23  337    42     6     5452  -1330     6    -3   597  -146     6      597  254118  2353330 
 5595  8.00      20  340   136    20     5546  -1424    19    -7   610  -151    19      610  254131  2353325 
 5719  8.00      23  337   123    17     5669  -1547    16    -6   626  -158    16      626  254147  2353318 
 5814  8.00      20  340    94    13     5763  -1641    12    -5   638  -162    12      638  254159  2353314 
 5967  7.75      32  328   152    21     5914  -1792    19    -9   657  -172    19      657  254178  2353304 
 6000  7.55      33  327    33     4     5947  -1825     4    -2   661  -174     4      661  254182  2353302 
 6063  7.17      36  324    95    12     6009  -1887    10    -7   667  -179    10      667  254188  2353297 
 6092  7.00      37  323   124    16     6038  -1916    13    -9   670  -181    13      670  254191  2353295 
 6176  7.67      36  324    83    11     6122  -2000     9    -6   679  -187     9      679  254200  2353289 
 6186  7.75      36  324    93    12     6131  -2009    10    -7   680  -188    10      680  254201  2353288 
 6341  7.75      36  324   154    21     6285  -2163    17   -12   697  -200    17      697  254218  2353276 
 6500  7.75      40  320   158    21     6443  -2321    17   -13   714  -213    17      714  254235  2353263 
 6575  7.75      42  318   232    32     6517  -2395    25   -20   722  -220    25      722  254243  2353256 
 6594  7.75      42  318    19     3     6536  -2414     2    -2   723  -222     2      723  254244  2353254 
                                                                                                             
                                                                                                             
                                                                                                             
                                                                                                             
                                                                                                             
                                                                                                             
                                                                                                             
                                                                                                             
                                                                                                             
                                                                                                             
                                                                                                             
                                                                                                             
                                                                                                             
                                                                                                             
                                                                                                             
                                                                                                             
                                                                                                             
                                                                                                             
                                                                                                             
                                                                                                             
                                                                                                             
                                                                                                             
                                                                                                             
                                                                                                             
                                                                                                             
                                                                                                             
                                                                                                             
                                                                                                             
                                                                                                             
                                                                                                             
                                                                                                             
                                                                                                             
                                                                                                             
                                                                                                             
                                                                                                             
                                                                                                             
                                                                                                             
                                                                                                             
                                                                                                             
                                                                                                             
                                                                                                             
                                                                                                             
                                                                                                             
                                                                                                             
                                                                                                             
                                                                                                             
                                                                                                             
                                                                                                             
                                                                                                             
                                                                                                             
                                                                                                             
                                                                                                             
                                                                                                             
                                                                                                             
                                                                                                             
                                                                                                             
                                                                                                             
                                                                                                             
                                                                                                             
                                                                                                             
                                                                                                             
                                                                                                             
                                                                                                             
                                                                                                             
                                                                                                             
                                                                                                             
                                                                                                             
                                                                                                             
                                                                                                             
                                                                                                             
                                                                                                             
                                                                                                             
                                                                                                             
                                                                                                             
                                                                                                             
                                                                                                             
                                                                                                             
                                                                                                             
                                                                                                             
                                                                                                             
                                                                                                             
                                                                                                             
                                                                                                             
                                                                                                             
                                                                                                             
                                                                                                             
                                                                                                             
                                                                                                             
                                                                                                             
                                                                                                             
                                                                                                             
                                                                                                             
                                                                                                             
                                                                                                             
                                                                                                             
                                                                                                             
                                                                                                             
                                                                                                             
                                                                                                             
                                                                                                             
                                                                                                             
                                                                                                             
                                                                                                             
                                                                                                             
                                                                                                             
                                                                                                             
                                                                                                             
                                                                                                             
                                                                                                             
                                                                                                             
                                                                                                             
                                                                                                             
                                                                                                             
                                                                                                             
                                                                                                             
                                                                                                             
                                                                                                             
                                                                                                             
