         
                0.00       0    0     0     0        0   3663     0     0     0     0     0        0       0        0 
               WELL PROPOSAL 
                     
         Well  NAVY II 64-16 REDRILL    
                                  
         Sec Az  305 N 55 W  
         Elev   3663 KB      
         CoordsNorth  252978 East              2364253 
                                  Course               
           MD  Drift Drift D. AzimLength  DH     TVD     SSD    DNS   DEW   N-S   E-W  DSec    Sec     N-LAM E-LAM    
         _____________________________________________________________________________________________________________
                                                                                                                      
             0  0.00      26   26                        3663     0     0     0     0     0        0  252978  2364253 
           155  1.00      26   26   155     1      155   3508     1     1     1     1     0        0  252979  2364254 
           283  1.00      34   34   128     2      283   3380     2     1     3     2     0        0  252981  2364255 
           448  1.75      57   57   165     4      448   3215     3     3     6     5    -1        0  252984  2364258 
           500  1.85      56   56    52     2      500   3163     1     1     7     6    -1       -1  252985  2364259 
           581  2.00      55   55   133     4      581   3082     2     4     8     8    -2       -2  252986  2364261 
           611  1.25      88   88    30     1      611   3052     0     1     9     9    -1       -2  252987  2364262 
           663  0.83      64   64    52     1      663   3000     0     1     9    10    -1       -3  252987  2364263 
           673  0.75      59   59    62     1      673   2990     0     1     9    10    -1       -3  252987  2364263 
           737  1.75      59   59    64     1      737   2926     1     1    10    11    -1       -4  252988  2364264 
           814  1.00      88   88    77     2      814   2849     1     2    10    13    -1       -5  252988  2364266 
           878  1.50      85   85    64     1      878   2785     0     1    10    14    -1       -6  252988  2364267 
           980  1.25      87   87   102     2      980   2683     0     2    10    17    -2       -8  252988  2364270 
          1000  1.30      86   90    20     0     1000   2663     0     0    10    17     0       -8  252988  2364270 
          1074  1.50      81   99    94     2     1074   2589     0     2    10    19    -2      -10  252988  2364272 
          1157  1.50      71  109    83     2     1157   2506    -1     2    10    21    -2      -12  252988  2364274 
          1246  0.75      61  119    89     2     1246   2417    -1     2     9    23    -2      -13  252987  2364276 
          1354  1.25      85   95   108     2     1354   2309    -1     2     9    25    -2      -15  252987  2364278 
          1432  1.00      70  110    78     2     1432   2231     0     1     8    26    -1      -17  252986  2364279 
          1500  0.63      57  123    68     1     1500   2163     0     1     8    27    -1      -18  252986  2364280 
          1524  0.50      52  128    92     1     1524   2139    -1     1     8    27    -1      -18  252986  2364280 
          1617  0.75      80  100    93     1     1617   2046     0     1     7    28    -1      -19  252985  2364281 
          1663  0.89      58  122    46     1     1663   2000     0     1     7    29    -1      -19  252985  2364282 
          1701  1.00      40  140    84     1     1701   1962    -1     1     7    29    -1      -20  252985  2364282 
          1829  1.25      29  209   128     3     1829   1834    -3     0     4    29    -2      -22  252982  2364282 
          1860  1.25      59  239    31     1     1860   1803     0     0     4    29     0      -22  252982  2364282 
          1892  2.00      74  254    32     1     1892   1771     0    -1     3    28     0      -21  252981  2364281 
          1923  2.50      80  260    31     1     1923   1740     0    -1     3    27     1      -20  252981  2364280 
          1954  3.00      89  271    31     1     1954   1709     0    -1     3    25     1      -19  252981  2364278 
          2000  3.80      85  266    46     3     1999   1664     0    -3     3    23     2      -17  252981  2364276 
          2040  4.50      82  262    86     6     2039   1624     0    -6     2    20     4      -15  252980  2364273 
          2108  5.25      89  271    68     6     2107   1556     0    -6     2    14     5      -10  252980  2364267 
          2171  5.25      85  265    63     6     2170   1493     0    -6     2     8     5       -6  252980  2364261 
          2266  4.75      89  269    95     8     2264   1399     0    -8     1     0     7        1  252979  2364253 
          2323  4.50      81  261    57     5     2321   1342     0    -5     1    -5     4        4  252979  2364248 
     KOP  2438  5.29     259  258   115    10     2436   1227    -2   -10    -1   -14     7       11  252977  2364239 
          2468  3.75     268  268    30     2     2466   1197     0    -2    -1   -17     2       13  252977  2364236 
          2499  3.50     277  277    31     2     2497   1166     0    -2    -1   -19     2       15  252977  2364234 
          2531  3.00     293  293    32     2     2529   1134     0    -2     0   -20     2       16  252978  2364233 
          2562  2.00     299  299    31     1     2560   1103     1    -1     0   -22     1       18  252978  2364231 
          2625  3.75     307  307    63     3     2623   1040     2    -3     2   -24     3       21  252980  2364229 
          2657  4.75     306  306    32     2     2654   1009     1    -2     3   -26     2       23  252981  2364227 
          2666  5.19     311  311    41     3     2663   1000     2    -2     4   -27     3       24  252982  2364226 
          2689  6.00     313  313    64     5     2686    977     3    -4     5   -28     5       26  252983  2364225 
          2721  6.50     316  316    32     3     2718    945     2    -2     8   -31     3       30  252986  2364222 
          2769  7.25     304  304    48     6     2766    897     4    -4    12   -35     6       35  252990  2364218 
-60 BPH   2805  7.73     303  303    36     5     2801    862     3    -4    14   -39     5       40  252992  2364214 
          2825  8.00     303  303    56     7     2821    842     4    -6    16   -41     7       43  252994  2364212 
          2888  8.25     305  305    62     9     2884    779     5    -7    21   -49     9       52  252999  2364204 
          2998  9.75     304  304   109    17     2992    671    10   -14    30   -63    17       69  253008  2364190 
          3094 10.25     295  295    95    17     3087    576     8   -15    39   -77    17       86  253017  2364176 
          3157 11.00     293  293    62    12     3149    514     5   -11    43   -88    11       97  253021  2364165 
          3221 11.75     293  293    63    13     3211    452     5   -12    48  -100    12      109  253026  2364153 
          3284 13.25     292  292    62    14     3273    390     5   -13    53  -112    13      123  253031  2364141 
          3346 14.25     291  291    60    15     3333    330     5   -14    59  -126    14      137  253037  2364127 
          3377 14.75     292  292    30     8     3363    300     3    -7    62  -133     8      145  253040  2364120 
          3417 15.00     294  294    39    10     3402    261     4    -9    66  -143    10      155  253044  2364110 
          3481 16.25     295  295    62    17     3464    199     7   -16    73  -158    17      172  253051  2364095 
          3576 17.75     295  295    91    28     3554    109    12   -25    85  -184    27      199  253063  2364069 
          3670 20.20     297  297    89    31     3643     20    13   -27    98  -211    30      229  253076  2364042 
          3672 20.25     297  297    91    31     3645     18    14   -28    98  -212    31      230  253076  2364041 
          3691 20.25     298  298    18     7     3663      0     3    -6   101  -217     7      236  253079  2364036 
          3767 20.25     300  300    89    33     3734    -71    16   -29   114  -241    33      262  253092  2364012 
          3831 19.00     297  297    60    21     3795   -132    10   -19   124  -259    21      284  253102  2363994 
          3894 18.50     296  296    60    20     3854   -191     9   -18   133  -278    20      304  253111  2363975 
          3962 18.50     298  298    64    22     3919   -256    10   -19   143  -297    21      325  253121  2363956 
          4026 18.00     298  298    61    20     3979   -316     9   -18   152  -314    20      345  253130  2363939 
          4090 16.50     296  296    61    19     4041   -378     9   -17   161  -331    19      364  253139  2363922 
          4153 16.50     296  296    60    18     4101   -438     8   -16   169  -347    18      382  253147  2363906 
          4212 16.50     290  290    57    17     4158   -495     7   -15   175  -363    16      398  253153  2363890 
          4275 18.00     286  286    60    19     4218   -555     6   -18   181  -381    18      416  253159  2363872 
          4372 20.75     291  291    92    32     4309   -646    10   -31   191  -411    31      447  253169  2363842 
          4422 20.50     292  292    47    18     4356   -693     6   -16   198  -428    17      464  253176  2363825 
          4522 22.00      67  293    93    36     4449   -786    14   -33   212  -461    35      499  253190  2363792 
          4637 23.00     293  293   106    44     4556   -893    17   -41   229  -502    43      542  253207  2363751 
          4681 24.25      67  293    40    18     4596   -933     7   -16   236  -518    17      559  253214  2363735 
          4733 24.57      69  291    47    21     4643   -980     8   -20   244  -538    21      580  253222  2363715 
          4755 24.71      69  291    20     9     4663  -1000     3    -9   247  -546     9      589  253225  2363707 
          4802 25.00      71  289   110    50     4706  -1043    18   -47   254  -565    49      608  253232  2363688 
          4829 25.00      71  289    24    11     4730  -1067     4   -11   258  -576    11      619  253236  2363677 
          5056 24.75     290  290   206    95     4936  -1273    32   -90   290  -666    92      711  253268  2363587 
          5182 24.25     292  292   115    52     5051  -1388    19   -49   308  -714    51      762  253286  2363539 
          5230 24.25     292  292    44    20     5095  -1432     7   -18   316  -733    19      781  253294  2363520 
          5368 24.00     292  292   126    56     5221  -1558    21   -52   337  -785    55      836  253315  2363468 
          5525 24.50     293  293   143    64     5364  -1701    25   -60   361  -845    63      899  253339  2363408 
          5683 24.50     292  292   144    66     5508  -1845    25   -61   387  -905    64      963  253365  2363348 
          5747 25.25     292  292    58    27     5566  -1903    10   -25   397  -930    26      989  253375  2363323 
          5809 26.50     290  290    56    27     5621  -1958    10   -25   406  -955    26     1016  253384  2363298 
          5833 25.97     291  291    22    11     5643  -1980     4   -10   410  -965    10     1026  253388  2363288 
          5855 25.49     293  293    20    10     5663  -2000     4    -9   414  -974     9     1035  253392  2363279 
          5900 24.50     295  295    82    39     5703  -2040    15   -36   421  -992    38     1054  253399  2363261 
          5930 23.75     296  296    27    12     5731  -2068     5   -11   427 -1003    12     1066  253405  2363250 
MPT       6088 24.06     297  297   144    64     5875  -2212    28   -57   455 -1060    63     1129  253433  2363193 
228F      6183 24.25     297  297   231   103     5962  -2299    46   -92   472 -1095   102     1168  253450  2363158 
234F      6327 24.75     298  298   131    60     6093  -2430    28   -53   500 -1148    59     1227  253478  2363105 
235F      6483 25.00     296  296   142    66     6235  -2572    30   -58   530 -1206    65     1292  253508  2363047 
284F      6602 25.00     297  297   108    50     6342  -2679    22   -45   552 -1251    50     1342  253530  2363002 
335F      6725 24.00     296  296   112    51     6454  -2791    23   -46   575 -1297    50     1392  253553  2362956 
          6805 23.50     298  298    73    32     6528  -2865    15   -29   590 -1325    32     1424  253568  2362928 
345F      6946 23.75     296  296   129    57     6657  -2994    26   -50   615 -1376    56     1480  253593  2362877 
          6953 23.82     296  296     6     3     6663  -3000     1    -3   617 -1378     3     1483  253595  2362875 
-60 BBLS  6970 23.97     296  296    22    10     6679  -3016     4    -9   620 -1385    10     1490  253598  2362868 
-15 BPH   7097 25.16     296  296   116    53     6794  -3131    23   -47   643 -1432    52     1542  253621  2362821 
228F      7107 25.25     296  296   147    67     6803  -3140    29   -60   645 -1436    66     1546  253623  2362817 
-80 BPH   7129 25.64     296  296    20     9     6823  -3160     4    -8   649 -1444     9     1555  253627  2362809 
228F      7235 27.50     297  297   115    57     6918  -3255    25   -51   670 -1487    56     1602  253648  2362766 
-85 BBLS  7337 28.01     296  296    90    48     7008  -3345    21   -42   691 -1529    47     1649  253669  2362724 
245F      7385 28.25     296  296   133    70     7051  -3388    31   -63   701 -1550    69     1671  253679  2362703 
242F      7492 28.00     293  293    94    50     7145  -3482    21   -46   722 -1595    50     1721  253700  2362658 
-30 BPH   7589 28.00     294  294    86    46     7231  -3568    18   -42   740 -1637    45     1766  253718  2362616 
230F      7616 28.00     294  294   109    58     7254  -3591    23   -53   745 -1649    57     1778  253723  2362604 
270F      7749 27.75     293  293   118    62     7372  -3709    25   -57   770 -1706    61     1839  253748  2362547 
-110 BPH  7790 27.75     293  293    36    19     7408  -3745     7   -18   778 -1723    19     1858  253756  2362530 
282F      7908 27.75     293  293   141    74     7513  -3850    29   -68   799 -1774    72     1911  253777  2362479 
-35 BPH   7995 27.64     294  294    77    40     7590  -3927    16   -37   815 -1811    40     1951  253793  2362442 
          8078 27.53     296  296   151    79     7663  -4000    32   -72   832 -1846    77     1989  253810  2362407 
280F      8099 27.50     296  296   169    89     7682  -4019    37   -81   836 -1855    87     1999  253814  2362398 
          8258 28.00     295  295   141    74     7823  -4160    32   -67   868 -1921    73     2072  253846  2362332 
-10 BPH   8349 27.43     296  296    81    42     7903  -4240    18   -38   886 -1960    42     2113  253864  2362293 
280F      8417 27.00     297  297   141    73     7964  -4301    32   -66   900 -1987    73     2144  253878  2362266 
272F      8615 26.75     295  295   177    90     8140  -4477    39   -80   939 -2068    88     2233  253917  2362185 
278F      8774 26.25     295  295   142    71     8283  -4620    30   -64   969 -2132    70     2302  253947  2362121 
-15 BPH   8853 25.64     294  294    71    35     8354  -4691    14   -32   983 -2164    34     2336  253961  2362089 
297F      8937 25.00     292  292   147    70     8429  -4766    28   -65   997 -2197    69     2371  253975  2362056 
-100 BBLS 8987 24.36     292  292    45    21     8475  -4812     8   -19  1005 -2216    20     2392  253983  2362037 
-60 BPH   9102 22.90     293  293   105    46     8580  -4917    18   -42  1023 -2259    45     2437  254001  2361994 
-80 BPH   9177 21.95     294  294   175    75     8650  -4987    29   -69  1034 -2285    73     2465  254012  2361968 
          9191 21.77     294  294    13     5     8663  -5000     2    -5  1037 -2290     5     2470  254015  2361963 
282F      9330 20.00     295  295   363   150     8793  -5130    60  -138  1057 -2335   147     2519  254035  2361918 
LC        9370 20.00     295  295    38    14     8830  -5167     6   -12  1063 -2347    13     2532  254041  2361906 
TD        9719 20.00     295  295   328   119     9158  -5495    50  -108  1113 -2455   118     2650  254091  2361798 
