      WELL DATA SUMMARY                                                                                      
            
Well  NAVY II 65-18 
                         
Sec Az   80 N 80 E  
Elev   4139 KB      
CoordsNorth  252003 East              2353451 
                         Course               
  MD  Drift Drift D. AzimLength  DH     TVD     SSD    DNS   DEW   N-S   E-W  DSec    Sec     N-LAM E-LAM    
_____________________________________________________________________________________________________________
                                                                                                             
    0  0.00       0    0                        4139     0     0     0     0     0        0  252003  2353451 
  139  0.23      51  274   139     0      139   4000     0     0     0     0     0        0  252003  2353451 
  154  0.25      56  304   154     0      154   3985     0     0     0     0     0        0  252003  2353451 
  304  0.50      49  229   150     1      304   3835     0    -1     0    -1    -1       -1  252003  2353450 
  474  0.25      29  209   170     1      474   3665    -1    -1    -1    -2    -1       -2  252002  2353449 
  500  0.25      26  227    26     0      500   3639     0     0    -1    -2     0       -2  252002  2353449 
  686  0.25       1  359   212     1      686   3453     0    -1    -1    -2    -1       -3  252002  2353449 
  863  0.50      61  299   177     1      863   3276     1    -1     0    -3     0       -3  252003  2353448 
 1000  0.35      62  298   137     1     1000   3139     0    -1     0    -4    -1       -4  252003  2353447 
 1094  0.25      63  297   231     2     1094   3045     1    -1     1    -4    -1       -4  252004  2353447 
 1139  0.36      59  242    45     0     1139   3000     0     0     1    -5     0       -4  252004  2353446 
 1302  0.75      44   44   208    -2     1302   2837     2     0     2    -5     0       -4  252005  2353446 
 1427  0.25      64   64   125     1     1427   2712     1     1     3    -4     1       -3  252006  2353447 
 1500  0.25      76  181    73     0     1500   2639     0     0     3    -4     0       -3  252006  2353447 
 1552  0.25      85  265   125     1     1552   2587    -1     0     3    -4     0       -3  252006  2353447 
 1696  0.50      72  288   144     1     1696   2443     0    -1     3    -5    -1       -4  252006  2353446 
 1774  0.25       5  185    78     1     1774   2365     0     0     2    -5     0       -4  252005  2353446 
 1835  1.25      76  104    61     1     1835   2304    -1     0     2    -5     0       -4  252005  2353446 
 1867  1.75      86   94    32     1     1867   2272     0     1     2    -4     1       -3  252005  2353447 
 1928  3.75      87   93    61     3     1928   2211     0     3     1    -1     3       -1  252004  2353450 
 1959  4.50      89   89    31     2     1959   2180     0     2     1     1     2        2  252004  2353452 
 1991  5.25      83   83    32     3     1991   2148     0     3     2     4     3        4  252005  2353455 
 2000  5.48      82   82     9     1     2000   2139     0     1     2     5     1        5  252005  2353456 
 2021  6.00      80   80    30     3     2021   2118     0     3     2     7     3        7  252005  2353458 
 2084  7.75      80   80    63     8     2083   2056     1     7     3    15     8       15  252006  2353466 
 2141  9.09      80   80    56     8     2139   2000     1     8     5    23     8       23  252008  2353474 
 2148  9.25      80   80    63     9     2146   1993     2     9     5    24     9       24  252008  2353475 
 2242 10.25      81   81    93    16     2239   1900     3    16     8    40    16       40  252011  2353491 
 2333 11.25      82   82    89    17     2328   1811     3    17    10    56    17       57  252013  2353507 
 2428 12.25      82   82    93    19     2421   1718     3    19    13    75    19       77  252016  2353526 
 2500 13.26      80   80    70    16     2492   1647     2    16    15    91    16       92  252018  2353542 
 2551 13.97      79   79   120    28     2541   1598     5    28    17   103    28      104  252020  2353554 
 2553 14.00      79   79   122    28     2543   1596     5    28    18   103    28      105  252021  2353554 
 2643 15.50      80   80    87    23     2630   1509     4    23    22   126    23      128  252025  2353577 
 2737 18.00      80   80    90    27     2720   1419     5    27    26   153    27      155  252029  2353604 
 2830 20.25      80   80    88    30     2808   1331     5    30    32   183    30      185  252035  2353634 
 2923 22.75      79   79    87    34     2895   1244     6    34    38   216    34      219  252041  2353667 
 3000 23.78      78   78    71    30     2965   1174     6    30    44   246    30      250  252047  2353697 
 3016 24.00      78   78    85    37     2980   1159     7    36    45   252    37      256  252048  2353703 
 3140 25.75      79   79   112    52     3092   1047    10    51    56   303    52      309  252059  2353754 
 3234 26.50      78   78    84    41     3177    962     8    41    64   344    41      350  252067  2353795 
 3328 27.25      78   78    84    42     3261    878     9    42    73   386    42      392  252076  2353837 
 3419 27.75      79   79    81    42     3341    798     8    41    81   427    42      434  252084  2353878 
 3500 27.30      79   79    72    37     3413    726     7    37    88   464    37      472  252091  2353915 
 3510 27.25      79   79    81    42     3422    717     8    41    89   468    42      476  252092  2353919 
 3605 27.25      78   78    84    43     3507    632     9    43    98   511    43      520  252101  2353962 
 3730 27.00      78   78   111    57     3618    521    12    56   110   566    57      577  252113  2354017 
 3824 27.00      78   78    84    43     3702    437     9    42   119   608    43      619  252122  2354059 
 3915 26.00      77   77    81    41     3783    356     9    40   127   648    41      660  252130  2354099 
 3971 26.75      79   79    50    25     3833    306     5    24   133   672    25      685  252136  2354123 
 4000 27.21      79   79    26    13     3859    280     3    13   135   685    13      698  252138  2354136 
 4034 27.75      79   79    56    29     3889    250     6    28   138   700    29      714  252141  2354151 
 4138 27.50      78   78    92    48     3981    158    10    47   148   748    48      762  252151  2354199 
 4201 27.50      78   78    56    29     4037    102     6    28   154   776    29      791  252157  2354227 
 4294 27.25      77   77    83    43     4120     19     9    42   163   818    43      834  252166  2354269 
 4316 27.19      77   77    20    10     4139      0     2    10   165   828    10      844  252168  2354279 
 4388 27.00      76   76    84    43     4204    -65    10    42   173   860    43      877  252176  2354311 
 4482 26.50      78   78    84    42     4287   -148    10    41   182   901    42      919  252185  2354352 
 4500 26.50      78   78    16     8     4304   -165     2     8   184   909     8      927  252187  2354360 
 4579 26.50      77   77    87    43     4374   -235     9    42   192   943    43      962  252195  2354394 
 4673 26.75      78   78    84    42     4458   -319     9    41   201   984    42     1004  252204  2354435 
 4799 27.50      78   78   112    57     4570   -431    12    56   213  1040    57     1062  252216  2354491 
 4894 28.00      79   79    84    44     4655   -516     9    43   222  1084    44     1106  252225  2354535 
 4990 28.00      78   78    85    45     4739   -600     9    44   231  1128    45     1151  252234  2354579 
 5000 28.05      78   78     9     5     4748   -609     1     5   232  1132     5     1155  252235  2354583 
 5083 28.50      78   78    82    44     4821   -682     9    43   240  1171    44     1195  252243  2354622 
 5173 29.00      80   80    79    43     4900   -761     8    42   248  1213    43     1238  252251  2354664 
 5266 28.50      79   79    82    45     4982   -843     8    44   256  1257    45     1283  252259  2354708 
 5360 28.25      80   80    83    45     5064   -925     8    44   264  1301    45     1327  252267  2354752 
 5445 28.25      80   80    75    40     5139  -1000     7    40   271  1341    40     1368  252274  2354792 
 5454 28.25      80   80    83    44     5147  -1008     8    44   272  1345    44     1372  252275  2354796 
 5500 28.16      80   80    41    22     5188  -1049     4    21   276  1367    22     1394  252279  2354818 
 5584 28.00      80   80   115    61     5262  -1123    11    60   283  1405    61     1433  252286  2354856 
 5708 28.00      80   80   109    58     5371  -1232    10    57   293  1463    58     1491  252296  2354914 
 5833 27.50      80   80   111    58     5482  -1343    10    57   303  1520    58     1550  252306  2354971 
 5960 27.50      81   81   113    59     5595  -1456    10    58   313  1578    59     1608  252316  2355029 
 6000 27.66      81   81    35    19     5630  -1491     3    18   316  1596    19     1627  252319  2355047 
 6084 28.00      81   81   110    58     5704  -1565     9    57   322  1635    58     1666  252325  2355086 
 6209 28.50      80   80   110    59     5814  -1675    10    58   331  1693    59     1725  252334  2355144 
 6276 28.50      81   81    59    32     5873  -1734     5    32   337  1725    32     1757  252340  2355176 
 6301 28.50      81   81    81    44     5895  -1756     7    43   339  1737    44     1769  252342  2355188 
 6363 28.50      79   79    54    30     5950  -1811     5    29   344  1766    30     1799  252347  2355217 
 6463 28.25      80   80    88    48     6038  -1899     9    47   352  1813    48     1846  252355  2355264 
 6500 28.15      80   80    33    17     6070  -1931     3    17   356  1830    17     1864  252359  2355281 
 6556 28.00      79   79    82    44     6120  -1981     8    43   360  1856    44     1890  252363  2355307 
 6578 28.00      79   79    19    10     6139  -2000     2    10   362  1866    10     1900  252365  2355317 
 6647 28.00      80   80    80    43     6200  -2061     8    42   368  1898    43     1933  252371  2355349 
 6759 27.25      78   78    99    52     6299  -2160    10    51   378  1949    52     1985  252381  2355400 
 6911 25.00      78   78   136    67     6436  -2297    14    65   392  2014    67     2052  252395  2355465 
 7000 24.60      80   80    81    37     6517  -2378     7    37   399  2051    37     2089  252402  2355502 
 7021 24.50      81   81   100    46     6536  -2397     8    45   400  2059    46     2098  252403  2355510 
 7081 24.50      81   81    55    25     6590  -2451     4    25   404  2084    25     2122  252407  2355535 
                                                                                                             
                                                                                                             
                                                                                                             
                                                                                                             
                                                                                                             
                                                                                                             
                                                                                                             
                                                                                                             
                                                                                                             
                                                                                                             
                                                                                                             
                                                                                                             
                                                                                                             
                                                                                                             
                                                                                                             
                                                                                                             
                                                                                                             
                                                                                                             
                                                                                                             
                                                                                                             
                                                                                                             
                                                                                                             
                                                                                                             
                                                                                                             
                                                                                                             
                                                                                                             
                                                                                                             
                                                                                                             
                                                                                                             
                                                                                                             
                                                                                                             
                                                                                                             
                                                                                                             
                                                                                                             
                                                                                                             
                                                                                                             
                                                                                                             
                                                                                                             
                                                                                                             
                                                                                                             
                                                                                                             
                                                                                                             
                                                                                                             
                                                                                                             
                                                                                                             
                                                                                                             
                                                                                                             
                                                                                                             
                                                                                                             
                                                                                                             
                                                                                                             
                                                                                                             
                                                                                                             
                                                                                                             
                                                                                                             
                                                                                                             
                                                                                                             
                                                                                                             
                                                                                                             
                                                                                                             
                                                                                                             
                                                                                                             
                                                                                                             
                                                                                                             
                                                                                                             
                                                                                                             
                                                                                                             
                                                                                                             
                                                                                                             
                                                                                                             
                                                                                                             
                                                                                                             
                                                                                                             
                                                                                                             
                                                                                                             
                                                                                                             
                                                                                                             
                                                                                                             
                                                                                                             
                                                                                                             
                                                                                                             
                                                                                                             
                                                                                                             
                                                                                                             
                                                                                                             
                                                                                                             
                                                                                                             
                                                                                                             
                                                                                                             
                                                                                                             
                                                                                                             
                                                                                                             
                                                                                                             
                                                                                                             
                                                                                                             
                                                                                                             
                                                                                                             
                                                                                                             
                                                                                                             
                                                                                                             
                                                                                                             
                                                                                                             
                                                                                                             
                                                                                                             
                                                                                                             
                                                                                                             
                                                                                                             
                                                                                                             
                                                                                                             
                                                                                                             
                                                                                                             
                                                                                                             
                                                                                                             
                                                                                                             
                                                                                                             
                                                                                                             
                                                                                                             
