        WELL DATA SUMMARY                                                                                                                                                                                                                                                               
                
COREHOLE NAVY I 66-8            
                                
Sec Azim70.00   70      N70E    
Elev    4200.00 KB      
Coords: North   256630  East    2358800                 
                                 Course                 
   MD   Drift A.Drift D.  Azim   Length    DH      TVD     SSD     DNS     DEW     N-S     E-W    DSec     Sec    N-LAM E-LAM   
_________________________________________________________________________________________________________________________________       
                                                                                                                                                                                                                                                                                        
      0    0.00     343     343       0       0       0    4200       0       0       0       0       0       0  256630 2358800                                                                                                                                                         
    100    0.13     343     343     100       0     100    4100       0       0       0       0       0       0  256630 2358800 
    200    0.25     343     343     200       0     200    4000       0       0       0       0       0       0  256630 2358800 
    300    0.38     343     343     100       1     300    3900       1       0       1       0       0       0  256631 2358800 
    400    0.50     343     343     100       1     400    3800       1       0       2      -1       0       0  256632 2358799 
    500    0.63     343     343     500       3     500    3700       3      -1       3      -1       0       0  256633 2358799 
    600    0.75     343     343     600       4     600    3600       4      -1       4      -1       0       0  256634 2358799                                                                                                                                                         
    607    0.77     343     343       7       0     607    3593       0       0       4      -1       0       0  256634 2358799 
    653    0.90     346     346      46       1     653    3547       1       0       4      -1       0       0  256634 2358799 
    700    1.04     348     348      47       1     700    3500       1       0       5      -2       0       0  256635 2358798 
    755    1.19     351     351     155       3     755    3445       3      -1       6      -2       0       1  256636 2358798 
    775    1.25     152     352     175       3     775    3425       3      -1       7      -2       0       1  256637 2358798                                                                                                                                                         
    795    1.60       9       9      20       0     795    3405       0       0       6      -2       0       0  256636 2358798                                                                                                                                                         
    800    1.70      10      10       5       0     800    3400       0       0       6      -2       0       1  256636 2358798 
    815    2.00      14      14      20       1     815    3385       1       0       7      -2       0       1  256637 2358798                                                                                                                                                         
    835    3.00      26      26      20       1     835    3365       1       0       8      -1       1       1  256638 2358799                                                                                                                                                         
    850    3.75      36      36      15       1     850    3350       1       0       8      -1       1       2  256638 2358799 
    855    4.00      39      39      20       1     855    3345       1       1       9      -1       1       2  256639 2358799                                                                                                                                                         
    875    4.50      49      49      20       1     875    3325       1       1      10       0       1       4  256640 2358800                                                                                                                                                         
    895    4.90      54      54      20       2     895    3305       1       1      11       2       2       5  256641 2358802                                                                                                                                                         
    900    5.03      56      56       5       0     900    3300       0       0      11       2       0       6  256641 2358802 
    915    5.40      63      63      20       2     915    3285       1       2      12       3       2       7  256642 2358803                                                                                                                                                         
    935    6.10      62      62      20       2     935    3265       1       2      13       5       2       9  256643 2358805                                                                                                                                                         
    955    6.60      69      69      20       2     954    3246       1       2      14       7       2      11  256644 2358807                                                                                                                                                         
    975    7.10      70      70      20       2     974    3226       1       2      14       9       2      14  256644 2358809                                                                                                                                                         
    980    7.23      70      70       5       1     979    3221       0       1      15      10       1      14  256645 2358810 
    995    7.60      71      71      20       3     994    3206       1       2      15      12       3      16  256645 2358812                                                                                                                                                         
   1000    7.75      71      71       5       1     999    3201       0       1      15      12       1      17  256645 2358812 
   1015    8.20      71      71      20       3    1014    3186       1       3      16      14       3      19  256646 2358814                                                                                                                                                         
   1035    8.75      71      71      20       3    1034    3166       1       3      17      17       3      22  256647 2358817                                                                                                                                                         
   1055    9.40      70      70      20       3    1053    3147       1       3      18      20       3      25  256648 2358820                                                                                                                                                         
   1080   10.00      70      70      25       4    1078    3122       1       4      20      24       4      29  256650 2358824                                                                                                                                                         
   1091   10.00      70      70      11       2    1089    3111       1       2      20      26       2      31  256650 2358826 
   1100   10.00      70      70       9       2    1098    3102       1       1      21      27       2      33  256651 2358827 
   1150    9.99      69      69      69      12    1147    3053       4      11      24      35      12      41  256654 2358835 
   1160    9.99      69      69      79      14    1157    3043       5      13      24      37      14      43  256654 2358837 
   1200    9.98      69      69     118      21    1196    3004       7      19      27      43      21      50  256657 2358843 
   1204    9.98      69      69       4       1    1200    3000       0       1      27      44       1      51  256657 2358844 
   1250    9.98      68      68     167      29    1246    2954      11      28      30      51      29      59  256660 2358851 
   1271    9.97      68      68     188      33    1266    2934      12      31      32      55      33      62  256662 2358855 
   1276    9.97      68      68     193      34    1271    2929      12      32      32      56      34      63  256662 2358856 
   1284    9.97      68      68     201      35    1279    2921      13      33      32      57      35      64  256662 2358857 
   1294    9.97      67      67     211      37    1289    2911      13      35      33      58      37      66  256663 2358858 
   1300    9.97      67      67     217      38    1295    2905      14      36      33      59      38      67  256663 2358859 
   1350    9.96      67      67     266      47    1344    2856      17      44      37      67      47      76  256667 2358867 
   1400    9.96      66      66     315      55    1393    2807      21      51      40      75      55      85  256670 2358875 
   1402    9.96      66      66     317      56    1395    2805      21      52      40      76      56      85  256670 2358876 
   1450    9.95      66      66     364      64    1443    2757      24      59      44      83      64      93  256674 2358883 
   1480    9.95      65      65      30       5    1472    2728       2       5      46      88       5      98  256676 2358888 
   1500    9.94      65      65      20       3    1492    2708       1       3      47      91       3     102  256677 2358891 
   1600    9.93      63      64      98      17    1590    2610       7      16      55     107      17     119  256685 2358907 
   1700    9.92      62      63      99      17    1689    2511       8      15      63     122      17     136  256693 2358922 
   1711    9.92      62      62     257      45    1700    2500      20      40      64     124      45     138  256694 2358924 
   1750    9.91      62      62     296      52    1738    2462      23      46      67     130      51     145  256697 2358930 
   1778    9.91      62      62      28       5    1766    2434       2       4      69     134       5     149  256699 2358934 
   1800    9.90      61      61      22       4    1787    2413       2       3      71     137       4     153  256701 2358937 
   1826    9.90      61      61     735     129    1813    2387      53     117      73     141     129     158  256703 2358941                                                                                                                                                         
   1848    9.91      61      61      22       4    1835    2365       2       3      75     144       4     161  256705 2358944 
   1900    9.93      62      62      51       9    1886    2314       4       8      79     152       9     170  256709 2358952 
   1940    9.94      63      63      91      16    1925    2275       7      14      82     158      16     177  256712 2358958 
   1986    9.96      63      63      45       8    1971    2229       4       7      86     166       8     185  256716 2358966 
   2000    9.97      63      64      14       2    1984    2216       1       2      87     168       2     187  256717 2358968 
   2029    9.98      64      64      42       7    2013    2187       3       7      89     172       7     192  256719 2358972 
   2032    9.98      64      64       3       1    2016    2184       0       0      89     173       1     193  256719 2358973 
   2042    9.98      64      64      10       2    2026    2174       1       2      90     174       2     195  256720 2358974 
   2075   10.00      65      65      42       7    2058    2142       3       7      93     179       7     200  256723 2358979 
   2088   10.00      65      65     982     173    2071    2129      66     160      87     186     173     204  256717 2358986                                                                                                                                                         
   2089   10.00      65      65     925     163    2072    2128      63     150      87     185     163     204  256717 2358985                                                                                                                                                         
   2100   10.00      65      65      11       2    2083    2117       1       2      88     187       2     206  256718 2358987 
   2119   10.00      65      65     944     166    2101    2099      65     153      89     190     166     209  256719 2358990                                                                                                                                                         
   2159   10.00      65      65     944     166    2141    2059      66     153      93     196     166     216  256723 2358996                                                                                                                                                         
   2200   10.00      65      65      40       7    2181    2019       3       6      96     203       7     223  256726 2359003 
   2209   10.00      65      65     990     174    2190    2010      69     160      96     204     174     225  256726 2359004                                                                                                                                                         
   2219   10.00      65      65      10       2    2200    2000       1       2      97     206       2     226  256727 2359006 
   2242   10.00      65      65     977     172    2223    1977      69     158      99     209     172     230  256729 2359009                                                                                                                                                         
   2300   10.00      65      65      57      10    2280    1920       4       9     103     218      10     240  256733 2359018 
   2325   10.00      65      65    1038     183    2304    1896      73     167     105     222     182     245  256735 2359022                                                                                                                                                         
   2400   10.00      65      65      74      13    2378    1822       6      12     110     234      13     258  256740 2359034 
   2414   10.00      65      65      88      15    2392    1808       7      14     111     236      15     260  256741 2359036 
   2434   10.00      65      65    1140     201    2412    1788      81     184     113     239     200     264  256743 2359039                                                                                                                                                         
   2449   10.00      65      65    1147     202    2426    1774      81     185     114     242     202     266  256744 2359042                                                                                                                                                         
   2457   10.00      65      65    1145     202    2434    1766      81     185     114     243     201     267  256744 2359043                                                                                                                                                         
   2500   10.00      63      63    1182     208    2477    1723      87     189     121     248     207     275  256751 2359048                                                                                                                                                         
   2517   10.00      63      63    1149     202    2493    1707      86     183     123     251     201     277  256753 2359051                                                                                                                                                         
   2600   10.00      63      63      82      14    2575    1625       7      13     129     263      14     292  256759 2359063 
   2603   10.00      63      63    1185     208    2578    1622      90     188     130     264     208     292  256760 2359064                                                                                                                                                         
   2700   10.00      63      63    1278     225    2674    1526      97     203     137     279     224     309  256767 2359079                                                                                                                                                         
   2800   10.00      63      63    1330     234    2772    1428     102     211     145     294     233     326  256775 2359094                                                                                                                                                         
   2832   10.00      63      63    1332     234    2804    1396     102     211     148     299     233     331  256778 2359099                                                                                                                                                         
   2850   10.00      63      63    1122     197    2821    1379      90     175     154     299     195     333  256784 2359099                                                                                                                                                         
   2889   10.50      65      65    1121     202    2859    1341      90     181     157     310     200     345  256787 2359110                                                                                                                                                         
   2900   10.50      65      65      11       2    2870    1330       1       2     158     312       2     347  256788 2359112 
   3000   10.50      65      65      98      18    2968    1232       8      17     165     328      18     365  256795 2359128 
   3018   10.50      65      65    1220     220    2986    1214      99     196     168     330     218     368  256798 2359130                                                                                                                                                         
   3023   10.52      65      65       5       1    2991    1209       0       1     168     331       1     368  256798 2359131 
   3100   10.82      68      68      76      14    3067    1133       6      13     174     344      14     383  256804 2359144 
   3145   11.00      69      69    1323     244    3110    1090     103     221     173     359     243     396  256803 2359159                                                                                                                                                         
   3146   11.00      69      69       1       0    3111    1089       0       0     173     359       0     396  256803 2359159 
   3200   11.00      69      69      53      10    3164    1036       4      10     177     368      10     407  256807 2359168 
   3237   11.00      69      69      89      17    3200    1000       6      16     180     375      17     414  256810 2359175 
   3269   11.00      69      69     121      23    3232     968       8      22     182     381      23     420  256812 2359181 
   3300   11.00      69      69      30       6    3262     938       2       6     184     386       6     426  256814 2359186 
   3329   11.00      69      69    1478     273    3291     909     115     247     188     388     272     429  256818 2359188                                                                                                                                                         
   3400   12.38      68      68      70      14    3361     839       5      13     194     402      14     444  256824 2359202 
   3406   12.50      68      68    1293     257    3364     836     103     236     189     421     257     461  256819 2359221                                                                                                                                                         
   3489   12.80      66      66      81      18    3444     756       7      17     196     438      18     479  256826 2359238 
   3500   12.84      66      66      11       2    3455     745       1       2     197     440       2     481  256827 2359240 
   3600   13.20      64      64      97      23    3553     647      10      20     207     461      22     504  256837 2359261 
   3683   13.50      62      62    1561     325    3632     568     145     291     232     476     323     527  256862 2359276                                                                                                                                                         
   3700   13.70      62      62      17       4    3649     551       2       4     234     479       4     531  256864 2359279 
   3800   14.88      64      64      97      25    3746     454      11      22     245     501      25     555  256875 2359301 
   3829   15.22      65      65     141      36    3774     426      16      32     248     508      36     563  256878 2359308 
   3879   15.81      66      66      48      13    3822     378       6      12     254     520      13     576  256884 2359320 
   3895   16.00      66      66     205      54    3837     363      24      49     256     524      54     580  256886 2359324 
   3900   16.02      66      66       5       1    3842     358       1       1     256     526       1     582  256886 2359326 
   3924   16.12      67      67      28       8    3865     335       3       7     259     532       8     588  256889 2359332 
   3953   16.23      68      68      28       8    3893     307       3       7     262     539       8     596  256892 2359339 
   3999   16.42      69      69      44      13    3937     263       5      12     267     551      13     609  256897 2359351 
   4000   16.42      69      69       1       0    3938     262       0       0     267     551       0     610  256897 2359351 
   4033   16.55      70      70      33      10    3970     230       3       9     270     560      10     619  256900 2359360 
   4086   16.77      71      71      51      15    4021     179       5      14     275     575      15     634  256905 2359375 
   4100   16.82      72      72      13       4    4034     166       1       4     277     578       4     638  256907 2359378 
   4144   17.00      73      73     428     118    4077     123      45     109     279     588     117     648  256909 2359388                                                                                                                                                         
   4200   17.72      74      74      53      17    4131      69       5      16     283     604      17     665  256913 2359404 
   4218   17.95      74      74      71      22    4148      52       6      21     285     609      22     670  256915 2359409 
   4273   18.65      76      76      52      17    4200       0       4      17     289     626      17     687  256919 2359426 
   4300   19.00      76      76      26       9    4225     -25       2       8     292     635       9     696  256922 2359435 
   4318   19.23      76      76      95      32    4242     -42       8      31     293     640      32     702  256923 2359440 
   4398   20.25      78      78     570     180    4316    -116      58     171     304     672     180     735  256934 2359472                                                                                                                                                         
   4400   20.28      78      78       2       1    4318    -118       0       1     304     673       1     736  256934 2359473 
   4458   21.07      80      80      56      21    4372    -172       4      21     308     693      21     756  256938 2359493 
   4500   21.65      81      81      39      15    4411    -211       3      15     310     708      15     771  256940 2359508 
   4554   22.39      83      83      89      36    4461    -261       5      35     313     728      35     791  256943 2359528 
   4579   22.73      84      84      23      10    4484    -284       1      10     314     738       9     801  256944 2359538 
   4600   23.02      84      84      19       8    4504    -304       1       8     315     746       8     808  256945 2359546 
   4700   24.38      87      87      92      40    4595    -395       3      40     318     786      39     847  256948 2359586 
   4738   24.90      89      89     145      64    4630    -430       4      64     319     802      62     862  256949 2359602 
   4778   25.45      90      90      36      17    4666    -466       0      17     319     819      16     878  256949 2359619 
   4800   25.75      90      90      56      27    4686    -486       0      27     319     828      25     887  256949 2359628 
   4818   26.00      91      91     877     335    4699    -499      68     328     322     849     332     907  256952 2359649                                                                                                                                                         
   4878   26.00      91      91     918     352    4755    -555      70     345     326     870     348     929  256956 2359670                                                                                                                                                         
                                                                                                                                                                                                                                                                                        
                                                                                                                                                                                                                                                                                        
                                                                                                                                                                                                                                                                                        
                                                                                                                                                                                                                                                                                        
                                                                                                                                                                                                                                                                                        
                                                                                                                                                                                                                                                                                        
                                                                                                                                                                                                                                                                                        
                                                                                                                                                                                                                                                                                        
                                                                                                                                                                                                                                                                                        
                                                                                                                                                                                                                                                                                        
                                                                                                                                                                                                                                                                                        
                                                                                                                                                                                                                                                                                        
                                                                                                                                                                                                                                                                                        
