Well 43A-7										43A-7										
Elev:  4187 kb   Coords: North 258281  East 2352210										Measured	Incl	Drift	True			Vertical	CLOSURE		Dogleg	Course
										Depth	Angle	Direction	Vertical	N-S	E-W	Section	Distance	Direction	Severity	Length
MD	TVD	E-W	N-S	N-LAM	E-LAM					FT	Deg	Deg	Depth	FT	FT	FT	FT	Deg	Deg/100	FT
										0.001	0.001	0.001	0.001	0.001	0.001	0.001	0.001	0.001	0.001	0.001
0	0	0	0	258281	2352210					199	0.5	173	199	-0.86	0.11	-0.77	0.87	173	0.25	199
187	187	0	-1	258280	2352210					434	0.25	238	433.99	-2.15	-0.2	-1.65	2.16	185.42	0.19	235
199	199	0	-1	258280	2352210					638	0.5	210	637.99	-3.16	-1.03	-2	3.32	198.01	0.15	204
434	434	-1	-2	258279	2352209					745	1.1	224.7	744.98	-4.29	-1.98	-2.38	4.73	204.79	0.59	107
638	638	-1	-3	258278	2352209					847	0.9	248	846.96	-5.29	-3.41	-2.37	6.29	212.84	0.44	102
745	745	-2	-4	258277	2352208					942	1.6	235.7	941.94	-6.32	-5.2	-2.19	8.18	219.47	0.78	95
847	847	-4	-5	258276	2352206					1037	2	239.2	1036.89	-7.91	-7.72	-2.05	11.05	224.3	0.44	95
942	942	-6	-6	258275	2352204					1166	2	228.9	1165.81	-10.54	-11.35	-2.13	15.49	227.11	0.28	129
1037	1037	-8	-8	258273	2352202					1261	2.5	253	1260.74	-12.24	-14.58	-1.66	19.04	229.99	1.11	95
1166	1166	-12	-11	258270	2352198					1355	2.4	275.1	1354.66	-12.66	-18.5	0.24	22.42	235.61	1	94
1187	1187	-12	-11	258270	2352198					1451	3.6	294.4	1450.53	-11.24	-23.25	4.13	25.82	244.2	1.62	96
1261	1261	-15	-12	258269	2352195					1547	6.2	309.2	1546.17	-6.72	-30.01	11.71	30.76	257.38	2.99	96
1355	1355	-19	-13	258268	2352191					1644	8.1	312.3	1642.41	1.19	-39.13	23.42	39.15	271.75	2	97
1451	1451	-24	-12	258269	2352186					1739	8.4	313.1	1736.43	10.44	-49.14	36.74	50.24	281-99	0.34	95
1547	1546	-31	-7	258274	2352179					1834	9.6	316.1	1830.26	20.89	-59.7	51.36	63.25	289.28	1.36	95
1644	1642	-40	1	258282	2352170					1929	9.8	319	1923.9	32.7	-70.5	67.22	77.71	294.88	0.56	95
1739	1736	-50	10	258291	2352160					2057	9.4	329.3	2050.12	49.91	-82.99	88.48	96.84	301.02	1.38	128
1834	1830	-61	20	258301	2352149					2276	11.4	337.8	2265.52	85.33	-100.3	127.43	131.68	310.39	1.15	219
1929	1924	-71	32	258313	2352139					2371	13.2	337.2	2358.34	104.02	-108.05	147.19	149.98	313.91	1.9	95
2025	2019	-81	45	258326	2352129	LC				2480	14.25	333	2464.23	127.46	-118.96	172.64	174.35	316.97	1.33	109
2057	2050	-84	49	258330	2352126					2544	13.5	327	2526.37	140.74	-126.61	187.91	189.31	318.03	2.53	64
2196	2187	-95	71	258352	2352115					2704	12.25	320	2682.35	169.41	-147.69	223.49	224.75	318.92	1.25	160
2276	2266	-102	85	258366	2352108					3242	9.5	338	3210.79	254.34	-201.03	323.65	324.2	321.68	0.81	538
2371	2358	-109	104	258385	2352101					3398	10	341	3364.54	279.08	-210.27	349.22	349.43	323.01	0.46	156
2480	2464	-120	127	258408	2352090					3491	11.25	339	3455.94	295.19	-216.15	365.78	365.86	323.79	1.4	93
2544	2526	-128	140	258421	2352082					3554	13	330	3517.54	307.06	-221.89	378.81	378.85	324.15	4.08	63
2657	2636	-143	161	258442	2352067	-120bbls				3649	15	328	3609.71	326.75	-233.75	401.73	401.75	324.42	2.17	95
2666	2645	-144	163	258444	2352066	-120bph				3927	16	320	3877.63	386.61	-277.45	475.83	475.87	324.34	0.85	278
2704	2682	-149	169	258450	2352061					4086	15.25	324	4030.76	420.32	-303.83	518.57	518.63	324.14	0.83	159
2910	2884	-174	203	258484	2352036	-180bph				4358	14.25	330	4293.8	478.26	-341.6	587.7	587.72	324.46	0.67	272
3016	2988	-184	220	258501	2352026	-120bph				4558	15.5	324	4487.11	521.2	-369.61	638.94	638.95	324.66	0.99	200
3100	3071	-192	233	258514	2352018	LC				4710	17.5	329	4632.85	557.22	-393.33	682.05	682.06	324.78	1.61	152
3167	3137	-197	244	258525	2352013	13 3/8 shoe				4915	17	328	4828.63	609.06	-425.08	742.73	742.73	325.09	0.28	205
3218	3187	-200	252	258533	2352010					5390	14.75	334	5285.51	722.32	-488.4	871.82	871.94	325.94	0.59	475
3242	3211	-201	256	258537	2352009					5647	13.75	322	5534.66	775.8	-521.55	934.65	934.82	326.09	1.21	257
3398	3364	-211	281	258562	2351999					5870	11.75	331	5752.17	816.55	-548.88	983.71	983.89	326.09	1.26	223
3491	3456	-217	297	258578	2351993					5984	12.25	324	5863.68	836.49	-561.62	1007.35	1007.54	326.12	1.35	114
3554	3517	-222	309	258590	2351988					6038	12.25	324	5916.46	845.76	-568.35	1018.8	1018.99	326.1	0.001	54
3649	3610	-234	328	258609	2351976	mrt=150														
3800	3755	-256	361	258642	2351954	LC														
3927	3877	-278	389	258670	2351932	mrt=430														
4086	4031	-304	422	258703	2351906	mrt=392														
4248	4187	-328	457	258738	2351882															
4358	4294	-342	480	258761	2351868	mrt=360
4558	4487	-370	523	258804	2351840	mrt=435
4710	4633	-394	559	258840	2351816	mrt=388
4860	4776	-417	598	258879	2351793	"5#, 5F"
4915	4828	-425	611	258892	2351785	mrt=415
4923	4836	-427	613	258894	2351783	"0#, 9F"
4961	4872	-432	623	258904	2351778	
5169	5072	-462	673	258954	2351748	mrt=444
5258	5158	-474	695	258976	2351736	#drillbreak
5288	5187	-478	702	258983	2351732	
5372	5268	-487	721	259002	2351723	#drillbreak
5390	5285	-489	725	259006	2351721	mrt=434
5500	5392	-503	750	259031	2351707	#drillbreak
5647	5534	-523	779	259060	2351687	mrt=452
5870	5752	-550	820	259101	2351660	mrt=426
5984	5863	-563	840	259121	2351647	mrt=440
6038	5916	-570	849	259130	2351640	TD
