      WELL DATA SUMMARY                                                                                                                                                                                                        
                                                                                                                                                                         
Well  NAVY I 52-7                                                                                                                                                        
                                                                                                                                                                         
Sec Az28.38                                                                                                                                                              
Elev   4180 KB                                                                                                                                                           
CoordsNorth  259399 East              2353153                                                                                                                            
                         Course                                                                                                                                          
  MD  Drift Drift D. AzimLength  DH     TVD     SSD    DNS   DEW   N-S   E-W  DSec   Sec   N-LAM E-LAM                                                                   
__________________________________________________________________________________________________________                                                               
                                                                                                                                                                         
    0  0.00      90   90                        4180     0     0     0     0     0     0  259399  2353153                                                                
  224  0.45      90   90   224     1      224   3956     0     1     0     1     0     0  259399  2353154                                                                                                          
  370  0.25      90   90   146     1      370   3810     0     1     0     2     0     1  259399  2353155                                                                                                          
  462  0.25      90   90    92     0      462   3718     0     0     0     2     0     1  259399  2353155                                                                                                          
  500  0.25      90   90    38     0      500   3680     0     0     0     2     0     1  259399  2353155                                                                
  609  0.25      90   90   109     0      609   3571     0     0     0     3     0     1  259399  2353156                                                                                                          
  640  0.75      85   85    31     0      640   3540     0     0     0     3     0     1  259399  2353156                                                                                                          
  672  1.25      80   80    32     1      672   3508     0     1     0     4     0     2  259399  2353157                                                                                                          
  702  1.75      72   72    30     1      702   3478     0     1     0     4     1     2  259399  2353157                                                                                                          
  732  2.50      65   65    30     1      732   3448     0     1     1     5     1     3  259400  2353158                                                                                                          
  762  3.00      53   53    30     1      762   3418     1     1     1     7     1     4  259400  2353160                                                                                                          
  793  3.50      47   47    31     2      793   3387     1     1     3     8     2     6  259402  2353161                                                                                                          
  824  4.00      47   47    31     2      824   3356     1     1     4     9     2     8  259403  2353162                                                                                                          
  856  4.75      43   43    32     2      856   3324     2     2     6    11     2    10  259405  2353164                                                                                                          
  887  5.00      35   35    31     3      887   3293     2     2     8    13     3    13  259407  2353166                                                                                                          
  918  5.50      32   32    31     3      917   3263     2     2    10    14     3    16  259409  2353167                                                                                                          
  949  6.00      34   34    31     3      948   3232     3     2    13    16     3    19  259412  2353169                                                                                                          
  979  6.25      43   43    30     3      978   3202     3     2    15    18     3    22  259414  2353171                                                                                                          
 1000  6.42      46   46    21     2      999   3181     2     2    17    20     2    24  259416  2353173                                                                
 1010  6.50      48   48    10     1     1009   3171     1     1    18    21     1    25  259417  2353174                                                                                                          
 1040  7.25      50   50    30     4     1039   3141     2     3    20    23     3    29  259419  2353176                                                                                                          
 1071  8.00      49   49    31     4     1069   3111     3     3    23    26     4    32  259422  2353179                                                                                                          
 1183  9.75      42   42   111    17     1180   3000    12    12    35    39    17    49  259434  2353192                                                                                                          
 1103  8.50      47   47    32     5     1101   3079     3     3    26    30     4    37  259425  2353183                                                                                                          
 1197 10.00      42   42    93    15     1194   2986    11    11    36    40    15    51  259435  2353193                                                                                                          
 1259 11.25      40   40    61    11     1255   2925     9     7    45    48    11    62  259444  2353201                                                                                                          
 1353 12.75      39   39    92    20     1347   2833    15    12    60    60    19    82  259459  2353213                                                                                                          
 1496 14.75      39   39   139    34     1486   2694    26    21    87    82    33   115  259486  2353235                                                                                                          
 1500 14.84      39   39     4     1     1490   2690     1     1    87    82     1   116  259486  2353235                                                                
 1590 16.75      36   36    87    24     1576   2604    19    15   107    97    24   140  259506  2353250                                                                                                          
 1747 15.75      35   35   151    44     1727   2453    36    26   143   123    44   184  259542  2353276                                                                                                          
 1761 15.94      35   35    13     4     1740   2440     3     2   146   125     4   188  259545  2353278                                                                                                          
 1837 17.00      32   32    73    22     1813   2367    18    12   164   137    21   209  259563  2353290                                                                                                          
 1940 17.50      32   32    98    31     1912   2268    26    16   190   153    30   240  259589  2353306                                                                                                          
 2000 17.67      31   31    57    18     1969   2211    15     9   205   162    18   258  259604  2353315                                                                
 2030 17.75      30   30    29     9     1997   2183     8     5   213   167     9   267  259612  2353320                                                                                                          
 2126 18.00      31   31    91    29     2089   2091    25    15   238   182    29   296  259637  2353335                                                                                                          
 2221 18.75      29   29    90    30     2179   2001    26    15   264   197    30   326  259663  2353350                                                                                                          
 2222 18.76      29   29     1     0     2180   2000     0     0   265   197     0   327  259664  2353350                                                                                                          
 2315 19.50      29   29    89    31     2268   1912    27    15   291   212    31   357  259690  2353365                                                                                                          
 2409 19.75      30   30    89    32     2356   1824    27    16   319   227    32   389  259718  2353380                                                                                                          
 2500 19.75      26   26    86    31     2442   1738    27    14   346   242    31   419  259745  2353395                                                                
 2502 19.75      26   26     2     1     2444   1736     1     0   347   242     1   420  259746  2353395                                                                                                          
 2595 19.75      27   27    88    31     2531   1649    28    14   375   256    31   451  259774  2353409                                                                                                          
 2688 19.75      28   28    88    31     2619   1561    28    15   403   271    31   483  259802  2353424                                                                                                          
 2778 20.23      29   29    85    31     2703   1477    27    15   430   285    31   514  259829  2353438                                                                                                          
 2782 20.25      29   29     4     1     2707   1473     1     1   431   286     1   515  259830  2353439                                                                                                          
 2813 20.75      28   28    29    11     2736   1444    10     5   440   291    11   526  259839  2353444                                                                                                          
 2830 20.80      28   28    16     6     2752   1428     5     3   446   294     6   532  259845  2353447                                                                                                          
 2906 21.00      26   26    71    27     2823   1357    24    12   470   306    27   559  259869  2353459                                                                                                          
 3000 21.25      24   24    88    34     2911   1269    31    14   501   321    34   593  259900  2353474                                                                                                          
 3122 21.50      25   25   114    44     3024   1156    40    18   541   339    44   637  259940  2353492                                                                                                          
 3246 22.00      25   25   115    46     3140   1040    42    19   583   358    46   683  259982  2353511                                                                                                          
 3290 22.00      24   24    41    16     3180   1000    15     7   598   365    16   699  259997  2353518                                                                                                          
 3371 22.00      23   23   116    47     3255    925    43    19   625   377    47   730  260024  2353530                                                                                                          
 3496 22.00      25   25   116    47     3371    809    43    19   668   397    47   776  260067  2353550                                                                                                          
 3500 22.01      25   25     4     1     3375    805     1     1   670   397     1   778  260069  2353550                                                                
 3621 22.25      24   24   112    46     3487    693    41    19   711   416    45   823  260110  2353569                                                                                                          
 3776 23.00      22   22   143    60     3630    550    55    23   766   439    59   883  260165  2353592                                                                                                          
 3889 22.74      21   21   104    44     3734    446    41    16   807   456    44   926  260206  2353609                                                                                                          
 3997 22.50      21   21   100    42     3834    346    39    15   845   471    41   968  260244  2353624                                                                                                          
 4000 22.51      21   21     3     1     3837    343     1     0   847   471     1   969  260246  2353624                                                                
 4150 23.00      22   22   138    58     3975    205    54    21   900   492    58  1026  260299  2353645                                                                                                          
 4277 23.00      22   22   117    50     4092     88    46    19   946   511    49  1076  260345  2353664                                                                                                          
                                                                                                                                                                                                                   
                                                                                                                                                                                                                   
                                                                                                                                                                                                                   
                                                                                                                                                                                                                   
                                                                                                                                                                                                                   
                                                                                                                                                                                                                   
                                                                                                                                                                                                                   
                                                                                                                                                                                                                   
                                                                                                                                                                                                                   
                                                                                                                                                                                                                   
                                                                                                                                                                                                                   
                                                                                                                                                                                                                   
                                                                                                                                                                                                                   
                                                                                                                                                                                                                   
                                                                                                                                                                                                                   
                                                                                                                                                                                                                   
                                                                                                                                                                                                                   
                                                                                                                                                                                                                   
                                                                                                                                                                                                                   
                                                                                                                                                                                                                   
                                                                                                                                                                                                                   
                                                                                                                                                                                                                   
                                                                                                                                                                                                                   
                                                                                                                                                                                                                   
                                                                                                                                                                                                                   
                                                                                                                                                                                                                   
                                                                                                                                                                                                                   
                                                                                                                                                                                                                   
                                                                                                                                                                                                                   
                                                                                                                                                                                                                   
                                                                                                                                                                                                                   
                                                                                                                                                                                                                   
                                                                                                                                                                                                                   
                                                                                                                                                                                                                   
                                                                                                                                                                                                                   
                                                                                                                                                                                                                   
                                                                                                                                                                                                                   
                                                                                                                                                                                                                   
                                                                                                                                                                                                                   
                                                                                                                                                                                                                   
                                                                                                                                                                                                                               
                                                                                                                                                                                                                   
                                                                                                                                                                                                                               
                                                                                                                                                                                                                               
                                                                                                                                                                                                                               
                                                                                                                                                                                                                   
                                                                                                                                                                                                                               
                                                                                                                                                                                                                               
                                                                                                                                                                                                                               
                                                                                                                                                                                                                               
                                                                                                                                                                                                                               
                                                                                                                                                                                                                   
                                                                                                                                                                                                                               
                                                                                                                                                                                                                               
                                                                                                                                                                                                                               
                                                                                                                                                                                                                               
                                                                                                                                                                                                                               
                                                                                                                                                                                                                               
                                                                                                                                                                                                                               
                                                                                                                                                                                                                   
                                                                                                                                                                                                                               
                                                                                                                                                                                                                               
                                                                                                                                                                                                                               
                                                                                                                                                                                                                   
                                                                                                                                                                                                                               
                                                                                                                                                                                                                               
                                                                                                                                                                                                                               
                                                                                                                                                                                                                   
                                                                                                                                                                                                                               
                                                                                                                                                                                                                               
                                                                                                                                                                                                                               
                                                                                                                                                                                                                               
                                                                                                                                                                                                                   
                                                                                                                                                                                                                               
                                                                                                                                                                                                                               
                                                                                                                                                                                                                               
                                                                                                                                                                                                                   
                                                                                                                                                                                                                               
                                                                                                                                                                                                                               
                                                                                                                                                                                                                               
                                                                                                                                                                                                                               
                                                                                                                                                                                                                   
                                                                                                                                                                                                                               
                                                                                                                                                                                                                               
                                                                                                                                                                                                                               
                                                                                                                                                                                                                   
                                                                                                                                                                                                                               
                                                                                                                                                                                                                               
                                                                                                                                                                                                                               
                                                                                                                                                                                                                   
                                                                                                                                                                                                                               
                                                                                                                                                                                                                               
                                                                                                                                                                                                                               
                                                                                                                                                                                                                   
                                                                                                                                                                                                                               
                                                                                                                                                                                                                               
                                                                                                                                                                                                                               
                                                                                                                                                                                                                   
                                                                                                                                                                                                                               
                                                                                                                                                                                                                               
                                                                                                                                                                                                                               
                                                                                                                                                                                                                               
                                                                                                                                                                                                                               
                                                                                                                                                                                                                         
                                                                                                                                                                                                                   
                                                                                                                                                                                                                   
                                                                                                                                                                                                                   
                                                                                                                                                                                                                   
                                                                                                                                                                                                                   
                                                                                                                                                                                                                   
                                                                                                                                                                                                                   
                                                                                                                                                                                                                   
                                                                                                                                                                                                                   
                                                                                                                                                                                                                   
                                                                                                                                                                                                                   
                                                                                                                                                                                                                   
                                                                                                                                                                                                                   
                                                                                                                                                                                                                   
                                                                                                                                                                                                                   
                                                                                                                                                                                                                   
                                                                                                                                                                                                                   
                                                                                                                                                                                                                   
                                                                                                                                                                                                                   
                                                                                                                                                                                                                   
                                                                                                                                                                                                                   
                                                                                                                                                                                                                   
                                                                                                                                                                                                                   
                                                                                                                                                                                                                   
                                                                                                                                                                                                                   
                                                                                                                                                                                                                   
                                                                                                                                                                                                                   
                                                                                                                                                                                                                   
                                                                                                                                                                                                                   
    0  0.00       0    0     0     0        0   4180     0     0     0     0     0     0       0        0 
    0  0.00       0    0     0     0        0   4180     0     0     0     0     0     0       0        0 
    0  0.00       0    0     0     0        0   4180     0     0     0     0     0     0       0        0 
    0  0.00       0    0     0     0        0   4180     0     0     0     0     0     0       0        0                                                                                  
                                                                                                                                                                                           
                                                                                                                                                                                           
                                                                                                                                                                                           
                                                                                                                                                                                           
                                                                                                                                                                                           
                                                                                                                                                                                           
                                                                                                                                                                                           
                                                                                                                                                                                           
                                                                                                                                                                                           
                                                                                                                                                                                           
                                                                                                                                                                                           
                                                                                                                                                                                           
