      WELL DATA SUMMARY                                                                                                                                                                                                                    /ca11..aj12~a112~ 
                                                                                                                                                                                                                                           /rva59..aj59~a59..aj59~ 
Well  NAVY I 54-7   SIDE             TRACK    #2                                                                                                                                                                                           /ma59..ak200~a63~ 
                                                                                                                                                                                                                                           /ca11..aj12~a60~  
Sec Az  125 S 55 E                                                                                                                                                                                                                         /ppr~gp{esc}{esc}{esc}  
Elev   4206 KB      
CoordsNorth  258026 East              2353378 
                         Course               
  MD  Drift Drift D. AzimLength  DH     TVD     SSD    DNS   DEW   N-S   E-W  DSec    Sec     N-LAM   E-LAM  
_____________________________________________________________________________________________________________
                                                                                                                                                                                                             
    0  0.00      88   88                        4206     0     0     0     0     0        0  258026  2353378                                                                                                 
  100  0.25      88   88   100     0      100   4106     0     0     0     0     0        0  258026  2353378                                                                                                 
  200  0.25      88   88   100     0      200   4006     0     0     0     1     0        1  258026  2353379                   
  206  0.25      87   91     6     0      206   4000     0     0     0     1     0        1  258026  2353379 
  300  0.25      57  123   100     0      300   3906     0     0     0     1     0        1  258026  2353379                   
  400  0.25      35  145   100     0      400   3806     0     0     0     1     0        1  258026  2353379                   
  500  0.25      41  139   100     0      500   3706     0     0    -1     2     0        2  258025  2353380                   
  600  0.50      39  141   100     1      600   3606    -1     0    -1     2     1        2  258025  2353380                   
  700  2.75      36  144   100     3      700   3506    -2     2    -3     4     3        5  258023  2353382                   
  800  4.25      46  134   100     6      800   3406    -5     4    -8     8     6       11  258018  2353386                   
  900  7.00      46  134   100    10      899   3307    -7     7   -15    15    10       21  258011  2353393                   
 1000  9.50      47  133    99    14      998   3208   -10    10   -25    25    14       35  258001  2353403                   
 1100 11.00      47  133    98    18     1097   3109   -12    13   -37    38    18       53  257989  2353416                   
 1200 12.25      49  131    98    20     1195   3011   -13    15   -50    53    20       73  257976  2353431                   
 1212 12.52      49  131    12     3     1206   3000    -2     2   -52    55     3       75  257974  2353433 
 1300 14.50      50  130    97    23     1292   2914   -15    18   -65    71    23       96  257961  2353449                   
 1400 15.75      48  132    97    26     1388   2818   -17    20   -83    91    26      122  257943  2353469                   
 1500 15.75      48  132    96    27     1485   2721   -18    20  -101   111    27      148  257925  2353489                   
 1600 15.75      48  132    96    27     1581   2625   -18    20  -119   131    27      175  257907  2353509                   
 1700 15.50      47  133    96    27     1677   2529   -18    20  -137   151    27      202  257889  2353529                   
 1800 16.00      49  131    96    27     1773   2433   -18    20  -155   171    27      229  257871  2353549                   
 1893 13.91      48  132    90    24     1863   2343   -16    18  -171   189    24      253  257855  2353567 
 1900 13.75      48  132    97    26     1870   2336   -17    19  -172   190    26      255  257854  2353568 
 2000 13.50      44  136    97    24     1967   2239   -16    17  -189   207    23      278  257837  2353585 
 2100 14.00      44  136    97    24     2064   2142   -17    17  -206   224    23      301  257820  2353602 
 2200 15.75      44  136    97    26     2161   2045   -18    18  -224   241    25      326  257802  2353619 
 2247 16.81      43  137    45    13     2206   2000   -10     9  -234   251    13      339  257792  2353629 
 2300 18.00      42  138    96    29     2257   1949   -21    20  -245   261    28      355  257781  2353639 
 2400 18.75      39  141    95    32     2352   1854   -24    20  -269   282    31      385  257757  2353660 
 2500 17.50      37  143    95    31     2447   1759   -25    19  -294   301    30      415  257732  2353679 
 2600 17.50      37  143    95    30     2542   1664   -24    18  -318   319    29      444  257708  2353697 
 2700 17.00      36  144    96    30     2638   1568   -24    18  -342   337    28      472  257684  2353715 
 2800 17.25      35  145    96    29     2733   1473   -24    17  -366   354    28      499  257660  2353732 
 2900 18.25      34  146    95    30     2828   1378   -25    17  -391   371    29      528  257635  2353749 
 3000 19.25      33  147    95    32     2923   1283   -27    18  -418   389    30      558  257608  2353767 
 3040 19.35      34  146    38    13     2961   1245   -11     7  -429   396    12      570  257597  2353774 
 3064 19.41      34  146    23     8     2983   1223    -7     4  -435   400     7      578  257591  2353778 
 3100 19.50      35  145    94    33     3017   1189   -28    19  -445   407    31      589  257581  2353785 
 3193 18.75      46  134    88    30     3105   1101   -23    20  -468   427    29      618  257558  2353805 
 3231 18.75      50  130    36    12     3141   1065    -8     9  -476   436    12      631  257550  2353814 
 3247 18.62      51  129    15     5     3156   1050    -3     4  -480   440     5      636  257546  2353818 
 3250 18.59      51  129     3     1     3159   1047    -1     1  -480   441     1      637  257546  2353819 
 3261 18.50      51  129    28    10     3170   1036    -6     7  -483   444    10      640  257543  2353822 
 3292 18.50      52  128    29    10     3199   1007    -6     8  -489   451    10      650  257537  2353829 
 3299 18.38      52  128     7     2     3206   1000    -1     2  -490   453     2      652  257536  2353831 
 3321 18.00      53  127    28     9     3227    979    -6     7  -494   458     9      659  257532  2353836 
 3337 18.00      53  127    15     5     3242    964    -3     4  -497   462     5      664  257529  2353840 
 3356 18.00      54  126    18     6     3260    946    -3     5  -501   467     6      670  257525  2353845 
 3400 18.00      55  125    42    14     3302    904    -8    11  -509   478    14      683  257517  2353856 
 3419 18.00      55  125    93    30     3320    886   -18    25  -512   483    30      689  257514  2353861 
 3511 17.75      55  125    88    28     3407    799   -16    23  -528   506    28      718  257498  2353884 
 3600 17.99      55  125    85    27     3492    714   -16    22  -544   528    27      745  257482  2353906 
 3603 18.00      55  125    88    28     3495    711   -16    23  -544   529    28      746  257482  2353907 
 3698 17.25      57  123    91    29     3586    620   -16    24  -561   553    29      775  257465  2353931 
 3789 18.00      55  125    87    28     3672    534   -15    23  -576   576    28      802  257450  2353954 
 3974 17.00      54  126   176    56     3849    357   -32    45  -608   621    56      858  257418  2353999 
 4039 16.75      56  124    62    19     3911    295   -11    15  -619   637    19      877  257407  2354015 
 4136 16.25      55  125    93    28     4004    202   -16    23  -635   659    28      904  257391  2354037 
 4231 16.50      54  126    91    27     4095    111   -16    22  -650   681    27      931  257376  2354059 
 4326 16.50      52  128    91    27     4186     20   -16    22  -666   703    27      958  257360  2354081 
 4347 16.25      55  125    20     6     4206      0    -4     5  -670   707     6      964  257356  2354085 
 4380 15.87      60  120    32     9     4238    -32    -5     8  -675   715     9      973  257351  2354093 
 4454 15.00      71  109   123    35     4309   -103   -17    31  -683   733    35      992  257343  2354111 
 4517 14.75      78  102    61    16     4370   -164    -4    16  -687   749    15     1008  257339  2354127 
 4580 15.25      72  108    61    16     4431   -225    -4    16  -692   765    15     1023  257334  2354143 
 4642 15.50      75  105    60    16     4491   -285    -5    16  -696   780    16     1039  257330  2354158 
 4705 16.75      75  105    61    17     4551   -345    -5    17  -701   797    16     1055  257325  2354175 
 4780 17.76      75  105    72    22     4623   -417    -6    21  -707   819    21     1076  257319  2354197 
 4798 18.00      75  105    89    28     4640   -434    -7    27  -708   824    26     1081  257318  2354202 
 4892 18.50      73  107    89    29     4729   -523    -8    28  -716   852    28     1109  257310  2354230 
 4986 18.50      73  107    89    30     4819   -613    -9    29  -725   881    28     1137  257301  2354259 
 5080 19.00      72  108    89    30     4908   -702    -9    29  -734   910    29     1166  257292  2354288 
 5167 19.25      74  106    82    29     4990   -784    -8    27  -742   937    27     1193  257284  2354315 
 5252 19.50      72  108    80    28     5070   -864    -8    27  -750   964    27     1220  257276  2354342 
 5396 19.11      72  108   136    48     5206  -1000   -15    45  -765  1009    46     1266  257261  2354387 
 5438 19.00      72  108   176    61     5246  -1040   -19    58  -769  1022    59     1279  257257  2354400 
 5553 19.00      72  108   109    37     5354  -1148   -12    36  -781  1058    36     1314  257245  2354436 
 5627 19.00      71  109    70    24     5424  -1218    -8    23  -789  1081    23     1338  257237  2354459 
 5741 19.00      71  109   108    37     5532  -1326   -12    35  -801  1116    36     1373  257225  2354494 
 5904 19.00      72  108   154    53     5686  -1480   -17    50  -818  1166    51     1424  257208  2354544 
 6030 18.75      71  109   119    41     5805  -1599   -13    39  -830  1205    39     1463  257196  2354583 
 6154 18.00      71  109   118    39     5923  -1717   -13    37  -843  1242    38     1501  257183  2354620 
 6283 17.75      72  108   123    40     6046  -1840   -13    38  -856  1279    38     1539  257170  2354657 
 6404 18.25      69  111   115    37     6161  -1955   -12    35  -868  1314    36     1575  257158  2354692 
 6451 18.07      69  111    45    15     6206  -2000    -5    14  -874  1328    14     1589  257152  2354706 
 6532 17.75      68  112   122    40     6283  -2077   -14    37  -883  1351    38     1613  257143  2354729 
 6658 17.00      69  111   120    38     6403  -2197   -14    35  -897  1386    37     1650  257129  2354764 
 6748 17.75      68  112    86    27     6489  -2283   -10    25  -906  1411    26     1676  257120  2354789 
 6876 18.25      67  113   122    40     6611  -2405   -15    37  -922  1448    39     1715  257104  2354826 
 6997 18.00      65  115   115    38     6725  -2519   -15    34  -937  1482    37     1752  257089  2354860 
 7128 17.75      64  116   125    40     6850  -2644   -17    36  -954  1519    40     1791  257072  2354897 
 7251 16.25      60  120   118    36     6968  -2762   -17    32  -971  1550    36     1827  257055  2354928 
 7314 16.00      55  125    61    17     7028  -2822    -9    15  -980  1565    17     1844  257046  2354943 
 7420 15.57      58  122   102    29     7130  -2924   -16    24  -996  1589    29     1873  257030  2354967 
 7437 15.50      58  122   118    33     7147  -2941   -18    28  -999  1593    33     1878  257027  2354971 
 7483 15.92      58  122    44    12     7191  -2985    -7    11 -1005  1603    12     1890  257021  2354981 
 7499 16.06      59  121    15     4     7206  -3000    -2     4 -1008  1607     4     1895  257018  2354985 
 7547 16.50      59  121   106    30     7252  -3046   -16    26 -1015  1619    30     1908  257011  2354997 
 7671 16.25      57  123   119    35     7371  -3165   -19    30 -1033  1648    35     1943  256993  2355026 
 7796 16.00      57  123   120    35     7491  -3285   -19    29 -1052  1677    35     1978  256974  2355055 
 7850 16.22      54  126    52    15     7543  -3337    -8    12 -1061  1690    15     1993  256965  2355068 
 7921 16.50      51  129   120    35     7612  -3406   -21    28 -1073  1706    35     2013  256953  2355084 
 8040 16.50      50  130   114    34     7726  -3520   -21    26 -1094  1732    34     2046  256932  2355110 
 8046 16.50      50  130   120    36     7731  -3525   -23    27 -1095  1733    35     2048  256931  2355111 
 8055 16.50      50  130     9     3     7740  -3534    -2     2 -1097  1735     3     2051  256929  2355113 
 8171 16.50      52  128   120    36     7851  -3645   -22    28 -1118  1761    35     2083  256908  2355139 
 8225 16.93      53  127    52    16     7903  -3697    -9    12 -1127  1773    16     2099  256899  2355151 
 8296 17.50      55  125   120    37     7971  -3765   -22    29 -1139  1790    37     2120  256887  2355168 
 8375 19.71      59  121    75    25     8046  -3840   -14    21 -1153  1811    25     2145  256873  2355189 
 8421 21.00      62  118   118    41     8089  -3883   -22    35 -1161  1825    41     2161  256865  2355203 
 8452 21.50      60  120    29    11     8118  -3912    -5    10 -1166  1835    11     2172  256860  2355213 
 8547 21.93      63  117    88    35     8206  -4000   -17    31 -1183  1866    35     2207  256843  2355244 
 8563 22.00      63  117   103    41     8221  -4015   -20    36 -1186  1871    41     2213  256840  2355249 
 8600 21.87      63  117    34    14     8255  -4049    -6    12 -1192  1884    14     2227  256834  2355262 
 8686 21.57      63  117    80    32     8335  -4129   -14    28 -1207  1912    32     2258  256819  2355290 
 8779 21.25      63  117   201    80     8422  -4216   -36    71 -1222  1942    79     2292  256804  2355320 
 8800 21.25      63  117    20     8     8441  -4235    -3     7 -1226  1949     8     2299  256800  2355327 
