      WELL DATA SUMMARY                                                                                      
            
Well  NAVY I 63B-7  
                         
Sec Az  121         
Elev   4189 KB      
CoordsNorth  258315 East              2354007 
                         Course               
  MD  Drift Drift D. AzimLength  DH     TVD     SSD    DNS   DEW   N-S   E-W  DSec    Sec     N-LAM   E-LAM  
_____________________________________________________________________________________________________________
                                                                                                             
    0  0.00      13  347                        4189     0     0     0     0     0        0  258315  2354007 
  189  0.70      13  347   189     1      189   4000     1     0     1     0    -1       -1  258316  2354007 
  203  0.75      13  347   203     1      203   3986     1     0     1     0    -1       -1  258316  2354007 
  465  1.00      13  347   262     4      465   3724     4    -1     5    -1    -3       -4  258320  2354006 
  500  1.42      13  347    35     1      500   3689     1     0     6    -1    -1       -4  258321  2354006 
  568  2.25      13  347    68     2      568   3621     2     0     8    -2    -2       -6  258323  2354005 
  604  2.50      24  336    36     1      604   3585     1     0     9    -2    -1       -7  258324  2354005 
  635  2.50      13  347    31     1      635   3554     1     0    11    -3    -1       -8  258326  2354004 
  666  1.75      16  344    31     1      666   3523     1     0    12    -3    -1       -9  258327  2354004 
  697  1.75      14   14    31    -1      697   3492     1     0    13    -3    -1       -9  258328  2354004 
  728  2.00      32   32    31     1      728   3461     1     0    14    -3     0       -9  258329  2354004 
  758  1.75      48   48    30     1      758   3431     1     1    14    -2     0       -9  258329  2354005 
  790  1.50      79   79    32     1      790   3399     0     1    15    -1     0       -9  258330  2354006 
  822  1.75      81   99    32     1      822   3367     0     1    15     0     1       -8  258330  2354007 
  853  1.75      71  109    31     1      853   3336     0     1    15     1     1       -7  258330  2354008 
  883  2.25      71  109    30     1      883   3306     0     1    14     2     1       -6  258329  2354009 
  982  4.00      57  123    99     5      982   3207    -2     5    12     6     5       -1  258327  2354013 
 1000  4.32      57  123    18     1     1000   3189    -1     1    11     8     1        1  258326  2354015 
 1024  4.75      57  123    24     2     1023   3166    -1     2    10     9     2        3  258325  2354016 
 1056  5.50      54  126    32     3     1055   3134    -2     2     9    11     3        5  258324  2354018 
 1087  6.25      55  125    31     3     1086   3103    -2     3     7    14     3        9  258322  2354021 
 1119  7.00      58  122    32     4     1118   3071    -2     3     5    17     4       12  258320  2354024 
 1151  8.00      60  120    32     4     1150   3039    -2     4     3    21     4       16  258318  2354028 
 1182  8.75      62  118    31     5     1180   3009    -2     4     0    25     5       21  258315  2354032 
 1191  8.98      61  119     9     1     1189   3000    -1     1     0    26     1       22  258315  2354033 
 1270 11.00      51  129    87    15     1267   2922    -8    13    -8    37    15       36  258307  2354044 
 1300 12.00      51  129    29     6     1296   2893    -4     5   -12    42     6       42  258303  2354049 
 1331 13.00      51  129    30     7     1327   2862    -4     5   -16    47     7       49  258299  2354054 
 1362 13.75      51  129    30     7     1357   2832    -5     6   -20    53     7       56  258295  2354060 
 1393 15.00      52  128    30     8     1387   2802    -5     6   -25    59     8       63  258290  2354066 
 1424 15.75      52  128    30     8     1417   2772    -5     6   -30    65     8       71  258285  2354072 
 1454 17.00      52  128    29     8     1446   2743    -5     7   -36    72     8       80  258279  2354079 
 1486 18.25      52  128    30    10     1476   2713    -6     8   -41    79    10       90  258274  2354086 
 1500 18.62      52  128    13     4     1489   2700    -3     3   -44    83     4       94  258271  2354090 
 1525 19.27      53  127    24     8     1513   2676    -5     6   -49    89     8      102  258266  2354096 
 1553 20.00      53  127    26     9     1539   2650    -6     7   -55    97     9      111  258260  2354104 
 1640 21.50      56  124    81    31     1621   2568   -18    25   -73   122    31      142  258242  2354129 
 1700 23.00      56  124    56    23     1676   2513   -13    19   -85   141    23      165  258230  2354148 
 1790 23.25      58  122    83    35     1759   2430   -19    30  -105   170    35      200  258210  2354177 
 1883 23.50      58  122    85    37     1844   2345   -20    31  -124   202    37      237  258191  2354209 
 2000 23.50      57  123   107    47     1952   2237   -25    39  -149   241    47      284  258166  2354248 
 2014 23.50      57  123    13     6     1965   2224    -3     5  -152   246     6      289  258163  2354253 
 2130 24.00      60  120   106    47     2071   2118   -24    40  -177   286    47      336  258138  2354293 
 2234 24.00      62  118    95    42     2166   2023   -21    37  -197   323    42      378  258118  2354330 
 2259 24.11      62  118    23    10     2189   2000    -5     9  -202   332    10      388  258113  2354339 
 2344 24.50      62  118   100    45     2266   1923   -21    40  -218   363    45      423  258097  2354370 
 2448 24.50      62  118    95    43     2361   1828   -20    38  -239   401    43      466  258076  2354408 
 2500 24.62      62  118    47    22     2408   1781   -10    19  -249   420    22      488  258066  2354427 
 2560 24.75      62  118    55    25     2462   1727   -12    22  -261   442    25      513  258054  2354449 
 2681 24.75      58  122   110    51     2572   1617   -25    44  -286   486    51      564  258029  2354493 
 2687 24.75      58  122     5     3     2578   1611    -1     2  -287   488     3      566  258028  2354495 
 2750 24.75      58  122    57    26     2635   1554   -14    22  -301   510    26      592  258014  2354517 
 2812 24.75      58  122    56    26     2691   1498   -14    22  -315   532    26      618  258000  2354539 
 2823 24.75      58  122    10     5     2701   1488    -2     4  -317   536     5      623  257998  2354543 
 2881 24.75      58  122    53    24     2754   1435   -13    21  -330   557    24      647  257985  2354564 
                                                                                                             
                                                                                                             
                                                                                                             
                                                                                                             
                                                                                                             
                                                                                                             
                                                                                                             
                                                                                                             
                                                                                                             
                                                                                                             
                                                                                                             
                                                                                                             
                                                                                                             
                                                                                                             
                                                                                                             
                                                                                                             
                                                                                                             
                                                                                                             
                                                                                                             
                                                                                                             
                                                                                                             
                                                                                                             
                                                                                                             
                                                                                                             
                                                                                                             
                                                                                                             
                                                                                                             
                                                                                                             
                                                                                                             
                                                                                                             
                                                                                                             
                                                                                                             
                                                                                                             
                                                                                                             
                                                                                                             
                                                                                                             
                                                                                                             
                                                                                                             
                                                                                                             
                                                                                                             
                                                                                                             
                                                                                                             
                                                                                                             
                                                                                                             
                                                                                                             
                                                                                                             
                                                                                                             
                                                                                                             
                                                                                                             
                                                                                                             
                                                                                                             
                                                                                                             
                                                                                                             
                                                                                                             
                                                                                                             
                                                                                                             
                                                                                                             
                                                                                                             
                                                                                                             
                                                                                                             
                                                                                                             
                                                                                                             
                                                                                                             
                                                                                                             
                                                                                                             
                                                                                                             
                                                                                                             
                                                                                                             
                                                                                                             
                                                                                                             
                                                                                                             
                                                                                                             
                                                                                                             
                                                                                                             
                                                                                                             
                                                                                                             
                                                                                                             
                                                                                                             
                                                                                                             
                                                                                                             
                                                                                                             
                                                                                                             
                                                                                                             
                                                                                                             
                                                                                                             
                                                                                                             
                                                                                                             
                                                                                                             
                                                                                                             
                                                                                                             
                                                                                                             
                                                                                                             
                                                                                                             
                                                                                                             
                                                                                                             
                                                                                                             
                                                                                                             
                                                                                                             
                                                                                                             
                                                                                                             
                                                                                                             
                                                                                                             
                                                                                                             
                                                                                                             
                                                                                                             
                                                                                                             
                                                                                                             
                                                                                                             
                                                                                                             
                                                                                                             
                                                                                                             
                                                                                                             
                                                                                                             
                                                                                                             
                                                                                                             
                                                                                                             
                                                                                                             
                                                                                                             
                                                                                                             
                                                                                                             
                                                                                                             
                                                                                                             
                                                                                                             
                                                                                                             
                                                                                                             
                                                                                                             
                                                                                                             
                                                                                                             
                                                                                                             
                                                                                                             
                                                                                                             
                                                                                                             
                                                                                                             
                                                                                                             
                                                                                                             
                                                                                                             
                                                                                                             
