      WELL DATA SUMMARY                                                                                   
            
Well  NAVY I 71B-7  
                         
Sec Az  295 STRAIGHT HOLE
Elev   4143 KB      
CoordsNorth  259979 East              2354435 
                         Course               
  MD  Drift Drift D. AzimLength  DH     TVD     SSD    DNS   DEW   N-S   E-W  DSec   Sec   N-LAM E-LAM    
__________________________________________________________________________________________________________
                                                                                                          
    0  0.00       0  360                        4143     0     0     0     0     0     0  259979  2354435 
  143  0.59       0  360   143     1      143   4000     1     0     1     0     0     0  259980  2354435 
  181  0.75       0  360   181     1      181   3962     1     0     1     0     1     1  259980  2354435 
  451  1.25       0  360   270     5      451   3692     5     0     6     0     2     2  259985  2354435 
  500  1.25       7  268    49     1      500   3643     1    -1     7    -1     1     4  259986  2354434 
  540  1.25      12  192    40     1      540   3603    -1    -1     6    -1     0     4  259985  2354434 
  665  1.25       2  182   125     3      665   3478    -3     0     3    -2    -1     3  259982  2354433 
  929  1.25      11  191   264     6      929   3214    -6    -1    -2    -2    -2     1  259977  2354433 
 1000  1.58      22  202    71     2     1000   3143    -2    -1    -4    -3     0     1  259975  2354432 
 1035  1.75      28  208    35     1     1035   3108    -1     0    -5    -3     0     1  259974  2354432 
 1143  1.52      20  200   108     3     1143   3000    -3    -1    -8    -5     0     1  259971  2354430 
 1269  1.25      11  191   234     6     1269   2874    -6    -2   -11    -5    -1     0  259968  2354430 
 1444  1.00       9  189   175     3     1444   2699    -3    -1   -14    -6    -1    -1  259965  2354429 
 1500  0.76      20  200    56     1     1500   2643    -1     0   -15    -6     0    -1  259964  2354429 
 1562  0.50      33  213    62     1     1562   2581    -1     0   -16    -7     0    -1  259963  2354428 
 1686  0.25      60  240   124     1     1686   2457    -1    -1   -16    -7     0     0  259963  2354428 
 1811  1.00      24  336   125     1     1811   2332     0    -1   -16    -8     1     1  259963  2354427 
 1935  1.00      47  313   124     2     1935   2208     2    -1   -14   -10     2     3  259965  2354425 
 2000  1.13      27  333    65     1     2000   2143     1    -1   -13   -10     1     4  259966  2354425 
 2057  1.25      10  350    57     1     2057   2086     1     0   -12   -11     1     5  259967  2354424 
 2143  1.94      53  307    86     2     2143   2000     2    -1   -10   -12     2     7  259969  2354423 
 2181  2.25      72  288   124     4     2181   1962     3    -2    -9   -13     3     8  259970  2354422 
 2244  2.38      68  292    63     3     2244   1899     1    -2    -8   -16     3    11  259971  2354419 
 2303  2.50      65  295    59     3     2302   1841     1    -2    -7   -18     3    13  259972  2354417 
 2427  2.50      70  290   124     5     2426   1717     2    -5    -5   -23     5    19  259974  2354412 
 2500  2.14      76  284    73     3     2499   1644     1    -3    -4   -26     3    22  259975  2354409 
 2580  1.75      83  277    80     3     2579   1564     0    -3    -4   -28     3    24  259975  2354407 
 2673  2.08      68  292    93     3     2672   1471     1    -3    -3   -31     3    27  259976  2354404 
 2719  2.25      60  300    46     2     2718   1425     1    -2    -2   -33     2    29  259977  2354402 
 2859  2.75      55  305   140     6     2858   1285     3    -5     1   -38     6    35  259980  2354397 
 2994  3.25      63  297   135     7     2993   1150     4    -6     5   -44     7    42  259984  2354391 
 3000  3.24      63  297     6     0     2999   1144     0     0     5   -45     0    42  259984  2354390 
 3116  3.00      61  299   116     6     3115   1028     3    -6     8   -50     6    49  259987  2354385 
 3144  2.94      65  295    28     1     3143   1000     1    -1     9   -51     1    50  259988  2354384 
 3237  2.75      79  281   121     6     3236    907     2    -6    10   -56     6    55  259989  2354379 
 3361  2.75      74  286   124     6     3359    784     1    -6    11   -62     6    61  259990  2354373 
 3470  2.75      69  291   109     5     3468    675     2    -5    13   -67     5    66  259992  2354368 
 3500  2.81      70  290    30     1     3498    645     1    -1    14   -68     1    67  259993  2354367 
 3594  3.00      72  288    94     5     3592    551     2    -5    15   -72     5    72  259994  2354363 
 3718  3.25      76  284   124     7     3716    427     2    -6    17   -79     7    79  259996  2354356 
 3851  3.25      74  286   133     8     3849    294     2    -7    19   -86     7    86  259998  2354349 
 3965  3.25      71  289   114     6     3962    181     2    -6    21   -92     6    93  260000  2354343 
 4000  3.10      70  290    35     2     3997    146     1    -2    21   -94     2    94  260000  2354341 
 4083  2.75      69  291    83     4     4080     63     1    -4    23   -98     4    99  260002  2354337 
 4146  2.79      69  291    63     3     4143      0     1    -3    24  -101     3   102  260003  2354334 
 4488  3.00      70  290   404    20     4485   -342     7   -19    30  -117    20   119  260009  2354318 
 4500  2.98      69  291    12     1     4497   -354     0    -1    30  -118     1   120  260009  2354317 
 5000  2.26      32  328   499    23     4996   -853    14   -18    45  -136    22   142  260024  2354299 
 5147  2.05      22  338   147     6     5143  -1000     5    -3    50  -138     4   146  260029  2354297 
 5184  2.00      19  341   184     7     5180  -1037     6    -3    51  -138     5   147  260030  2354297 
 5500  2.00      19  341   316    11     5496  -1353    10    -4    61  -142     8   155  260040  2354293 
 5570  2.00      19  341    70     2     5566  -1423     2    -1    64  -143     2   156  260043  2354292 
 5650  2.00      19  341    80     3     5646  -1503     3    -1    66  -144     2   158  260045  2354291 
                                                                                                          
                                                                                                          
                                                                                                          
                                                                                                          
                                                                                                          
                                                                                                          
                                                                                                          
                                                                                                          
                                                                                                          
                                                                                                          
                                                                                                          
                                                                                                          
                                                                                                          
                                                                                                          
                                                                                                          
                                                                                                          
                                                                                                          
                                                                                                          
                                                                                                          
                                                                                                          
                                                                                                          
                                                                                                          
                                                                                                          
                                                                                                          
                                                                                                          
                                                                                                          
                                                                                                          
                                                                                                          
                                                                                                          
                                                                                                          
                                                                                                          
                                                                                                          
                                                                                                          
                                                                                                          
                                                                                                          
                                                                                                          
                                                                                                          
                                                                                                          
                                                                                                          
                                                                                                          
                                                                                                          
                                                                                                          
                                                                                                          
                                                                                                          
                                                                                                          
                                                                                                          
                                                                                                          
                                                                                                          
                                                                                                          
                                                                                                          
                                                                                                          
                                                                                                          
                                                                                                          
                                                                                                          
                                                                                                          
                                                                                                          
                                                                                                          
                                                                                                          
                                                                                                          
                                                                                                          
                                                                                                          
                                                                                                          
                                                                                                          
                                                                                                          
                                                                                                          
                                                                                                          
                                                                                                          
                                                                                                          
                                                                                                          
                                                                                                          
                                                                                                          
                                                                                                          
                                                                                                          
                                                                                                          
                                                                                                          
                                                                                                          
                                                                                                          
                                                                                                          
                                                                                                          
                                                                                                          
                                                                                                          
                                                                                                          
                                                                                                          
                                                                                                          
                                                                                                          
                                                                                                          
                                                                                                          
                                                                                                          
                                                                                                          
                                                                                                          
                                                                                                          
                                                                                                          
                                                                                                          
                                                                                                          
                                                                                                          
                                                                                                          
                                                                                                          
                                                                                                          
                                                                                                          
                                                                                                          
                                                                                                          
                                                                                                          
                                                                                                          
                                                                                                          
                                                                                                          
                                                                                                          
                                                                                                          
                                                                                                          
                                                                                                          
                                                                                                          
                                                                                                          
                                                                                                          
                                                                                                          
                                                                                                          
                                                                                                          
                                                                                                          
                                                                                                          
                                                                                                          
                                                                                                          
                                                                                                          
                                                                                                          
                                                                                                          
                                                                                                          
                                                                                                          
                                                                                                          
                                                                                                          
                                                                                                          
                                                                                                          
                                                                                                          
                                                                                                          
                                                                                                          
                                                                                                          
                                                                                                          
                                                                                                          
                                                                                                          
                                                                                                          
                                                                                                          
                                                                                                          
                                                                                                          
                                                                                                          
    0  0.00       0    0     0     0        0   4143     0     0     0     0     0     0       0        0 
    0  0.00       0    0     0     0        0   4143     0     0     0     0     0     0       0        0 
    0  0.00       0    0     0     0        0   4143     0     0     0     0     0     0       0        0 
    0  0.00       0    0     0     0        0   4143     0     0     0     0     0     0       0        0 
    0  0.00       0    0     0     0        0   4143     0     0     0     0     0     0       0        0 
    0  0.00       0    0     0     0        0   4143     0     0     0     0     0     0       0        0 
    0  0.00       0    0     0     0        0   4143     0     0     0     0     0     0       0        0 
    0  0.00       0    0     0     0        0   4143     0     0     0     0     0     0       0        0 
    0  0.00       0    0     0     0        0   4143     0     0     0     0     0     0       0        0 
    0  0.00       0    0     0     0        0   4143     0     0     0     0     0     0       0        0 
    0  0.00       0    0     0     0        0   4143     0     0     0     0     0     0       0        0 
    0  0.00       0    0     0     0        0   4143     0     0     0     0     0     0       0        0 
    0  0.00       0    0     0     0        0   4143     0     0     0     0     0     0       0        0 
    0  0.00       0    0     0     0        0   4143     0     0     0     0     0     0       0        0 
