      WELL DATA SUMMARY                                                                                   
            
NAVY I 76A-7
                         
Sec Az  244         
Elev   4345 KB      
CoordsNorth  256680 East              2354208 
                         Course               
  MD  Drift Drift D. AzimLength  DH     TVD     SSD    DNS   DEW   N-S   E-W  DSec   Sec   N-LAM E-LAM    
__________________________________________________________________________________________________________
                                                                                                          
    0  0.00       0    0                        4345     0     0     0     0     0     0  256680  2354208 
  345  0.00       0    0   345     0      345   4000     0     0     0     0     0     0  256680  2354208 
  500  0.00       0    0   500     0      500   3845     0     0     0     0     0     0  256680  2354208 
 1000  0.00       0    0   500     0     1000   3345     0     0     0     0     0     0  256680  2354208 
 1043  0.00       0    0    43     0     1043   3302     0     0     0     0     0     0  256680  2354208 
 1074  1.00      80  280    31     0     1074   3271     0     0     0     0     0     0  256680  2354208 
 1105  1.00      61  299    31     1     1105   3240     0    -1     0     0     0     0  256680  2354208 
 1167  1.00      60  300    62     1     1167   3178     1    -1     1    -1     1     1  256681  2354207 
 1235  0.82      74  270    68     1     1235   3110     0    -1     1    -2     1     2  256681  2354206 
 1260  0.75      79  259    25     0     1260   3085     0     0     1    -3     0     2  256681  2354205 
 1345  0.75      26  206    85     1     1345   3000    -1    -1     0    -4     1     3  256680  2354204 
 1353  0.75      21  201    93     1     1353   2992    -1    -1     0    -4     1     3  256680  2354204 
 1446  0.75       1  181    93     1     1446   2899    -1     0    -1    -4     1     4  256679  2354204 
 1465  1.01       2  182    19     0     1465   2880     0     0    -2    -4     0     4  256678  2354204 
 1500  1.48       4  184    35     1     1500   2845    -1     0    -2    -4     0     4  256678  2354204 
 1539  2.00       6  186    39     1     1539   2806    -1     0    -3    -4     1     5  256677  2354204 
 1630  2.49       1  181    91     4     1630   2715    -4     0    -7    -4     2     7  256673  2354204 
 1632  2.50       1  181     2     0     1632   2713     0     0    -7    -4     0     7  256673  2354204 
 1725  2.00      15  195    93     4     1725   2620    -4    -1   -11    -5     2     9  256669  2354203 
 1818  2.50      35  215    93     4     1818   2527    -3    -2   -14    -6     3    12  256666  2354202 
 1823  2.50      35  215     5     0     1823   2522     0     0   -14    -6     0    12  256666  2354202 
 1847  2.50      35  215    24     1     1847   2498    -1    -1   -15    -7     1    13  256665  2354201 
 1911  2.50      35  215    64     3     1911   2434    -2    -2   -17    -9     2    15  256663  2354199 
 2000  2.74      40  220    89     4     2000   2345    -3    -2   -21   -11     4    19  256659  2354197 
 2004  2.75      40  220     4     0     2004   2341     0     0   -21   -11     0    19  256659  2354197 
 2097  3.00      43  223    93     5     2096   2249    -3    -3   -24   -14     4    23  256656  2354194 
 2197  2.75      31  211   100     5     2196   2149    -4    -3   -28   -17     4    28  256652  2354191 
 2283  3.25      19  199    86     5     2282   2063    -4    -2   -32   -19     3    31  256648  2354189 
 2346  3.59      14  194    63     4     2345   2000    -4    -1   -36   -20     3    34  256644  2354188 
 2376  3.75      11  191    93     6     2375   1970    -5    -1   -38   -21     4    35  256642  2354187 
 2405  3.83      11  191    29     2     2404   1941    -2     0   -40   -21     1    36  256640  2354187 
 2469  4.00      10  190    64     4     2468   1877    -4    -1   -44   -22     3    39  256636  2354186 
 2500  3.83      12  192    31     2     2499   1846    -2     0   -46   -22     1    40  256634  2354186 
 2562  3.50      17  197    62     4     2561   1784    -4    -1   -50   -23     3    43  256630  2354185 
 2655  3.25      16  196    93     5     2653   1692    -5    -2   -55   -25     4    46  256625  2354183 
 2748  3.50      19  199    93     5     2746   1599    -5    -2   -60   -26     4    50  256620  2354182 
 2841  3.75      26  206    93     6     2839   1506    -5    -2   -66   -29     4    55  256614  2354179 
 2934  3.75      24  204    93     6     2932   1413    -6    -3   -71   -31     5    59  256609  2354177 
 2960  3.50      27  207    26     2     2958   1387    -1    -1   -73   -32     1    61  256607  2354176 
 2980  3.47      32  212    20     1     2978   1367    -1    -1   -74   -33     1    62  256606  2354175 
 3000  3.43      36  216    20     1     2998   1347    -1    -1   -75   -33     1    63  256605  2354175 
 3100  3.77      27  207   100     6     3098   1247    -5    -3   -80   -36     5    68  256600  2354172 
 3200  4.67      69  249   100     7     3197   1148    -5    -5   -85   -42     7    75  256595  2354166 
 3300  6.42      79  259   100    10     3297   1048    -3    -9   -88   -51    10    85  256592  2354157 
 3343  6.60      80  260    43     5     3340   1005    -1    -5   -89   -56     5    89  256591  2354152 
 3348  6.63      80  260     5     1     3345   1000     0    -1   -89   -57     1    90  256591  2354151 
 3400  6.85      81  261    57     7     3396    949    -1    -7   -90   -63     6    96  256590  2354145 
 3445  8.05      87  267    45     6     3441    904    -1    -6   -90   -68     5   101  256590  2354140 
 3450  8.18      88  268     5     1     3446    899     0    -1   -90   -69     1   102  256590  2354139 
 3466  8.18      88  270    16     2     3462    883     0    -2   -90   -71     2   104  256590  2354137 
 3500  8.18      88  270    34     5     3495    850     0    -5   -90   -76     4   108  256590  2354132 
 3701  8.18      88  270   199    29     3694    651     0   -29   -90  -105    26   134  256590  2354103 
 3713  8.18      88  270    12     2     3706    639     0    -2   -91  -107     2   135  256589  2354101 
 3805  8.18      88  269    91    13     3797    548     0   -13   -91  -120    12   147  256589  2354088 
 4000  8.18      88  269   193    28     3990    355     0   -28   -91  -147    25   172  256589  2354061 
 4285  8.18      88  268   282    41     4272     73    -1   -41   -92  -188    37   209  256588  2354020 
                                                                                                          

                                                                                                          
                                                                                                          
                                                                                                          
                                                                                                          
                                                                                                          
                                                                                                          
                                                                                                          
                                                                                                          
                                                                                                          
                                                                                                          
                                                                                                          
                                                                                                          
                                                                                                          
                                                                                                          
                                                                                                          
                                                                                                          
                                                                                                          
                                                                                                          
                                                                                                          
                                                                                                          
                                                                                                          
                                                                                                          
                                                                                                          
                                                                                                          
                                                                                                          
                                                                                                          
                                                                                                          
                                                                                                          
                                                                                                          
                                                                                                          
                                                                                                          
                                                                                                          
                                                                                                          
                                                                                                          
                                                                                                          
                                                                                                          
                                                                                                          
                                                                                                          
                                                                                                          
                                                                                                          
                                                                                                          
                                                                                                          
                                                                                                          
                                                                                                          
                                                                                                          
                                                                                                          
                                                                                                          
                                                                                                          
                                                                                                          
                                                                                                          
                                                                                                          
                                                                                                          
                                                                                                          
                                                                                                          
                                                                                                          
                                                                                                          
                                                                                                          
                                                                                                          
                                                                                                          
                                                                                                          
                                                                                                          
                                                                                                          
                                                                                                          
                                                                                                          
                                                                                                          
                                                                                                          
                                                                                                          
                                                                                                          
                                                                                                          
                                                                                                          
                                                                                                          
                                                                                                          
                                                                                                          
                                                                                                          
                                                                                                          
                                                                                                          
                                                                                                          
                                                                                                          
                                                                                                          
                                                                                                          
                                                                                                          
                                                                                                          
                                                                                                          
                                                                                                          
                                                                                                          
                                                                                                          
                                                                                                          
                                                                                                          
                                                                                                          
                                                                                                          
                                                                                                          
                                                                                                          
                                                                                                          
                                                                                                          
                                                                                                          
                                                                                                          
                                                                                                          
                                                                                                          
                                                                                                          
                                                                                                          
                                                                                                          
                                                                                                          
                                                                                                          
                                                                                                          
                                                                                                          
                                                                                                          
                                                                                                          
                                                                                                          
                                                                                                          
                                                                                                          
                                                                                                          
                                                                                                          
                                                                                                          
                                                                                                          
                                                                                                          
                                                                                                          
                                                                                                          
                                                                                                          
                                                                                                          
                                                                                                          
                                                                                                          
                                                                                                          
                                                                                                          
                                                                                                          
                                                                                                          
                                                                                                          
                                                                                                          
                                                                                                          
                                                                                                          
                                                                                                          
                                                                                                          
                                                                                                          
                                                                                                          
                                                                                                          
                                                                                                          
                                                                                                          
                                                                                                          
                                                                                                          
                                                                                                          
                                                                                                          
                                                                                                          
                                                                                                          
                                                                                                          
                                                                                                          
                                                                                                          
                                                                                                          
                                                                                                          
                                                                                                          
                                                                                                          
                                                                                                          
                                                                                                          
                                                                                                          
                                                                                                          
