      WELL DATA SUMMARY                                                                                      
            
Well  Navy I 41A-8  
                         
Sec Az  146         
Elev   3990 KB      
CoordsNorth  259513 East              2357663 
                         Course               
  MD  Drift Drift D. AzimLength  DH     TVD     SSD    DNS   DEW   N-S   E-W  DSec    Sec     N-LAM   E-LAM  
_____________________________________________________________________________________________________________
                                                                                                             
    0  0.00      75  255                        3990     0     0     0     0     0        0  259513  2357663 
  500  1.94      75  255   500     8      500   3490    -2    -8    -2    -8    -3       -3  259511  2357655 
  515  2.00      75  255    15     1      515   3475     0     0    -2    -9     0       -3  259511  2357654 
  592  2.00      89  269    77     3      592   3398     0    -3    -3   -11    -1       -4  259510  2357652 
  639  1.75      60  240    47     2      639   3351     0    -1    -3   -13     0       -5  259510  2357650 
  673  2.00      46  226    34     1      673   3317    -1    -1    -4   -14     0       -5  259509  2357649 
  744  2.25      15  195    71     3      744   3246    -2    -1    -6   -15     1       -3  259507  2357648 
  775  2.25       5  185    31     1      775   3215    -1     0    -7   -15     1       -3  259506  2357648 
  836  2.75      24  156    61     3      836   3154    -3     0   -10   -15     2        0  259503  2357648 
  896  3.50      36  144    60     3      896   3094    -3     2   -13   -13     3        3  259500  2357650 
  928  4.00      43  137    32     2      928   3062    -2     1   -14   -12     2        5  259499  2357651 
  959  4.75      48  132    31     2      958   3032    -2     2   -16   -10     2        8  259497  2357653 
  990  5.75      51  129    31     3      989   3001    -2     2   -18    -8     3       10  259495  2357655 
  991  5.77      51  129     1     0      990   3000     0     0   -18    -8     0       10  259495  2357655 
 1000  5.99      51  129    10     1      999   2991    -1     1   -18    -7     1       11  259495  2357656 
 1021  6.50      52  128    21     2     1020   2970    -1     2   -20    -5     2       13  259493  2357658 
 1052  7.00      51  129    31     4     1051   2939    -2     3   -22    -3     3       17  259491  2357660 
 1148  9.50      45  135    95    14     1146   2844    -9    10   -31     8    13       30  259482  2357671 
 1211 11.00      46  134    62    11     1208   2782    -8     8   -39    16    11       41  259474  2357679 
 1305 11.25      41  139    92    18     1300   2690   -13    12   -52    28    18       59  259461  2357691 
 1398 12.50      41  139    91    19     1391   2599   -14    13   -67    41    19       78  259446  2357704 
 1418 12.61      41  139    20     4     1411   2579    -3     3   -70    44     4       82  259443  2357707 
 1493 13.00      42  138    73    17     1484   2506   -12    11   -83    55    16       99  259430  2357718 
 1500 13.02      42  138     7     2     1491   2499    -1     1   -84    56     2      101  259429  2357719 
 1588 13.25      37  143    86    20     1576   2414   -15    13   -99    68    20      120  259414  2357731 
 1647 13.75      36  144    57    14     1634   2356   -11     8  -110    77    14      134  259403  2357740 
 1678 13.75      39  141    30     7     1664   2326    -6     4  -116    81     7      142  259397  2357744 
 1679 13.75      39  141     1     0     1665   2325     0     0  -116    81     0      142  259397  2357744 
 1773 12.25      46  134    92    21     1756   2234   -16    14  -132    95    21      163  259381  2357758 
 1837 12.75      50  130    62    14     1819   2171    -9    10  -141   106    13      176  259372  2357769 
 1906 13.25      49  131    67    16     1886   2104   -10    12  -151   118    15      191  259362  2357781 
 1969 12.75      52  128    61    14     1947   2043    -9    11  -160   128    14      205  259353  2357791 
 2000 12.85      50  130    30     7     1978   2012    -4     5  -165   134     7      211  259348  2357797 
 2013 12.90      50  130    13     3     1990   2000    -2     2  -166   136     3      214  259347  2357799 
 2044 13.00      48  132    43    10     2021   1969    -6     7  -171   141     9      221  259342  2357804 
 2106 14.00      49  131    60    14     2081   1909   -10    11  -181   152    14      235  259332  2357815 
 2170 14.75      43  137    62    16     2143   1847   -11    11  -192   164    16      250  259321  2357827 
 2233 14.75      40  140    61    16     2204   1786   -12    11  -204   174    16      266  259309  2357837 
 2296 15.00      40  140    61    16     2265   1725   -12    10  -216   185    16      282  259297  2357848 
 2358 14.75      40  140    60    16     2325   1665   -12    10  -228   195    16      298  259285  2357858 
 2481 15.00      44  136   119    32     2444   1546   -23    21  -252   216    31      329  259261  2357879 
 2500 15.04      43  137    18     5     2462   1528    -4     3  -255   219     5      334  259258  2357882 
 2605 15.25      39  141   101    27     2563   1427   -21    18  -276   237    27      361  259237  2357900 
 2729 15.00      39  141   120    32     2683   1307   -25    20  -301   258    32      394  259212  2357921 
 2854 15.25      37  143   121    33     2804   1186   -26    20  -327   278    33      426  259186  2357941 
 2979 15.50      35  145   121    33     2924   1066   -27    19  -354   297    33      459  259159  2357960 
 3000 15.42      34  146    20     6     2944   1046    -5     3  -358   300     6      465  259155  2357963 
 3047 15.23      33  147    45    12     2990   1000   -10     7  -368   307    12      477  259145  2357970 
 3105 15.00      31  149   101    28     3046    944   -23    15  -381   315    28      492  259132  2357978 
 3230 14.50      28  152   121    32     3167    823   -28    16  -409   331    32      524  259104  2357994 
 3350 14.01      27  153   116    30     3283    707   -26    14  -435   345    29      554  259078  2358008 
 3353 14.00      27  153     3     1     3286    704    -1     0  -436   345     1      554  259077  2358008 
 3490 14.00      27  153   133    33     3419    571   -30    15  -465   360    33      587  259048  2358023 
 3500 14.06      27  153    10     2     3428    562    -2     1  -468   361     2      590  259045  2358024 
 3607 14.75      23  157   104    27     3532    458   -24    11  -492   372    26      616  259021  2358035 
 3667 14.75      21  159    58    15     3590    400   -14     6  -506   378    15      631  259007  2358041 
 3732 13.50      22  158    63    16     3653    337   -15     6  -521   384    15      646  258992  2358047 
 3763 13.50      23  157    30     7     3683    307    -7     3  -527   387     7      653  258986  2358050 
 3831 14.25      25  155    66    16     3749    241   -15     7  -542   393    16      669  258971  2358056 
 3862 14.25      27  153    30     8     3779    211    -7     3  -549   397     8      677  258964  2358060 
 3893 14.50      29  151    30     8     3809    181    -7     4  -556   400     8      685  258957  2358063 
 3926 15.00      30  150    32     8     3841    149    -7     4  -563   404     8      693  258950  2358067 
 3957 15.00      32  148    30     8     3871    119    -7     4  -570   408     8      701  258943  2358071 
 3987 15.00      33  147    29     8     3900     90    -7     4  -577   413     8      709  258936  2358076 
 4000 15.00      34  146    13     3     3913     77    -3     2  -579   414     3      712  258934  2358077 
 4019 15.00      35  145    18     5     3931     59    -4     3  -584   417     5      717  258929  2358080 
 4049 15.00      38  142    29     8     3960     30    -6     5  -590   422     8      725  258923  2358085 
 4080 15.00      41  139    30     8     3990      0    -6     5  -596   427     8      733  258917  2358090 
 4113 15.50      42  138    32     9     4022    -32    -7     6  -602   433     9      741  258911  2358096 
 4142 15.75      43  137    28     8     4050    -60    -6     5  -608   438     8      749  258905  2358101 
 4175 16.25      44  136    32     9     4081    -91    -7     6  -615   444     9      758  258898  2358107 
 4256 19.50      43  137    77    25     4159   -169   -18    17  -633   461    25      783  258880  2358124 
 4320 19.50      45  135    60    21     4219   -229   -15    15  -648   476    21      804  258865  2358139 
 4415 19.50      42  138    90    32     4308   -318   -23    22  -671   498    31      835  258842  2358161 
 4500 19.50      41  139    80    28     4389   -399   -21    19  -692   517    28      863  258821  2358180 
 4506 19.50      41  139     6     2     4394   -404    -2     1  -694   518     2      865  258819  2358181 
 4603 19.75      42  138    91    33     4486   -496   -24    22  -718   540    32      897  258795  2358203 
 4694 19.25      41  139    86    30     4571   -581   -23    20  -741   560    30      927  258772  2358223 
 4786 19.50      40  140    87    31     4658   -668   -23    20  -764   580    30      958  258749  2358243 
 4879 20.00      40  140    88    31     4746   -756   -24    20  -788   600    31      989  258725  2358263 
 4972 19.00      38  142    88    31     4833   -843   -24    20  -813   619    31     1020  258700  2358282 
 4972 19.00      38  142     0     0     4833   -843     0     0  -813   619     0     1020  258700  2358282 
 5000 19.00      38  142    26     9     4860   -870    -7     6  -820   625     9     1029  258693  2358288 
 5064 19.00      38  142    61    21     4920   -930   -16    13  -836   638    21     1050  258677  2358301 
 5138 18.85      38  142    70    24     4990  -1000   -19    15  -855   653    24     1074  258658  2358316 
 5188 18.75      38  142   117    40     5038  -1048   -32    25  -868   663    40     1090  258645  2358326 
 5311 18.75      36  144   116    40     5154  -1164   -32    24  -899   686    39     1129  258614  2358349 
 5434 18.50      34  146   117    39     5271  -1281   -32    23  -931   709    39     1169  258582  2358372 
 5500 18.50      33  147    63    21     5333  -1343   -17    12  -949   721    21     1190  258564  2358384 
 5554 18.50      33  147    51    17     5385  -1395   -14     9  -963   730    17     1207  258550  2358393 
 5659 18.50      34  146   100    33     5484  -1494   -28    18  -991   748    33     1240  258522  2358411 
 5830 19.00      33  147   162    55     5646  -1656   -46    30 -1037   779    55     1295  258476  2358442 
 5954 19.00      33  147   117    40     5763  -1773   -34    22 -1071   801    40     1335  258442  2358464 
 6000 18.92      32  148    44    15     5807  -1817   -13     8 -1083   809    15     1350  258430  2358472 
 6193 18.57      27  153   183    62     5990  -2000   -54    30 -1137   839    62     1412  258376  2358502 
 6231 18.50      26  154   219    74     6026  -2036   -65    36 -1148   844    74     1424  258365  2358507 
 6478 17.50      23  157   235    76     6260  -2270   -69    32 -1218   876    75     1499  258295  2358539 
 6500 17.39      23  157    21     7     6281  -2291    -6     3 -1224   879     6     1506  258289  2358542 
 6724 16.25      21  159   214    65     6496  -2506   -60    24 -1284   903    63     1569  258229  2358566 
 6969 17.00      21  159   235    70     6731  -2741   -65    25 -1349   928    68     1638  258164  2358591 
 7000 17.00      21  159    30     9     6760  -2770    -8     3 -1358   931     9     1646  258155  2358594 
                                                                                                             
                                                                                                             
                                                                                                             
                                                                                                             
                                                                                                             
                                                                                                             
                                                                                                             
                                                                                                             
                                                                                                             
                                                                                                             
                                                                                                             
                                                                                                             
                                                                                                             
                                                                                                             
                                                                                                             
                                                                                                             
                                                                                                             
                                                                                                             
                                                                                                             
                                                                                                             
                                                                                                             
                                                                                                             
                                                                                                             
                                                                                                             
                                                                                                             
                                                                                                             
                                                                                                             
                                                                                                             
                                                                                                             
                                                                                                             
                                                                                                             
                                                                                                             
                                                                                                             
                                                                                                             
                                                                                                             
                                                                                                             
                                                                                                             
                                                                                                             
                                                                                                             
                                                                                                             
                                                                                                             
                                                                                                             
                                                                                                             
                                                                                                             
                                                                                                             
                                                                                                             
                                                                                                             
                                                                                                             
                                                                                                             
                                                                                                             
                                                                                                             
                                                                                                             
                                                                                                             
                                                                                                             
                                                                                                             
                                                                                                             
                                                                                                             
                                                                                                             
                                                                                                             
                                                                                                             
                                                                                                             
                                                                                                             
                                                                                                             
                                                                                                             
                                                                                                             
                                                                                                             
                                                                                                             
                                                                                                             
                                                                                                             
                                                                                                             
                                                                                                             
                                                                                                             
                                                                                                             
                                                                                                             
                                                                                                             
                                                                                                             
                                                                                                             
                                                                                                             
                                                                                                             
                                                                                                             
                                                                                                             
                                                                                                             
                                                                                                             
                                                                                                             
                                                                                                             
                                                                                                             
                                                                                                             
                                                                                                             
                                                                                                             
                                                                                                             
                                                                                                             
                                                                                                             
                                                                                                             
                                                                                                             
                                                                                                             
                                                                                                             
                                                                                                             
                                                                                                             
                                                                                                             
                                                                                                             
                                                                                                             
                                                                                                             
                                                                                                             
                                                                                                             
                                                                                                             
                                                                                                             
                                                                                                             
