      WELL DATA SUMMARY                                                                                        
            
Well  NAVY II 13B-16
                         
Sec Az   50 N 50 E  
Elev   3960 KB      
CoordsNorth  253619 East       2360669  2360669 
                         Course                 
  MD  Drift Drift D. AzimLength   DH      TVD     SSD    DNS   DEW   N-S   E-W  DSec    Sec     N-LAM E-LAM    
_______________________________________________________________________________________________________________
                                                                                                               
    0  0.00      48  132                          3960     0     0     0     0     0        0  253619  2360669 
  120  1.00      48  132   120       1      120   3840    -1     1    -1     1     0        0  253618  2360670 
  320  1.25      10  190   200       4      320   3640    -4     1    -4     2    -1       -1  253615  2360671 
  464  1.00      16  164   144       3      464   3496    -3     0    -7     2    -2       -3  253612  2360671 
  500  1.00      24  156    36       1      500   3460    -1     0    -8     2     0       -3  253611  2360671 
  604  1.00      48  132   140       2      604   3356    -2     1    -9     3     0       -3  253610  2360672 
  723  0.75      72  288   119       2      723   3237    -2    -1   -11     3    -2       -5  253608  2360672 
  876  0.75      71  109   153       2      876   3084    -2    -1   -13     2    -2       -7  253606  2360671 
  960  1.17      62  218    84       1      960   3000    -1     0   -14     2    -1       -7  253605  2360671 
 1000  1.37      58  270   124       2     1000   2960    -2     0   -15     2    -2       -8  253604  2360671 
 1027  1.50      55  305   151      -3     1027   2933     3     1   -10     3     3       -4  253609  2360672 
 1172  1.00      36  324   145       3     1172   2788     2    -2    -8     1     0       -4  253611  2360670 
 1341  2.00      28  332   169       4     1341   2619     4    -2    -4    -1     1       -4  253615  2360668 
 1493  2.00      18  342   152       5     1493   2467     5    -2     1    -3     2       -2  253620  2360666 
 1500  2.00      18  342     7       0     1500   2460     0     0     1    -3     0       -2  253620  2360666 
 1647  2.00      22  338   154       5     1647   2313     5    -2     6    -5     2        0  253625  2360664 
 1797  2.50      39  321   150       6     1796   2164     5    -3    11    -8     1        1  253630  2360661 
 1927  1.97      30  330   130       5     1926   2034     4    -3    15   -11     0        1  253634  2360658 
 1961  1.84      27  333    34       1     1960   2000     1    -1    16   -12     0        1  253635  2360657 
 1982  1.75      26  334   185       7     1981   1979     6    -4    17   -12     1        2  253636  2360657 
 1996  1.86      16  344    14       0     1995   1965     0     0    17   -12     0        2  253636  2360657 
 2000  1.89      14  346    18       1     1999   1961     1     0    17   -12     0        2  253636  2360657 
 2014  2.00       4  356    32       1     2013   1947     1     0    18   -12     0        2  253637  2360657 
 2045  2.50       7    7    31      -1     2044   1916     1     0    19   -12     1        3  253638  2360657 
 2076  2.75      23   23    31       1     2075   1885     1     0    20   -12     1        4  253639  2360657 
 2108  2.75      42   42    32       2     2107   1853     1     1    22   -11     1        5  253641  2360658 
 2139  3.25      48   48    31       2     2138   1822     1     1    23   -10     2        7  253642  2360659 
 2170  4.00      49   49    31       2     2169   1791     1     1    24    -8     2        9  253643  2360661 
 2202  5.00      49   49    32       3     2201   1759     2     2    26    -6     3       12  253645  2360663 
 2216  5.34      50   50    14       1     2215   1745     1     1    26    -5     1       13  253645  2360664 
 2233  5.75      51   51    31       3     2232   1728     2     2    27    -4     3       14  253646  2360665 
 2264  6.50      52   52    31       3     2263   1697     2     3    30    -2     3       18  253649  2360667 
 2295  7.25      53   53    31       4     2293   1667     2     3    32     1     4       21  253651  2360670 
 2327  8.00      51   51    32       4     2325   1635     3     3    34     5     4       26  253653  2360674 
 2358  8.75      51   51    31       5     2356   1604     3     4    37     8     5       30  253656  2360677 
 2426 10.00      53   53    67      11     2423   1537     7     9    44    17    11       41  253663  2360686 
 2489 11.00      52   52    62      11     2485   1475     7     9    51    26    11       53  253670  2360695 
 2500 11.18      52   52    11       2     2496   1464     1     2    52    28     2       55  253671  2360697 
 2550 12.00      51   51    60      12     2545   1415     8    10    59    36    12       65  253678  2360705 
 2600 12.95      50   50    49      11     2593   1367     7     8    65    44    11       76  253684  2360713 
 2733 15.49      49   49   129      33     2722   1238    21    25    87    69    33      108  253706  2360738 
 2773 16.25      48   48   216      54     2761   1199    35    41    94    77    54      119  253713  2360746 
 2859 18.25      46   46    82      26     2843   1117    17    19   111    96    25      145  253730  2360765 
 2926 18.25      44   44    64      21     2907   1053    15    15   126   110    21      166  253745  2360779 
 2982 18.71      45   45    53      18     2960   1000    13    12   139   123    18      183  253758  2360792 
 3000 18.86      45   45    70      24     2977    983    17    16   143   127    23      189  253762  2360796 
 3017 19.00      45   45    86      29     2993    967    21    20   147   131    29      195  253766  2360800 
 3105 18.75      45   45    83      28     3076    884    20    20   167   151    28      223  253786  2360820 
 3202 19.25      45   45    92      32     3168    792    22    22   189   173    31      254  253808  2360842 
 3296 20.00      45   45    89      32     3256    704    22    22   212   196    31      286  253831  2360865 
 3399 20.25      44   44    97      35     3353    607    25    25   237   220    35      321  253856  2360889 
 3473 21.25      44   44    69      26     3422    538    19    18   256   239    26      347  253875  2360908 
 3500 21.38      44   44    25      10     3448    512     7     7   263   245    10      357  253882  2360914 
 3581 21.75      44   44   100      40     3523    437    28    27   284   266    39      387  253903  2360935 
 3673 21.75      44   44    85      34     3608    352    25    24   309   290    34      421  253928  2360959 
 3767 21.25      44   44    87      34     3696    264    25    24   334   314    34      455  253953  2360983 
 3850 21.00      45   45    77      30     3773    187    21    21   355   335    30      485  253974  2361004 
 3948 21.00      44   44    91      35     3865     95    25    25   380   359    35      520  253999  2361028 
 4000 20.86      44   44    49      19     3913     47    13    13   393   372    18      538  254012  2361041 
 4040 20.75      44   44    86      33     3951      9    24    23   404   382    33      552  254023  2361051 
 4050 20.73      44   44     9       4     3960      0     3     2   406   385     4      556  254025  2361054 
 4162 20.50      45   45   114      43     4065   -105    31    30   434   412    43      595  254053  2361081 
 4254 20.25      45   45    86      32     4151   -191    23    23   457   435    32      627  254076  2361104 
 4410 20.00      48   48   146      54     4298   -338    37    39   494   474    54      680  254113  2361143 
 4500 19.76      46   46    85      31     4382   -422    21    22   515   496    31      711  254134  2361165 
 4594 19.50      44   44   173      62     4471   -511    43    45   537   519    62      742  254156  2361188 
 4777 18.75      45   45   173      60     4644   -684    43    42   580   561    60      802  254199  2361230 
 4921 18.50      46   46   136      46     4780   -820    32    33   612   593    46      848  254231  2361262 
 5000 18.25      48   48    75      25     4855   -895    17    18   629   612    25      873  254248  2361281 
 5076 18.00      50   50   147      49     4927   -967    32    36   645   629    49      896  254264  2361298 
 5110 17.77      49   49    32      10     4960  -1000     7     8   651   637    10      907  254270  2361306 
 5226 17.00      46   46   143      45     5070  -1110    30    34   675   663    45      942  254294  2361332 
 5350 16.75      45   45   119      36     5189  -1229    25    26   700   689    36      977  254319  2361358 
 5500 16.14      47   47   144      42     5333  -1373    29    31   729   719    42     1020  254348  2361388 
 5534 16.00      48   48   177      52     5366  -1406    36    38   736   726    52     1029  254355  2361395 
 5692 15.75      47   47   152      43     5518  -1558    29    32   765   758    43     1072  254384  2361427 
 5730 15.77      47   47    37      10     5554  -1594     7     8   772   766    10     1083  254391  2361435 
 5765 15.79      47   47    34      10     5588  -1628     6     7   778   773    10     1092  254397  2361442 
 5800 15.81      47   47    34      10     5621  -1661     6     7   785   780    10     1102  254404  2361449 
 5875 15.85      47   47    72      20     5694  -1734    14    15   799   795    20     1122  254418  2361464 
 5960 15.89      47   47    82      23     5775  -1815    16    17   815   812    23     1145  254434  2361481 
 6000 15.91      47   47   296      84     5814  -1854    57    61   822   820    84     1156  254441  2361489 
 6075 15.95      47   47    72      21     5886  -1926    14    15   836   835    21     1177  254455  2361504 
 6152 16.00      47   47   146      42     5960  -2000    28    31   851   850    42     1198  254470  2361519 
 6160 16.00      47   47   450     128     5968  -2008    87    94   852   852   128     1200  254471  2361521 
 6350 16.00      47   47   183      52     6150  -2190    36    38   888   890    52     1253  254507  2361559 
 6500 16.00      47   47   327      94     6294  -2334    64    69   916   920    94     1294  254535  2361589 
 7000 16.00      47   47   481     138     6775  -2815    94   101  1010  1021   138     1431  254629  2361690 
 7020 16.00      47   47   827     237     6794  -2834   162   173  1014  1025   237     1437  254633  2361694 
                                                                                                               
                                                                                                               
                                                                                                               
                                                                                                               
                                                                                                               
                                                                                                               
                                                                                                               
                                                                                                               
                                                                                                               
                                                                                                               
                                                                                                               
                                                                                                               
                                                                                                               
                                                                                                               
                                                                                                               
                                                                                                               
                                                                                                               
                                                                                                               
                                                                                                               
                                                                                                               
                                                                                                               
                                                                                                               
                                                                                                               
                                                                                                               
                                                                                                               
                                                                                                               
                                                                                                               
                                                                                                               
                                                                                                               
                                                                                                               
                                                                                                               
                                                                                                               
                                                                                                               
                                                                                                               
                                                                                                               
                                                                                                               
                                                                                                               
                                                                                                               
                                                                                                               
                                                                                                               
                                                                                                               
                                                                                                               
                                                                                                               
                                                                                                               
                                                                                                               
                                                                                                               
                                                                                                               
                                                                                                               
                                                                                                               
                                                                                                               
                                                                                                               
                                                                                                               
                                                                                                               
                                                                                                               
                                                                                                               
                                                                                                               
                                                                                                               
                                                                                                               
                                                                                                               
                                                                                                               
                                                                                                               
                                                                                                               
                                                                                                               
                                                                                                               
                                                                                                               
                                                                                                               
                                                                                                               
                                                                                                               
                                                                                                               
                                                                                                               
                                                                                                               
                                                                                                               
                                                                                                               
                                                                                                               
                                                                                                               
                                                                                                               
                                                                                                               
                                                                                                               
                                                                                                               
                                                                                                               
                                                                                                               
                                                                                                               
                                                                                                               
                                                                                                               
                                                                                                               
                                                                                                               
                                                                                                               
                                                                                                               
                                                                                                               
                                                                                                               
                                                                                                               
                                                                                                               
                                                                                                               
                                                                                                               
                                                                                                               
                                                                                                               
                                                                                                               
                                                                                                               
                                                                                                               
                                                                                                               
                                                                                                               
                                                                                                               
                                                                                                               
                                                                                                               
                                                                                                               
                                                                                                               
                                                                                                               
                                                                                                               
                                                                                                               
                                                                                                               
                                                                                                               
                                                                                                               
                                                                                                               
                                                                                                               
                                                                                                               
                                                                                                               
                                                                                                               
                                                                                                               
                                                                                                               
                                                                                                               
                                                                                                               
                                                                                                               
                                                                                                               
                                                                                                               
                                                                                                               
                                                                                                               
                                                                                                               
                                                                                                               
                                                                                                               
                                                                                                               
