      WELL DATA SUMMARY                                                                                            
            
Well  NAVY II 15-17 
                         
Sec Az  220         
Elev   4052 KB      
CoordsNorth  251908 East              2355590 
                         Course               
  MD  Drift Drift D. AzimLength  DH     TVD     SSD    DNS   DEW   N-S   E-W  DSec    Sec     N-LAM   E-LAM  
_____________________________________________________________________________________________________________
                                                                                                             
    0  0.00      76  104                        4052     0     0     0     0     0        0  251908  2355590       
   52  0.20      76  104    52     0       52   4000     0     0     0     0     0        0  251908  2355590 
  128  0.50      76  104   128     1      128   3924     0     1     0     1     0        0  251908  2355591 
  318  1.00      76  104   190     2      318   3734    -1     2    -1     3    -1       -1  251907  2355593 
  470  1.00      76  104   152     3      470   3582    -1     3    -1     6    -1       -2  251907  2355596 
  500  1.09      76  104    30     1      500   3552     0     1    -2     6     0       -3  251906  2355596 
  645  1.50      76  104   145     3      645   3407    -1     3    -2     9    -1       -4  251906  2355599 
  832  2.25      76  104   187     6      832   3220    -1     6    -4    15    -3       -7  251904  2355605 
 1000  1.87      76  104   168     6     1000   3052    -1     6    -5    21    -3       -9  251903  2355611 
 1051  1.75      76  104    51     2     1051   3001     0     2    -6    23    -1      -10  251902  2355613 
 1052  1.75      76  106     1     0     1052   3000     0     0    -6    23     0      -10  251902  2355613 
 1156  2.25      66  294   105    -4     1156   2896     3     1    -2    24    -3      -14  251906  2355614 
 1411  2.25      68  292   255    10     1410   2642     4    -9     2    15     3      -11  251910  2355605 
 1500  2.03      56  304    89     3     1499   2553     2    -3     3    12     1      -10  251911  2355602 
 1609  1.75      41  319   109     4     1608   2444     2    -3     6     9     0      -10  251914  2355599 
 1797  2.00      27  333   188     6     1796   2256     5    -3    11     6    -2      -12  251919  2355596 
 1970  2.25      42  318   173     6     1969   2083     5    -4    16     2    -2      -14  251924  2355592 
 2000  2.44      49  311    30     1     1999   2053     1    -1    17     1     0      -14  251925  2355591 
 2050  2.75      61  299    50     2     2049   2003     1    -2    18    -1     0      -13  251926  2355589 
 2053  2.76      61  299     3     0     2052   2000     0     0    18    -1     0      -13  251926  2355589 
 2236  3.50      74  286   186    10     2235   1817     4    -9    22   -10     3      -10  251930  2355580 
 2340  4.25      51  309   104     7     2338   1714     3    -6    25   -16     2       -9  251933  2355574 
 2372  4.50      46  314    32     2     2370   1682     2    -2    27   -18     0       -9  251935  2355572 
 2396  4.00      60  300    24     2     2394   1658     1    -1    28   -20     0       -9  251936  2355570 
 2403  3.75      46  314     7     0     2401   1651     0     0    28   -20     0       -9  251936  2355570 
 2434  3.00      46  314    31     2     2432   1620     1    -1    30   -21     0       -9  251938  2355569 
 2487  2.25      34  326    53     2     2485   1567     2    -2    31   -23     0       -9  251939  2355567 
 2500  1.25      27  333    13     0     2498   1554     0     0    32   -23     0       -9  251940  2355567 
 2564  0.00       0    0    64    -1     2562   1490     1     0    32   -23     0      -10  251940  2355567 
 2690  1.25      25  155   126     1     2688   1364     0     1    33   -22    -1      -11  251941  2355568 
 2813  0.75      26  154   123     2     2811   1241    -2     1    31   -21     1      -10  251939  2355569 
 2885  0.75      20  160    72     1     2883   1169    -1     0    30   -21     0      -10  251938  2355569 
 2936  0.75      16  164    51     1     2934   1118    -1     0    29   -20     0       -9  251937  2355570 
 3000  1.00      14  166    64     1     2998   1054    -1     0    28   -20     1       -9  251936  2355570 
 3054  1.22      12  168    54     1     3052   1000    -1     0    27   -20     1       -8  251935  2355570 
 3062  1.25      12  168    62     1     3060    992    -1     0    27   -20     1       -8  251935  2355570 
 3216  1.75      18  198   154     4     3214    838    -4     0    23   -20     3       -5  251931  2355570 
 3370  1.75      10  180   154     5     3368    684    -5    -1    19   -21     4       -1  251927  2355569 
 3464  2.25      19  199    94     3     3462    590    -3    -1    15   -21     3        2  251923  2355569 
 3500  2.11      20  200    36     1     3498    554    -1     0    14   -22     1        3  251922  2355568 
 3530  2.00      20  200    30     1     3528    524    -1     0    13   -22     1        4  251921  2355568 
 3651  2.00      10  190   121     4     3649    403    -4    -1     9   -23     4        8  251917  2355567 
 3775  2.50      18  198   124     5     3773    279    -5    -1     4   -25     4       13  251912  2355565 
 3889  3.00      24  204   114     5     3887    165    -5    -2    -1   -26     5       18  251907  2355564 
 4000  3.61      28  208   111     6     3997     55    -6    -3    -7   -29     6       24  251901  2355561 
 4026  3.75      29  209    26     2     4023     29    -1    -1    -8   -30     2       26  251900  2355560 
 4055  3.89      29  209    29     2     4052      0    -2    -1   -10   -31     2       27  251898  2355559 
 4077  4.00      29  209    51     3     4074    -22    -3    -2   -11   -32     3       29  251897  2355558 
 4108  3.50      34  214    31     2     4105    -53    -2    -1   -13   -33     2       31  251895  2355557 
 4138  3.00      46  226    30     2     4135    -83    -1    -1   -14   -34     2       33  251894  2355556 
 4170  3.00      58  238    32     2     4167   -115    -1    -1   -15   -35     2       34  251893  2355555 
 4201  2.75      80  260    31     2     4198   -146    -1    -1   -16   -37     1       36  251892  2355553 
 4232  2.25      89  271    31     1     4229   -177     0    -1   -16   -38     1       37  251892  2355552 
 4263  2.00      74  286    31     1     4260   -208     0    -1   -16   -39     1       37  251892  2355551 
 4295  1.75      84  276    32     1     4292   -240     0    -1   -16   -40     1       38  251892  2355550 
 4326  1.00      85  275    31     1     4323   -271     0    -1   -15   -41     0       38  251893  2355549 
 4392  0.25      11  169    66     1     4389   -337    -1     0   -16   -41     1       39  251892  2355549 
 4500  0.25      18  195   108     0     4497   -445     0     0   -16   -41     0       39  251892  2355549 
 4518  0.25      19  199    18     0     4515   -463     0     0   -17   -41     0       39  251891  2355549 
 4638  0.50      35  325   120     1     4635   -583     0    -1   -17   -42     1       40  251891  2355548 
 4731  0.00       0  360    93     0     4728   -676     0     0   -16   -42     0       40  251892  2355548 
 4862  1.00      75  285   131     1     4859   -807     1    -1   -15   -43     0       39  251893  2355547 
 4992  0.75      86  266   130     2     4989   -937     0    -2   -15   -45     1       41  251893  2355545 
 5000  0.71      81  261     8     0     4997   -945     0     0   -15   -45     0       41  251893  2355545 
 5055  0.41      44  224    55     1     5052  -1000     0     0   -15   -46     0       41  251893  2355544 
 5086  0.25      24  204    86     1     5083  -1031     0    -1   -16   -46     1       41  251892  2355544 
 5212  0.50       4  184   126     1     5209  -1157    -1     0   -16   -46     1       42  251892  2355544 
 5332  0.50      10  190   120     1     5329  -1277    -1     0   -17   -46     1       43  251891  2355544 
 5459  1.00      77  257   127     2     5456  -1404    -1    -1   -19   -47     2       45  251889  2355543 
 5500  1.08      63  243    41     1     5497  -1445     0    -1   -19   -48     1       45  251889  2355542 
 5583  1.25      34  214    83     2     5580  -1528    -1    -1   -20   -49     2       47  251888  2355541 
 5706  1.25      59  239   123     3     5703  -1651    -2    -2   -22   -51     3       50  251886  2355539 
 5828  1.25      29  209   122     3     5825  -1773    -2    -2   -24   -53     3       52  251884  2355537 
 5954  1.00      32  212   126     2     5951  -1899    -2    -1   -26   -54     2       55  251882  2355536 
 6000  1.13      33  213    46     1     5997  -1945    -1     0   -27   -55     1       56  251881  2355535 
 6055  1.28      33  213    55     1     6052  -2000    -1    -1   -28   -55     1       57  251880  2355535 
 6134  1.50      34  214   134     3     6131  -2079    -3    -2   -29   -56     3       59  251879  2355534 
 6212  1.50      40  220    78     2     6209  -2157    -2    -1   -31   -58     2       61  251877  2355532 
 6305  2.25      39  219    93     3     6302  -2250    -2    -2   -33   -59     3       64  251875  2355531 
 6462  1.25      49  229   157     5     6459  -2407    -3    -3   -37   -63     5       68  251871  2355527 
 6500  1.66      50  230    38     1     6497  -2445    -1    -1   -37   -64     1       69  251871  2355526 
 6555  2.25      52  232    55     2     6552  -2500    -1    -1   -38   -65     2       71  251870  2355525 
 6672  3.00      48  228   117     5     6668  -2616    -3    -4   -42   -69     5       77  251866  2355521 
 6763  3.00      54  234    91     5     6759  -2707    -3    -4   -45   -73     5       81  251863  2355517 
 6911  3.75      49  229   148     9     6907  -2855    -5    -7   -50   -80     9       90  251858  2355510 
 6964  3.61      49  229    53     3     6960  -2908    -2    -3   -53   -82     3       93  251855  2355508 
 7000  3.52      49  229    36     2     6996  -2944    -1    -2   -54   -84     2       95  251854  2355506 
 7008  3.50      49  229     8     0     7004  -2952     0     0   -54   -84     0       96  251854  2355506 
 7056  3.65      48  228    48     3     7052  -3000    -2    -2   -56   -87     3       99  251852  2355503 
 7339  4.50      39  219   330    23     7334  -3282   -17   -16   -71  -100    23      119  251837  2355490 
 7500  4.50      36  216   161    13     7495  -3443   -10    -8   -81  -108    13      131  251827  2355482 
 7725  4.50      31  211   224    18     7719  -3667   -15   -10   -96  -118    18      149  251812  2355472 
 8000  6.80      52  232   274    27     7993  -3941   -20   -18  -116  -136    27      176  251792  2355454 
 8024  7.00      54  234    24     3     8016  -3964    -2    -2  -118  -138     3      179  251790  2355452 
 8060  7.00      54  234    36     4     8052  -4000    -3    -4  -120  -141     4      183  251788  2355449 
 8195  7.00      54  234   170    21     8186  -4134   -12   -17  -130  -155    20      199  251778  2355435 
 8225  7.00      54  234    30     4     8216  -4164    -2    -3  -132  -158     4      203  251776  2355432 
                                                                                                             
                                                                                                             
                                                                                                             
                                                                                                             
                                                                                                             
                                                                                                             
                                                                                                             
                                                                                                             
                                                                                                             
                                                                                                             
                                                                                                             
                                                                                                             
                                                                                                             
                                                                                                             
                                                                                                             
                                                                                                             
                                                                                                             
                                                                                                             
                                                                                                             
                                                                                                             
                                                                                                             
                                                                                                             
                                                                                                             
                                                                                                             
                                                                                                             
                                                                                                             
                                                                                                             
                                                                                                             
                                                                                                             
                                                                                                             
                                                                                                             
                                                                                                             
                                                                                                             
                                                                                                             
                                                                                                             
                                                                                                             
                                                                                                             
                                                                                                             
                                                                                                             
                                                                                                             
                                                                                                             
                                                                                                             
                                                                                                             
                                                                                                             
                                                                                                             
                                                                                                             
                                                                                                             
                                                                                                             
                                                                                                             
                                                                                                             
                                                                                                             
                                                                                                             
                                                                                                             
                                                                                                             
                                                                                                             
                                                                                                             
                                                                                                             
                                                                                                             
                                                                                                             
                                                                                                             
                                                                                                             
                                                                                                             
                                                                                                             
                                                                                                             
                                                                                                             
                                                                                                             
                                                                                                             
                                                                                                             
                                                                                                             
                                                                                                             
                                                                                                             
                                                                                                             
                                                                                                             
                                                                                                             
                                                                                                             
                                                                                                             
                                                                                                             
                                                                                                             
                                                                                                             
                                                                                                             
                                                                                                             
                                                                                                             
                                                                                                             
                                                                                                             
                                                                                                             
                                                                                                             
                                                                                                             
                                                                                                             
                                                                                                             
                                                                                                             
                                                                                                             
                                                                                                             
                                                                                                             
                                                                                                             
                                                                                                             
                                                                                                             
                                                                                                             
                                                                                                             
                                                                                                             
                                                                                                             
                                                                                                             
                                                                                                             
                                                                                                             
                                                                                                             
                                                                                                             
                                                                                                             
                                                                                                             
                                                                                                             
                                                                                                             
                                                                                                             
                                                                                                             
                                                                                                             
                                                                                                             
                                                                                                             
