      DIRECTIONAL SURVEY CALCULATIONS  (Average Angle)                                                                                                                                                    
            
Well  NAVY II 67-17 
                         
Sec Az    0 North   
Elev   3870 KB      
CoordsNorth  250538 East              2359340 
                         Course               
  MD  Drift Drift D. AzimLength  DH     TVD     SSD    DNS   DEW   N-S   E-W  DSec    Sec      N-LAM  E-LAM     
_______________________________________________________________________________________________________________ 
                                                                                                                
    0  0.00      86  266                        3870     0     0     0     0     0        0    250538   2359340 
  130  0.25      86  266   130     0      130   3740     0     0     0     0     0        0    250538   2359340 
  250  0.25      24  204   120     1      250   3620     0     0     0    -1     0        0    250538   2359339 
  340  0.25      66  114    90     0      340   3530     0     0    -1    -1     0       -1    250537   2359339 
  488  1.00      24  204   148     2      488   3382    -2     1    -2     0    -2       -2    250536   2359340 
  602  0.50       2  182   114     1      602   3268    -1     0    -4     0    -1       -4    250534   2359340 
  730  0.75      19  199   128     1      730   3140    -1     0    -5    -1    -1       -5    250533   2359339 
  858  0.75      11  169   128     2      858   3012    -2     0    -7    -1    -2       -7    250531   2359339 
  870  0.75      17  180    12     0      870   3000     0     0    -7    -1     0       -7    250531   2359339 
  983  0.75      76  284   125    -2      983   2887     1     1    -6     0     1       -6    250532   2359340 
 1110  0.75      69  249   127     2     1110   2760     0    -2    -6    -1     0       -6    250532   2359339 
 1219  0.75      86  274   109     1     1219   2651     0    -1    -6    -3     0       -6    250532   2359337 
 1251  1.75      65  295    32     1     1251   2619     0    -1    -6    -3     0       -6    250532   2359337 
 1285  2.00      42  318    34     1     1285   2585     1    -1    -5    -4     1       -5    250533   2359336 
 1315  2.75      26  334    30     1     1315   2555     1    -1    -4    -5     1       -4    250534   2359335 
 1345  3.50      19  341    30     2     1345   2525     2    -1    -3    -5     2       -3    250535   2359335 
 1377  4.25      14  346    32     2     1377   2493     2    -1     0    -6     2        0    250538   2359334 
 1417  4.50       0  360    40     3     1417   2453     3     0     3    -6     3        3    250541   2359334 
 1543  4.75       0  360   126    10     1542   2328    10     0    13    -6    10       13    250551   2359334 
 1712  4.25       4    4   168   -13     1711   2159    13     0    26    -6    13       26    250564   2359334 
 1829  3.75      16   16   117     8     1827   2043     8     1    34    -5     8       34    250572   2359335 
 1872  3.75      19   19    43     3     1870   2000     3     1    37    -4     3       37    250575   2359336 
 1956  3.75      24   24   127     8     1954   1916     8     3    42    -2     8       42    250580   2359338 
 2080  3.50      32   32   124     8     2078   1792     7     4    49     2     7       49    250587   2359342 
 2252  3.50      15   15   172    11     2250   1620    10     4    58     6    10       58    250596   2359346 
 2515  2.25       8  352   263   -13     2512   1358    13     1    72     7    13       72    250610   2359347 
 2647  3.50      36  324   132     7     2644   1226     6    -2    78     4     6       78    250616   2359344 
 2679  4.25      30  330    32     2     2676   1194     2    -1    80     3     2       80    250618   2359343 
 2710  4.75      25  335    31     2     2707   1163     2    -1    82     2     2       82    250620   2359342 
 2742  5.25      19  341    32     3     2739   1131     3    -1    84     1     3       84    250622   2359341 
 2774  6.00      11  349    32     3     2771   1099     3    -1    87     0     3       87    250625   2359340 
 2807  7.25       9  351    33     4     2803   1067     4    -1    91     0     4       91    250629   2359340 
 2874  9.14       6  354    66    10     2870   1000     9    -1   101    -2     9      101    250639   2359338 
 2878  9.25       6  354    70    10     2874    996    10    -1   101    -2    10      101    250639   2359338 
 2937  9.75       6  354    58    10     2932    938    10    -1   111    -3    10      111    250649   2359337 
 2969 10.00       1  359    32     5     2963    907     5     0   116    -3     5      116    250654   2359337 
 3001 10.25       0  360    32     6     2995    875     6     0   122    -3     6      122    250660   2359337 
 3032 11.25       3  357    30     6     3025    845     6     0   128    -3     6      128    250666   2359337 
 3064 12.75       1  359    31     7     3057    813     7     0   134    -3     7      134    250672   2359337 
 3096 13.75       0  360    31     7     3088    782     7     0   142    -4     7      142    250680   2359336 
 3128 14.50       0  360    31     8     3119    751     8     0   150    -4     8      150    250688   2359336 
 3160 15.25       1    1    31    -8     3150    720     8     0   158    -3     8      158    250696   2359337 
 3192 16.00       1    1    31     9     3181    689     9     0   166    -3     9      166    250704   2359337 
 3224 16.25       1    1    31     9     3211    659     9     0   175    -3     9      175    250713   2359337 
 3306 16.75       1    1    79    23     3290    580    23     0   199    -3    23      199    250737   2359337 
 3370 17.75       0    0    61    19     3351    519    19     0   217    -3    19      217    250755   2359337 
 3434 19.00       0    0    61    20     3412    458    20     0   238    -3    20      238    250776   2359337 
 3497 19.75       3    3    59    21     3471    399    21     1   259    -2    21      259    250797   2359338 
 3561 21.00       3    3    60    22     3531    339    22     1   281    -1    22      281    250819   2359339 
 3624 21.75       3    3    59    23     3590    280    23     1   304     0    23      304    250842   2359340 
 3688 22.75       4    4    59    24     3649    221    24     1   328     2    24      328    250866   2359342 
 3751 24.00       5    5    58    25     3707    163    25     2   353     4    25      353    250891   2359344 
 3815 24.25       7    7    58    26     3765    105    26     3   379     6    26      379    250917   2359346 
 3880 25.25       7    7    59    27     3824     46    27     3   406    10    27      406    250944   2359350 
 3917 25.50       8    8    33    16     3858     12    16     2   422    12    16      422    250960   2359352 
 3930 25.73       7    7    12     6     3870      0     6     1   427    13     6      427    250965   2359353 
 3987 26.75       4    4    63    31     3921    -51    31     3   452    15    31      452    250990   2359355 
 4018 28.00       4    4    28    14     3948    -78    14     1   466    16    14      466    251004   2359356 
 4111 30.00       1  359    81   -45     4030   -160    45     1   512    17    45      512    251050   2359357 
 4207 30.00       1  359    83    48     4113   -243    48    -1   560    16    48      560    251098   2359356 
 4300 30.00       0  360    81    47     4193   -323    46     0   606    16    46      606    251144   2359356 
 4427 30.00       0  360   110    63     4303   -433    63     0   670    16    63      670    251208   2359356 
 4522 30.00       0  360    82    48     4385   -515    48     0   717    16    48      717    251255   2359356 
 4618 30.00       0  360    83    48     4469   -599    48     0   765    16    48      765    251303   2359356 
 4713 30.00       0  360    82    48     4551   -681    48     0   813    16    48      813    251351   2359356 
 4803 29.25       0  360    78    44     4629   -759    44     0   857    16    44      857    251395   2359356 
 4925 28.00       0  360   107    58     4736   -866    58     0   915    16    58      915    251453   2359356 
 4993 27.00       0  360    60    31     4797   -927    31     0   947    16    31      947    251485   2359356 
 5060 26.50       4    4    60   -30     4856   -986    30     1   977    17    30      977    251515   2359357 
 5075 26.50       4    4    13     7     4870  -1000     7     0   984    18     7      984    251522   2359358 
 5155 26.50       4    4    85    42     4941  -1071    42     3  1019    20    42     1019    251557   2359360 
 5250 26.50       5    5    85    42     5026  -1156    42     3  1062    23    42     1062    251600   2359363 
 5344 26.25       6    6    84    42     5111  -1241    42     4  1103    27    42     1103    251641   2359367 
 5437 26.00       6    6    83    41     5194  -1324    41     4  1144    32    41     1144    251682   2359372 
 5503 26.00       6    6    59    29     5253  -1383    29     3  1173    35    29     1173    251711   2359375 
 5597 26.25       6    6    84    41     5338  -1468    41     4  1214    39    41     1214    251752   2359379 
 5693 26.50       6    6    86    43     5424  -1554    42     4  1256    43    42     1256    251794   2359383 
 5786 26.50       4    4    83    41     5507  -1637    41     4  1298    47    41     1298    251836   2359387 
 5881 26.75       6    6    85    43     5592  -1722    42     4  1340    51    42     1340    251878   2359391 
 5975 26.75       7    7    84    42     5676  -1806    42     5  1382    56    42     1382    251920   2359396 
 6069 27.00       7    7    84    42     5760  -1890    42     5  1424    61    42     1424    251962   2359401 
 6185 26.75       6    6   103    52     5863  -1993    52     6  1476    67    52     1476    252014   2359407 
 6192 26.70       6    6     6     3     5870  -2000     3     0  1479    67     3     1479    252017   2359407 
 6259 26.25       7    7    66    33     5929  -2059    33     4  1509    70    33     1509    252047   2359410 
 6354 26.50       8    8    85    42     6015  -2145    42     6  1551    76    42     1551    252089   2359416 
 6449 26.75       8    8    85    43     6100  -2230    42     6  1593    82    42     1593    252131   2359422 
 6547 26.75       8    8    88    44     6187  -2317    44     6  1637    88    44     1637    252175   2359428 
 6636 27.00       8    8    79    40     6266  -2396    40     6  1677    94    40     1677    252215   2359434 
 6727 26.75       8    8    81    41     6348  -2478    41     6  1717    99    41     1717    252255   2359439 
 6820 26.50       9    9    83    42     6431  -2561    41     6  1759   105    41     1759    252297   2359445 
 6913 26.50       9    9    83    41     6514  -2644    41     6  1800   112    41     1800    252338   2359452 
 7007 26.25      10   10    84    42     6598  -2728    41     7  1841   119    41     1841    252379   2359459 
 7101 26.00      10   10    84    41     6683  -2813    41     7  1881   126    41     1881    252419   2359466 
 7187 25.25       9    9    78    37     6760  -2890    37     6  1918   132    37     1918    252456   2359472 
 7287 24.75      10   10    91    42     6851  -2981    42     7  1960   139    42     1960    252498   2359479 
 7308 24.75      10   10    19     9     6870  -3000     9     2  1968   141     9     1968    252506   2359481 
 7367 24.75      10   10    73    33     6923  -3053    33     6  1993   145    33     1993    252531   2359485 
 7477 24.50      10   10   100    46     7023  -3153    45     8  2038   153    45     2038    252576   2359493                                                                               
 7566 24.00      11   11    81    37     7105  -3235    36     7  2074   160    36     2074    252612   2359500 
 7663 23.50      10   10    89    39     7193  -3323    38     7  2112   167    38     2112    252650   2359507                                                                               
 7753 23.00      10   10    83    36     7276  -3406    35     6  2147   173    35     2147    252685   2359513                                                                                           
 7824 23.50       9    9    65    28     7341  -3471    28     5  2175   178    28     2175    252713   2359518                                                                                           
 7918 22.00       9    9    87    36     7428  -3558    36     6  2211   183    36     2211    252749   2359523                                                                   
 7995 21.50       9    9    72    29     7499  -3629    28     4  2239   188    28     2239    252777   2359528                                                                                           
 8089 21.00       9    9    88    34     7587  -3717    34     5  2273   193    34     2273    252811   2359533                                                                                           
 8181 20.50       9    9    86    33     7673  -3803    32     5  2305   198    32     2305    252843   2359538                                                                                           
 8276 20.25       9    9    89    33     7762  -3892    33     5  2338   203    33     2338    252876   2359543                                                                                           
 8372 20.25      10   10    90    33     7852  -3982    33     5  2370   209    33     2370    252908   2359549                                                                                           
 8391 20.30      10   10    18     7     7870  -4000     6     1  2377   210     6     2377    252915   2359550 
 8465 20.50      10   10    87    32     7939  -4069    32     6  2402   214    32     2402    252940   2359554                                                                   
 8557 19.00      13   13    87    31     8026  -4156    30     6  2433   221    30     2433    252971   2359561                                                                                           
 8651 18.50      13   13    89    30     8115  -4245    29     7  2462   227    29     2462    253000   2359567                                                                                           
 8789 17.50      14   14   131    43     8246  -4376    41    10  2504   237    41     2504    253042   2359577                                                                                           
 8965 18.00      15   15   168    54     8414  -4544    52    13  2556   251    52     2556    253094   2359591                                                                                           
 9018 18.00      15   15    50    16     8464  -4594    16     4  2571   255    16     2571    253109   2359595                                                                                           
                                                                                                                                                                                                          
                                                                                                                                                                                                          
                                                                                                                
                                                                                                                                                                                                          
                                                                                                                                                                                                          
                                                                                                                                                                                                          
                                                                                                                
                                                                                                                                                                                                          
                                                                                                                                                                                                          
                                                                                                                                                                                                          
                                                                                                                
                                                                                                                                                                                                          
                                                                                                                                                                                                          
                                                                                                                                                                                                          
                                                                                                                                                                                                          
                                                                                                                
                                                                                                                                                                                                          
                                                                                                                                                                                                          
                                                                                                                                                                                                          
                                                                                                                
                                                                                                                                                                                                          
                                                                                                                                                                                                          
                                                                                                                                                                                                          
                                                                                                                                                                                                          
                                                                                                                
                                                                                                                                                                                                          
                                                                                                                                                                                                          
                                                                                                                                                                                                          
                                                                                                                
                                                                                                                                                                                                          
                                                                                                                                                                                                          
                                                                                                                                                                                                          
                                                                                                                
                                                                                                                                                                                                          
                                                                                                                                                                                                          
                                                                                                                                                                                                          
                                                                                                                
                                                                                                                                                                                                          
                                                                                                                                                                                                          
                                                                                                                                                                                                          
                                                                                                                
                                                                                                                                                                                                          
                                                                                                                                                                                                          
                                                                                                                                                                                                          
                                                                                                                                                                                                          
                                                                                                                                                                                                          
                                                                                                                                                                                                          
                                                                                                                
                                                                                                                
                                                                                                                
                                                                                                                
                                                                                                                
                                                                                                                
                                                                                                                
                                                                                                                
                                                                                                                
                                                                                                                
                                                                                                                
                                                                                                                
                                                                                                                
                                                                                                                
                                                                                                                
                                                                                                                
                                                                                                                
                                                                                                                
                                                                                                                
                                                                                                                
                                                                                                                
                                                                                                                
                                                                                                                
                                                                                                                
                                                                                                                
                                                                                                                
                                                                                                                
                                                                                                                
                                                                                                                
                                                                                                                
                                                                                                                
                                                                                                                
                                                                                                                                                                                              
                                                                                                                                                                                              
                                                                                                                                                                                              
                                                                                                                                                                                              
                                                                                                                                                                                              
                                                                                                                                                                                              
                                                                                                                                                                                              
                                                                                                                                                                                              
                                                                                                                                                                                              
                                                                                                                                                                                              
                                                                                                                                                                                              
                                                                                                                                                                                              
                                                                                                                                                                                              
