      WELL DATA SUMMARY                                                                                                                                                                                                      
            
Well  NAVY II 67B-17
                         
Sec Az  295 N65W    
Elev   3870 KB      
CoordsNorth  250551 EAST              2359247 
                         Course               
  MD  Drift Drift D. AzimLength  DH     TVD     SSD    DNS   DEW   N-S   E-W  DSec   Sec    N-LAM E-LAM    
___________________________________________________________________________________________________________
                                                                                                                                                                                                                             
    0  0.00      84   84     0     0        0   3870     0     0     0     0     0      0  250551  2359247                                                                                                                   
  157  0.75      84   84   157     1      157   3713     0     1     0     1    -1     -1  250551  2359248                                                                                                                   
  295  1.25      71  109   138     2      295   3575     0     2     0     3    -2     -3  250551  2359250                                                                                                                   
  491  2.00      25  205   196     6      491   3379    -5     2    -5     6    -4     -7  250546  2359253                                                                                                                   
  612  2.25      40  220   121     4      612   3258    -4    -2    -9     3     1     -7  250542  2359250                                                                                                                   
  736  1.75      33  213   124     4      736   3134    -3    -3   -13     1     1     -6  250538  2359248                                                                                                                   
  860  1.75      14  194   124     4      860   3010    -3    -2   -16    -1     0     -6  250535  2359246                                                                                                                   
  870  1.71      15  195    10     0      870   3000     0     0   -16    -1     0     -6  250535  2359246 
  986  1.25      23  203   126     3      986   2884    -3    -1   -19    -2     0     -6  250532  2359245                                                                                                                   
 1109  1.50       9  189   123     3     1109   2761    -3    -1   -22    -3     0     -7  250529  2359244                                                                                                                   
 1235  1.50      20  200   126     3     1235   2635    -3    -1   -25    -4    -1     -7  250526  2359243                                                                                                                   
 1328  1.75      21  201    93     3     1328   2542    -2    -1   -28    -5     0     -8  250523  2359242                                                                                                                   
 1455  0.50      44  224   127     2     1454   2416    -2    -1   -30    -6     0     -7  250521  2359241                                                                                                                   
 1580  0.75      57  237   125     1     1579   2291    -1    -1   -31    -7     1     -7  250520  2359240                                                                                                                   
 1705  0.75      49  229   125     2     1704   2166    -1    -1   -32    -8     1     -6  250519  2359239                                                                                                                   
 1829  0.75      17  197   124     2     1828   2042    -1    -1   -33    -9     0     -6  250518  2359238                                                                                                                   
 1871  1.09      30  210    42     1     1870   2000    -1     0   -34    -9     0     -6  250517  2359238 
 1953  1.75      54  234   124     3     1952   1918    -2    -2   -35   -11     0     -5  250516  2359236                                                                                                                   
 2038  1.00      34  214    85     2     2037   1833    -1    -1   -37   -12     1     -5  250514  2359235                                                                                                                   
 2170  1.50      39  219   132     3     2169   1701    -2    -2   -39   -14     1     -4  250512  2359233                                                                                                                   
 2300  2.25      55  235   130     4     2299   1571    -3    -3   -42   -17     2     -2  250509  2359230                                                                                                                   
 2420  1.25      69  249   120     4     2419   1451    -2    -3   -44   -20     2      0  250507  2359227                                                                                                                   
 2553  1.25      89  271   133     3     2552   1318    -1    -3   -44   -23     2      2  250507  2359224                                                                                                                   
 2698  2.75      89  269   145     5     2697   1173     0    -5   -44   -28     5      7  250507  2359219                                                                                                                   
 2818  2.25      69  249   120     5     2817   1053    -1    -5   -45   -33     4     11  250506  2359214                                                                                                                   
 2865  2.53      73  253    47     2     2864   1006    -1    -2   -46   -35     1     12  250505  2359212 
 2871  2.56      73  253     6     0     2870   1000     0     0   -46   -35     0     13  250505  2359212 
 2945  3.00      79  259   127     6     2944    926    -2    -6   -47   -39     4     15  250504  2359208                                                                                                                   
 3102  3.25      84  264   157     9     3101    769    -1    -8   -48   -47     7     23  250503  2359200                                                                                                                   
 3218  4.00      87  267   116     7     3216    654    -1    -7   -49   -55     6     29  250502  2359192                                                                                                                   
 3219  4.00      87  267     1     0     3217    653     0     0   -49   -55     0     29  250502  2359192 
 3311  4.00      80  260    93     6     3309    561    -1    -6   -49   -61     6     34  250502  2359186                                                                                                                   
 3403  4.00      78  258    92     6     3401    469    -1    -6   -50   -67     5     40  250501  2359180                                                                                                                   
 3495  4.50      74  254    92     7     3493    377    -2    -7   -52   -74     5     45  250499  2359173                                                                                                                   
 3586  4.25      70  250    91     7     3583    287    -2    -7   -54   -81     5     50  250497  2359166                                                                                                                   
 3679  4.00      66  246    93     7     3676    194    -3    -6   -57   -87     5     55  250494  2359160                                                                                                                   
 3726  4.75      86  266    47     4     3723    147    -1    -3   -58   -90     3     57  250493  2359157                                                                                                                   
 3757  4.75      87  273    31     3     3754    116     0    -3   -58   -93     2     60  250493  2359154                                                                                                                   
 3788  5.50      86  274    31     3     3785     85     0    -3   -57   -96     3     62  250494  2359151                                                                                                                   
 3819  6.00      81  279    31     3     3816     54     0    -3   -57   -99     3     65  250494  2359148                                                                                                                   
 3850  6.75      76  284    31     3     3846     24     1    -3   -56  -102     3     69  250495  2359145                                                                                                                   
 3874  7.35      72  288    24     3     3870      0     1    -3   -56  -105     3     71  250495  2359142 
 3880  7.50      71  289    30     4     3876     -6     1    -4   -55  -106     4     72  250496  2359141                                                                                                                   
 3911  8.25      68  292    31     4     3907    -37     1    -4   -54  -110     4     77  250497  2359137                                                                                                                   
 3942  9.00      69  291    31     5     3938    -68     2    -4   -52  -114     5     81  250499  2359133                                                                                                                   
 3973 10.00      68  292    31     5     3968    -98     2    -5   -50  -119     5     86  250501  2359128                                                                                                                   
 4004 11.00      65  295    30     6     3999   -129     2    -5   -48  -124     6     92  250503  2359123                                                                                                                   
 4065 12.25      58  302    60    12     4058   -188     6   -11   -42  -135    12    104  250509  2359112                                                                                                                   
 4127 13.00      60  300    61    14     4119   -249     7   -12   -35  -146    13    118  250516  2359101                                                                                                                   
 4189 13.75      59  301    60    14     4179   -309     7   -12   -28  -159    14    132  250523  2359088                                                                                                                   
 4250 14.75      58  302    59    15     4238   -368     8   -13   -20  -171    15    147  250531  2359076                                                                                                                   
 4312 15.50      58  302    60    16     4298   -428     9   -14   -12  -185    16    163  250539  2359062                                                                                                                   
 4371 16.25      61  299    57    16     4355   -485     8   -14    -3  -199    16    179  250548  2359048                                                                                                                   
 4432 17.75      65  295    58    18     4413   -543     8   -16     5  -215    18    197  250556  2359032                                                                                                                   
 4497 18.00      72  288    62    20     4475   -605     7   -19    12  -233    20    217  250563  2359014                                                                                                                   
 4559 18.00      70  290    59    19     4534   -664     6   -18    18  -252    19    236  250569  2358995                                                                                                                   
 4622 18.00      65  295    60    19     4594   -724     7   -18    26  -270    19    255  250577  2358977                                                                                                                   
 4685 18.00      67  293    60    19     4654   -784     8   -18    34  -287    19    275  250585  2358960                                                                                                                   
 4746 18.00      69  291    58    19     4712   -842     7   -17    41  -305    19    293  250592  2358942                                                                                                                   
 4808 18.00      64  296    59    19     4771   -901     8   -18    48  -322    19    313  250599  2358925                                                                                                                   
 4868 18.00      62  298    57    19     4828   -958     8   -17    57  -339    19    331  250608  2358908                                                                                                                   
 4912 18.00      65  295    42    14     4870  -1000     6   -12    63  -351    14    345  250614  2358896 
 4990 18.00      69  291   116    38     4944  -1074    16   -34    72  -373    38    369  250623  2358874                                                                                                                   
 5020 17.75      68  292    29     9     4973  -1103     3    -9    76  -382     9    378  250627  2358865                                                                                                                   
 5110 17.75      65  295    86    27     5058  -1188    11   -25    87  -407    27    405  250638  2358840                                                                                                                   
 5205 18.25      57  303    90    29     5149  -1279    14   -26   101  -433    29    435  250652  2358814                                                                                                                   
 5300 19.00      65  295    90    30     5239  -1369    15   -27   116  -459    30    465  250667  2358788                                                                                                                   
 5395 20.00      53  307    90    32     5328  -1458    16   -27   132  -486    32    497  250683  2358761                                                                                                                   
 5459 20.00      58  302    60    22     5388  -1518    12   -18   144  -504    22    518  250695  2358743                                                                                                                   
 5567 20.00      57  303   101    37     5490  -1620    20   -31   164  -536    37    555  250715  2358711                                                                                                                   
 5662 20.00      57  303    89    32     5579  -1709    18   -27   182  -563    32    587  250733  2358684                                                                                                                   
 5758 20.00      57  303    90    33     5669  -1799    18   -28   200  -590    33    619  250751  2358657                                                                                                                   
 5854 20.00      58  302    90    33     5760  -1890    18   -28   217  -618    33    652  250768  2358629                                                                                                                   
 5972 20.00      57  303   111    40     5870  -2000    22   -34   239  -652    40    692  250790  2358595 
 6013 20.00      57  303   149    54     5909  -2039    29   -46   247  -664    54    706  250798  2358583                                                                                                                   
 6141 20.00      58  302   120    44     6029  -2159    24   -37   270  -701    43    749  250821  2358546                                                                                                                   
 6225 20.50      61  299    79    29     6108  -2238    15   -25   285  -726    29    778  250836  2358521 
 6268 20.75      63  297   119    44     6148  -2278    22   -38   292  -739    44    793  250843  2358508                                                                                                                   
 6364 20.75      64  296    90    34     6238  -2368    15   -30   307  -770    34    827  250858  2358477                                                                                                                   
 6396 20.75      64  296    30    11     6268  -2398     5   -10   312  -780    11    839  250863  2358467                                                                                                                   
 6620 20.09      60  300   210    78     6478  -2608    36   -69   349  -849    78    917  250900  2358398 
 6630 20.06      60  300     9     3     6487  -2617     2    -3   350  -852     3    920  250901  2358395 
 6651 20.00      60  300   239    89     6507  -2637    42   -78   354  -858    89    927  250905  2358389                                                                                                                   
 6740 20.53      61  299    83    31     6591  -2721    15   -27   369  -885    31    958  250920  2358362 
 6777 20.75      61  299   118    44     6625  -2755    22   -38   375  -897    44    971  250926  2358350                                                                                                                   
 6904 20.50      61  299   119    45     6744  -2874    22   -39   397  -936    45   1016  250948  2358311                                                                                                                   
 7030 20.25      60  300   118    44     6862  -2992    22   -38   419  -974    44   1060  250970  2358273                                                                                                                   
 7038 20.23      60  300     8     3     6870  -3000     1    -2   420  -976     3   1062  250971  2358271 
 7161 20.00      60  300   123    45     6985  -3115    23   -39   441 -1013    45   1104  250992  2358234                                                                                                                   
 7288 19.00      60  300   120    42     7105  -3235    21   -37   462 -1050    42   1147  251013  2358197                                                                                                                   
 7383 18.25      60  300    90    30     7195  -3325    15   -26   478 -1076    30   1177  251029  2358171                                                                                                                   
 7456 18.25      58  302    69    23     7264  -3394    12   -20   489 -1095    23   1200  251040  2358152 
 7478 18.25      57  303    90    30     7285  -3415    16   -25   493 -1101    30   1206  251044  2358146                                                                                                                   
 7574 18.00      57  303    91    30     7376  -3506    16   -25   509 -1126    30   1236  251060  2358121                                                                                                                   
 7670 16.25      54  306    92    28     7468  -3598    16   -23   525 -1150    28   1264  251076  2358097                                                                                                                   
 7745 15.77      53  307    72    21     7540  -3670    12   -17   538 -1166    20   1284  251089  2358081 
 7748 15.75      53  307    75    21     7543  -3673    13   -17   538 -1167    21   1285  251089  2358080                                     
 7820 16.68      54  306    69    20     7612  -3742    12   -16   550 -1183    20   1305  251101  2358064 
 7922 18.00      55  305   167    51     7710  -3840    30   -41   568 -1208    50   1335  251119  2358039                                     
 8019 17.00      54  306    93    29     7802  -3932    17   -24   585 -1231    29   1363  251136  2358016                                     
 8090 17.46      54  306    68    21     7870  -4000    12   -17   597 -1248    21   1384  251148  2357999 
 8110 17.59      54  306    87    27     7889  -4019    16   -22   601 -1253    27   1390  251152  2357994 
 8135 17.75      54  306   111    35     7913  -4043    20   -28   605 -1259    34   1397  251156  2357988                                     
 8271 20.00      56  304   129    44     8041  -4171    25   -36   630 -1295    43   1441  251181  2357952                                     
 8321 21.00      56  304    47    18     8088  -4218    10   -15   640 -1310    17   1458  251191  2357937 
 8346 21.50      56  304    70    27     8112  -4242    15   -22   645 -1318    26   1467  251196  2357929                                     
 8463 24.00      57  303   108    45     8220  -4350    25   -38   670 -1355    45   1512  251221  2357892 
 8559 25.00      57  303    87    40     8307  -4437    22   -33   692 -1389    39   1551  251243  2357858 
 8654 25.00      58  302    86    40     8393  -4523    22   -34   714 -1423    40   1591  251265  2357824 
 8684 24.55      58  302    27    13     8420  -4550     7   -11   720 -1433    12   1603  251271  2357814 
 8870 21.75      58  302   198    86     8591  -4721    45   -73   759 -1495    85   1676  251310  2357752 
 8900 21.75      58  302   199    85     8619  -4749    45   -72   765 -1505    84   1688  251316  2357742 
