      WELL DATA SUMMARY                                                                                      
            
Well  BLM 35B-20    
                         
Sec Az   40         
Elev   4048 KB      
CoordsNorth  246592 East              2357404 
                         Course               
  MD  Drift Drift D. AzimLength  DH     TVD     SSD    DNS   DEW   N-S   E-W  DSec    Sec     N-LAM E-LAM    
_____________________________________________________________________________________________________________
                                                                                                             
    0  0.00       0  300                        4048     0     0     0     0     0        0  246592  2357404 
   48  0.08       5  300    48     0       48   4000     0     0     0     0     0        0  246592  2357404 
  575  1.00      60  300   575     5      575   3473     3    -4     3    -4    -1       -1  246595  2357400 
  688  1.50      56  304   113     2      688   3360     1    -2     4    -6     0       -1  246596  2357398 
  780  2.00      52  308    92     3      780   3268     2    -2     5    -9     0       -1  246597  2357395 
  872  2.75      55  305    92     4      872   3176     2    -3     8   -12     0       -2  246600  2357392 
  934  2.75      65  295    62     3      934   3114     1    -3     9   -14    -1       -2  246601  2357390 
 1039  2.75      56  304   105     5     1039   3009     2    -4    12   -19    -1       -3  246604  2357385 
 1048  2.75      57  303     9     0     1048   3000     0     0    12   -19     0       -3  246604  2357385 
 1122  2.75      61  299    83     4     1122   2926     2    -3    14   -22    -1       -4  246606  2357382 
 1216  2.50      72  288    94     4     1215   2833     2    -4    15   -26    -1       -5  246607  2357378 
 1368  3.00      61  299   152     7     1367   2681     3    -7    18   -33    -2       -7  246610  2357371 
 1543  3.50      71  289   175    10     1542   2506     4    -9    22   -42    -3      -10  246614  2357362 
 1617  3.75      74  286    74     5     1616   2432     1    -4    24   -46    -2      -11  246616  2357358 
 1717  3.75      71  289   100     7     1716   2332     2    -6    26   -53    -3      -14  246618  2357351 
 1806  4.00      71  289    89     6     1804   2244     2    -6    28   -58    -2      -16  246620  2357346 
 1937  4.00      76  284   131     9     1935   2113     3    -9    30   -67    -4      -20  246622  2357337 
 2007  4.00      81  279    70     5     2005   2043     1    -5    31   -72    -2      -22  246623  2357332 
 2050  4.24      80  280    43     3     2048   2000     1    -3    32   -75    -2      -24  246624  2357329 
 2096  4.50      78  282    89     7     2094   1954     1    -6    33   -78    -3      -25  246625  2357326 
 2188  4.00      84  276    92     7     2185   1863     1    -7    34   -85    -4      -29  246626  2357319 
 2279  4.00      76  284    91     6     2276   1772     1    -6    35   -91    -3      -32  246627  2357313 
 2390  3.25      76  284   111     7     2387   1661     2    -7    36   -98    -3      -35  246628  2357306 
 2471  4.50      79  281    81     5     2468   1580     1    -5    38  -103    -3      -38  246630  2357301 
 2508  5.00      72  288    37     3     2505   1543     1    -3    38  -106    -1      -39  246630  2357298 
 2539  5.25      60  300    31     3     2536   1512     1    -3    39  -109    -1      -40  246631  2357295 
 2571  5.75      55  305    32     3     2567   1481     2    -3    41  -111     0      -40  246633  2357293 
 2602  5.75      44  316    31     3     2598   1450     2    -2    43  -114     0      -40  246635  2357290 
 2633  5.75      36  324    31     3     2629   1419     2    -2    46  -116     1      -40  246638  2357288 
 2664  5.50      28  332    31     3     2660   1388     3    -2    48  -117     1      -39  246640  2357287 
 2695  5.25      24  336    31     3     2691   1357     3    -1    51  -119     1      -37  246643  2357285 
 2757  4.00      14  346    62     5     2753   1295     5    -2    55  -120     3      -35  246647  2357284 
 2789  4.25       6  354    32     2     2785   1263     2     0    58  -121     1      -33  246650  2357283 
 2820  4.50       3    3    31    -2     2815   1233     2     0    60  -121     2      -32  246652  2357283 
 2852  4.75      12   12    32     3     2847   1201     3     0    63  -120     2      -29  246655  2357284 
 2883  5.00      21   21    31     3     2878   1170     3     1    65  -120     2      -27  246657  2357284 
 2914  5.25      32   32    31     3     2909   1139     2     1    68  -118     3      -24  246660  2357286 
 2945  6.00      37   37    31     3     2940   1108     3     2    70  -117     3      -21  246662  2357287 
 2976  6.75      39   39    31     3     2971   1077     3     2    73  -115     3      -18  246665  2357289 
 3008  7.75      37   37    32     4     3002   1046     3     2    76  -112     4      -14  246668  2357292 
 3039  8.25      44   44    31     4     3033   1015     3     3    79  -109     4      -10  246671  2357295 
 3054  8.37      45   45    15     2     3048   1000     2     2    81  -108     2       -7  246673  2357296 
 3071  8.50      46   46    32     5     3065    983     3     3    83  -106     5       -5  246675  2357298 
 3131 10.00      46   46    59    10     3124    924     7     7    89   -99    10        5  246681  2357305 
 3226 11.25      46   46    93    18     3217    831    12    13   101   -87    17       22  246693  2357317 
 3321 12.25      44   44    93    19     3310    738    14    14   115   -73    19       41  246707  2357331 
 3414 14.25      44   44    91    21     3401    647    15    15   130   -58    21       63  246722  2357346 
 3509 16.75      42   42    92    25     3493    555    19    17   149   -41    25       88  246741  2357363 
 3609 16.75      41   41    96    29     3588    460    22    19   171   -22    29      117  246763  2357382 
 3659 17.00      41   41    48    15     3636    412    11    10   182   -12    15      131  246774  2357392 
 3690 16.75      43   43    30     9     3666    382     7     6   188    -6     9      140  246780  2357398 
 3700 16.75      44   44    10     3     3675    373     2     2   190    -4     3      143  246782  2357400 
 3722 16.75      45   45    31     9     3696    352     7     6   195     0     9      150  246787  2357404 
 3754 17.00      47   47    31     9     3727    321     6     7   201     7     9      159  246793  2357411 
 3824 17.50      50   50    67    21     3794    254    14    16   215    23    21      179  246807  2357427 
 3905 17.14      50   50    77    24     3871    177    15    19   231    41    24      203  246823  2357445 
 3992 16.75      51   51   161    49     3954     94    31    38   247    61    49      228  246839  2357465 
 4090 16.75      51   51    94    28     4048      0    18    22   264    83    28      256  246856  2357487 
 4117 16.75      51   51   120    36     4074    -26    23    28   269    89    35      263  246861  2357493 
 4210 15.75      52   52    89    26     4163   -115    16    20   285   109    26      289  246877  2357513 
 4302 15.75      51   51    89    25     4252   -204    16    20   301   129    24      313  246893  2357533 
 4397 15.25      51   51    92    25     4344   -296    16    20   317   148    25      338  246909  2357552 
 4580 17.00      49   49   176    51     4519   -471    33    39   350   187    50      388  246942  2357591 
 4670 18.75      48   48    86    28     4605   -557    18    21   368   208    27      416  246960  2357612 
 4855 16.25      50   50   176    56     4781   -733    36    42   404   250    55      471  246996  2357654 
 5045 16.00      47   47   183    53     4964   -916    35    40   439   289    52      523  247031  2357693 
 5133 16.92      46   46    84    25     5048  -1000    17    18   457   308    25      547  247049  2357712 
 5260 18.25      44   44   205    63     5169  -1121    44    45   484   335    63      586  247076  2357739 
 5512 24.00      43   43   235    91     5404  -1356    66    63   550   397    91      676  247142  2357801 
 5632 24.50      43   43   109    49     5514  -1466    36    34   586   431    49      726  247178  2357835 
 5850 22.25      44   44   200    86     5714  -1666    63    60   648   490    86      812  247240  2357894 
 6068 19.89      44   44   203    78     5917  -1869    56    54   705   545    78      890  247297  2357949 
 6150 19.00      44   44   281   106     5995  -1947    76    73   724   564   105      917  247316  2357968 
 6206 18.66      44   44    53    18     6048  -2000    13    13   737   576    18      935  247329  2357980 
 6312 18.02      44   44   154    51     6148  -2100    37    36   761   599    51      969  247353  2358003 
 6405 17.45      44   44    89    28     6237  -2189    20    20   782   619    28      997  247374  2358023 
 6438 17.25      44   44   274    90     6268  -2220    64    62   789   626    89     1007  247381  2358030 
 6490 17.25      44   44    50    15     6318  -2270    11    11   800   637    15     1022  247392  2358041 
