      WELL DATA SUMMARY                                                                                      
            
Well  BLM 68B-20    
                         
Sec Az  190 S 10 W  
Elev   4045 KB      
CoordsNorth  245173 East              2358819 
                         Course               
  MD  Drift Drift D. AzimLength  DH     TVD     SSD    DNS   DEW   N-S   E-W  DSec    Sec     N-LAM E-LAM    
_____________________________________________________________________________________________________________
                                                                                             245173  2358819 
    0  0.00       8  172     0     0        0   4045     0     0     0     0     0        0  245173  2358819 
   45  0.29       8  172    45     0       45   4000     0     0     0     0     0        0  245173  2358819 
  153  1.00       8  172   153     1      153   3892    -1     0    -1     0     1        1  245172  2358819 
  324  2.25       8  172   171     5      324   3721    -5     1    -6     1     5        6  245167  2358820 
  499  2.00      14  166   175     6      499   3546    -6     1   -12     2     6       12  245161  2358821 
  500  1.99      14  166     1     0      500   3545     0     0   -13     2     0       12  245160  2358821 
  577  1.50       6  172    78     2      577   3468    -2     0   -15     3     2       14  245158  2358822 
  663  2.00      12  192    86     3      663   3382    -3     0   -17     2     3       17  245156  2358821 
  786  2.00      23  203   123     4      786   3259    -4    -1   -22     1     4       21  245151  2358820 
  907  2.00      20  200   121     4      907   3138    -4    -2   -25     0     4       25  245148  2358819 
 1000  2.15      12  192    93     3     1000   3045    -3    -1   -29    -1     3       29  245144  2358818 
 1046  2.22       9  189    46     2     1045   3000    -2     0   -30    -2     2       30  245143  2358817 
 1067  2.25       7  187   160     6     1066   2979    -6    -1   -31    -2     6       31  245142  2358817 
 1191  2.00      11  191   124     5     1190   2855    -5    -1   -36    -2     5       36  245137  2358817 
 1315  2.25       8  172   124     5     1314   2731    -5     0   -40    -3     5       40  245133  2358816 
 1439  3.00      24  204   124     6     1438   2607    -6    -1   -46    -3     6       46  245127  2358816 
 1500  3.00      27  207    61     3     1499   2546    -3    -1   -49    -5     3       49  245124  2358814 
 1559  3.00      30  210   120     6     1558   2487    -6    -3   -52    -6     6       52  245121  2358813 
 1689  3.25      26  206   130     7     1688   2357    -6    -3   -58   -10     7       59  245115  2358809 
 1772  3.00      22  202    83     5     1771   2274    -4    -2   -62   -11     4       63  245111  2358808 
 1909  3.25      18  198   137     7     1907   2138    -7    -3   -69   -14     7       70  245104  2358805 
 2000  3.25      29  209    91     5     1998   2047    -5    -2   -74   -16     5       75  245099  2358803 
 2002  3.25      29  209    93     5     2000   2045    -5    -2   -74   -16     5       76  245099  2358803 
 2047  3.01      27  207    45     2     2045   2000    -2    -1   -76   -17     2       78  245097  2358802 
 2095  2.75      24  204    93     5     2093   1952    -4    -2   -78   -18     5       80  245095  2358801 
 2185  2.25      24  204    90     4     2183   1862    -4    -2   -82   -20     4       84  245091  2358799 
 2252  2.75      25  205    67     3     2250   1795    -3    -1   -84   -21     3       87  245089  2358798 
 2378  2.00      39  219   126     5     2376   1669    -4    -3   -89   -24     5       92  245084  2358795 
 2413  2.00      44  224    35     1     2411   1634    -1    -1   -90   -25     1       93  245083  2358794 
 2500  2.00      38  218    87     3     2498   1547    -2    -2   -92   -27     3       95  245081  2358792 
 2552  2.00      34  214   139     5     2550   1495    -4    -3   -94   -28     4       97  245079  2358791 
 2836  2.50      49  229   284    11     2834   1211    -8    -7  -102   -35    10      106  245071  2358784 
 3000  2.72      53  233   164     7     2997   1048    -5    -6  -107   -41     6      112  245066  2358778 
 3022  2.75      54  234   186     9     3019   1026    -5    -7  -107   -42     6      113  245066  2358777 
 3048  2.75      53  233    26     1     3045   1000    -1    -1  -108   -43     1      114  245065  2358776 
 3130  2.75      48  228   108     5     3127    918    -3    -4  -110   -46     4      117  245063  2358773 
 3285  2.50      31  211   155     7     3282    763    -5    -5  -116   -50     6      123  245057  2358769 
 3378  2.00      27  207    93     4     3375    670    -3    -2  -119   -52     3      126  245054  2358767 
 3471  2.25      24  204    93     3     3468    577    -3    -1  -122   -54     3      130  245051  2358765 
 3500  2.40      27  207    29     1     3497    548    -1    -1  -123   -54     1      131  245050  2358765 
 3565  2.75      34  214    94     4     3562    483    -4    -2  -126   -56     4      134  245047  2358763 
 3721  2.50      49  229   156     7     3718    327    -5    -5  -131   -60     6      140  245042  2358759 
 3844  2.75      50  230   123     6     3841    204    -4    -4  -135   -65     4      144  245038  2358754 
 3907  2.75      50  230    63     3     3904    141    -2    -2  -137   -67     2      146  245036  2358752 
 3961  2.50      56  236    54     2     3957     88    -1    -2  -138   -69     2      148  245035  2358750 
 3992  2.00      40  220    31     1     3988     57    -1    -1  -139   -70     1      149  245034  2358749 
 4000  1.88      33  213     8     0     3996     49     0     0  -139   -70     0      149  245034  2358749 
 4024  1.50      11  191    32     1     4020     25    -1     0  -140   -70     1      150  245033  2358749 
 4049  1.90       5  185    25     1     4045      0    -1     0  -141   -70     1      151  245032  2358749 
 4055  2.00       4  184    31     1     4051     -6    -1     0  -141   -70     1      151  245032  2358749 
 4086  2.25      30  150    31     1     4082    -37    -1     0  -142   -70     1      152  245031  2358749 
 4118  1.50      32  148    32     1     4114    -69    -1     1  -143   -69     1      153  245030  2358750 
 4192  1.00      10  350    74    -2     4188   -143     1     2  -142   -68    -1      152  245031  2358751 
 4286  0.75       0  360    94     1     4282   -237     1     0  -141   -68    -1      151  245032  2358751 
 4379  1.00      12  348    93     1     4375   -330     1     0  -140   -68    -1      149  245033  2358751 
 4492  1.00      25  336   113     2     4488   -443     2    -1  -138   -69    -2      148  245035  2358750 
 4500  1.00      28  333     8     0     4496   -451     0     0  -138   -69     0      147  245035  2358750 
 4602  1.00      60  300   110     2     4598   -553     1    -1  -136   -70    -1      146  245037  2358749 
 4728  0.75      75  255   126     2     4724   -679     0    -2  -136   -72     0      146  245037  2358747 
 4822  0.50      75  255    94     1     4818   -773     0    -1  -136   -73     0      147  245037  2358746 
 4918  1.25      14  194    96     1     4914   -869    -1    -1  -137   -74     1      148  245036  2358745 
 4949  2.00       5  185    31     1     4945   -900    -1     0  -138   -74     1      149  245035  2358745 
 4981  2.75       7  187    32     1     4977   -932    -1     0  -139   -74     1      150  245034  2358745 
 5000  3.06       6  186    19     1     4996   -951    -1     0  -140   -74     1      151  245033  2358745 
 5012  3.25       5  185    31     2     5008   -963    -2     0  -141   -75     2      152  245032  2358744 
 5044  4.00       0  180    32     2     5040   -995    -2     0  -143   -75     2      154  245030  2358744 
 5049  4.19       2  178     5     0     5045  -1000     0     0  -143   -75     0      154  245030  2358744 
 5110  6.50      27  153    66     6     5106  -1061    -6     1  -149   -73     6      159  245024  2358746 
 5182  6.75      24  156    72     8     5177  -1132    -7     4  -156   -70     7      166  245017  2358749 
 5276  6.50      24  156    93    11     5271  -1226   -10     4  -166   -65     9      175  245007  2358754 
 5370  6.50      24  156    93    11     5364  -1319   -10     4  -176   -61     9      184  244997  2358758 
 5465  6.50      22  158    94    11     5459  -1414   -10     4  -186   -57     9      193  244987  2358762 
 5500  6.59      24  156    35     4     5493  -1448    -4     2  -190   -55     3      196  244983  2358764 
 5559  6.75      28  152    93    11     5552  -1507   -10     5  -196   -52     9      202  244977  2358767 
 5595  6.59      31  149    36     4     5588  -1543    -4     2  -199   -50     3      205  244974  2358769 
 5626  6.45      34  146    31     4     5618  -1573    -3     2  -202   -48     3      208  244971  2358771 
 6000  4.77      68  110   372    37     5991  -1946   -22    29  -225   -19    17      225  244948  2358800 
 6054  4.52      73  105    54     4     6045  -2000    -1     4  -226   -15     1      225  244947  2358804 
 6226  3.75      88   88   598    53     6216  -2171   -24    48  -226     0    15      223  244947  2358819 
 6500  3.16      65   65   274    17     6490  -2445     4    16  -223    16    -7      217  244950  2358835 
 6692  2.75      49   49   465    26     6681  -2636    10    25  -217    24   -14      209  244956  2358843 
 6782  2.75      49   49    90     4     6771  -2726     3     3  -214    27    -3      206  244959  2358846 
                                                                                                             
                                                                                                             
                                                                                                             
                                                                                                             
                                                                                                             
                                                                                                             
                                                                                                             
                                                                                                             
                                                                                                             
                                                                                                             
                                                                                                             
                                                                                                             
                                                                                                             
                                                                                                             
                                                                                                             
                                                                                                             
                                                                                                             
                                                                                                             
                                                                                                             
                                                                                                             
                                                                                                             
                                                                                                             
                                                                                                             
                                                                                                             
                                                                                                             
                                                                                                             
                                                                                                             
                                                                                                             
                                                                                                             
                                                                                                             
                                                                                                             
                                                                                                             
                                                                                                             
                                                                                                             
                                                                                                             
                                                                                                             
                                                                                                             
                                                                                                             
                                                                                                             
                                                                                                             
                                                                                                             
                                                                                                             
                                                                                                             
                                                                                                             
                                                                                                             
                                                                                                             
                                                                                                             
                                                                                                             
                                                                                                             
                                                                                                             
                                                                                                             
                                                                                                             
                                                                                                             
                                                                                                             
                                                                                                             
                                                                                                             
                                                                                                             
                                                                                                             
                                                                                                             
                                                                                                             
                                                                                                             
                                                                                                             
                                                                                                             
                                                                                                             
                                                                                                             
                                                                                                             
                                                                                                             
                                                                                                             
                                                                                                             
                                                                                                             
                                                                                                             
                                                                                                             
                                                                                                             
                                                                                                             
                                                                                                             
                                                                                                             
                                                                                                             
                                                                                                             
                                                                                                             
                                                                                                             
                                                                                                             
                                                                                                             
                                                                                                             
                                                                                                             
                                                                                                             
                                                                                                             
                                                                                                             
                                                                                                             
                                                                                                             
                                                                                                             
                                                                                                             
                                                                                                             
                                                                                                             
                                                                                                             
                                                                                                             
                                                                                                             
                                                                                                             
                                                                                                             
                                                                                                             
                                                                                                             
                                                                                                             
                                                                                                             
                                                                                                             
                                                                                                             
                                                                                                             
                                                                                                             
                                                                                                             
                                                                                                             
                                                                                                             
                                                                                                             
                                                                                                             
                                                                                                             
                                                                                                             
                                                                                                             
                                                                                                             
                                                                                                             
                                                                                                             
                                                                                                             
                                                                                                             
                                                                                                             
                                                                                                             
                                                                                                             
                                                                                                             
                                                                                                             
                                                                                                             
