      WELL DATA SUMMARY                                                                                      
            
Well  NAVY 72C-18   
                         
Sec Az  120 S 60 E  
Elev   4228 KB      
CoordsNorth  254043 East              2354660 
                         Course               
  MD  Drift Drift D. AzimLength  DH     TVD     SSD    DNS   DEW   N-S   E-W  DSec    Sec     N-LAM E-LAM    
_____________________________________________________________________________________________________________
                                                                                                             
    0  0.00       8  352                        4228     0     0     0     0     0        0  254043  2354660 
  217  1.00       8  352   217     2      217   4011     2     0     2     0    -1       -1  254045  2354660 
  228  0.98       8  352    11     0      228   4000     0     0     2     0     0       -1  254045  2354660 
  467  0.50      14  346   250     3      467   3761     3    -1     5    -1    -2       -3  254048  2354659 
  500  0.59      10  351    33     0      500   3728     0     0     5    -1     0       -4  254048  2354659 
  555  0.75       2  358    88     1      555   3673     1     0     6    -1    -1       -4  254049  2354659 
  713  0.75      33   33   158    -2      713   3515     2     1     8     0    -1       -4  254051  2354660 
  869  0.75      26   26   156     2      869   3359     2     1    10     1     0       -4  254053  2354661 
 1000  0.96       5  306   131     2     1000   3228    -2     0     8     1     1       -3  254051  2354661 
 1025  1.00       1  359   156    -2     1025   3203     2     1    12     1    -1       -5  254055  2354661 
 1228  1.00       8  104   203     4     1228   3000    -2    -3    10    -2    -1       -6  254053  2354658 
 1303  1.00      10   10   278    -5     1303   2925     5     0    17     1    -2       -7  254060  2354661 
 1334  1.00      29   29    31     1     1334   2894     1     0    17     2     0       -7  254060  2354662 
 1365  1.25      65   65    31     1     1365   2863     0     0    18     2     0       -7  254061  2354662 
 1397  1.25      75   75    32     1     1397   2831     0     1    18     3     0       -7  254061  2354663 
 1427  1.00      90   90    30     1     1427   2801     0     1    18     3     0       -6  254061  2354663 
 1459  2.00      81   99    32     1     1459   2769     0     1    18     4     1       -5  254061  2354664 
 1489  2.00      67  113    30     1     1489   2739     0     1    18     5     1       -4  254061  2354665 
 1500  2.17      67  113    11     0     1500   2728     0     0    18     6     0       -4  254061  2354666 
 1521  2.50      67  113    32     1     1521   2707     0     1    17     6     1       -3  254060  2354666 
 1551  3.00      67  113    30     1     1551   2677    -1     1    17     8     1       -2  254060  2354668 
 1581  3.50      60  120    30     2     1581   2647    -1     2    16     9     2        0  254059  2354669 
 1613  4.25      60  120    32     2     1613   2615    -1     2    15    11     2        2  254058  2354671 
 1645  5.25      57  123    32     3     1645   2583    -1     2    14    13     3        5  254057  2354673 
 1675  5.75      55  125    30     3     1674   2554    -2     2    12    16     3        8  254055  2354676 
 1706  6.25      58  122    31     3     1705   2523    -2     3    10    18     3       11  254053  2354678 
 1738  7.00      60  120    32     4     1737   2491    -2     3     8    22     4       15  254051  2354682 
 1887 10.25      58  122   147    22     1884   2344   -12    19    -3    41    22       37  254040  2354701 
 1919 11.25      58  122    31     6     1916   2312    -3     5    -6    46     6       43  254037  2354706 
 2000 13.68      59  121    79    17     1995   2233    -9    15   -16    61    17       60  254027  2354721 
 2044 15.00      59  121   122    28     2038   2190   -15    24   -21    70    28       71  254022  2354730 
 2136 16.50      60  120    89    25     2126   2102   -13    22   -34    91    25       96  254009  2354751 
 2230 18.00      60  120    90    28     2216   2012   -14    24   -48   116    28      124  253995  2354776 
 2243 18.35      60  120    12     4     2228   2000    -2     4   -50   119     4      128  253993  2354779 
 2323 20.50      59  121    88    31     2304   1924   -16    26   -63   142    31      155  253980  2354802 
 2345 20.88      60  121    21     8     2324   1904    -4     7   -67   149     8      162  253976  2354809 
 2411 22.00      61  119    82    32     2386   1842   -16    28   -79   170    32      187  253964  2354830 
 2500 22.00      60  120    83    33     2468   1760   -16    29   -96   199    33      220  253947  2354859 
 2501 22.00      60  120    83    34     2469   1759   -17    29   -96   199    34      220  253947  2354859 
 2593 21.75      56  124    85    34     2554   1674   -18    29  -114   228    34      255  253929  2354888 
 2682 21.50      55  125    83    33     2637   1591   -19    27  -133   255    33      287  253910  2354915 
 2776 20.50      57  123    88    34     2725   1503   -19    28  -152   283    34      321  253891  2354943 
 2875 20.00      55  125    93    34     2818   1410   -19    28  -171   311    34      355  253872  2354971 
 2968 19.75      55  125    87    32     2905   1323   -18    26  -189   337    31      387  253854  2354997 
 3000 19.75      55  125    30    11     2935   1293    -6     9  -195   346    11      397  253848  2355006 
 3062 19.75      54  126    88    32     2994   1234   -18    26  -207   363    32      418  253836  2355023 
 3155 19.00      52  128    88    31     3081   1147   -19    25  -226   388    31      449  253817  2355048 
 3250 19.00      51  129    90    31     3171   1057   -19    24  -245   412    31      479  253798  2355072 
 3310 18.84      50  130    57    19     3228   1000   -12    15  -257   427    19      499  253786  2355087 
 3343 18.75      50  130    88    30     3259    969   -19    23  -264   435    30      509  253779  2355095 
 3406 19.00      49  131    60    20     3319    909   -13    15  -277   451    20      529  253766  2355111 
 3469 19.25      53  127    60    21     3378    850   -13    16  -290   467    20      549  253753  2355127 
 3500 19.13      54  126    29    10     3408    820    -6     8  -297   475    10      560  253746  2355135 
 3531 19.00      55  125    59    20     3437    791   -12    16  -302   483    20      570  253741  2355143 
 3595 19.00      60  120    61    21     3498    730   -11    18  -314   501    21      590  253729  2355161 
 3688 19.00      65  115    88    30     3585    643   -14    27  -328   528    30      621  253715  2355188 
 3751 20.00      65  115    59    21     3645    583    -9    19  -336   547    21      642  253707  2355207 
 3815 20.00      62  118    60    22     3705    523   -10    20  -346   566    22      664  253697  2355226 
 3875 20.00      62  118    56    21     3761    467   -10    18  -356   584    21      684  253687  2355244 
 3909 20.00      62  118    88    32     3793    435   -15    28  -361   595    32      696  253682  2355255 
 4000 20.00      61  119    86    31     3879    349   -15    27  -376   622    31      727  253667  2355282 
 4035 20.00      60  120   118    43     3912    316   -21    38  -382   632    43      739  253661  2355292 
 4136 20.00      60  120    95    35     4007    221   -17    30  -399   662    35      773  253644  2355322 
 4234 20.00      59  121    92    34     4099    129   -17    29  -416   691    34      807  253627  2355351 
 4322 20.00      58  122    83    30     4181     47   -16    26  -432   717    30      837  253611  2355377 
 4372 19.86      58  122    47    17     4228      0    -9    14  -441   731    17      854  253602  2355391 
 4410 19.75      58  122    83    30     4264    -36   -16    25  -448   742    30      867  253595  2355402 
 4500 19.21      57  123    85    30     4349   -121   -16    25  -464   767    30      897  253579  2355427 
 4536 19.00      56  124   119    42     4383   -155   -23    35  -471   777    42      909  253572  2355437 
 4700 19.00      56  124   155    53     4538   -310   -30    44  -501   822    53      962  253542  2355482 
                                                                                                             
                                                                                                             
                                                                                                             
                                                                                                             
                                                                                                             
                                                                                                             
                                                                                                             
                                                                                                             
                                                                                                             
                                                                                                             
                                                                                                             
                                                                                                             
                                                                                                             
                                                                                                             
                                                                                                             
                                                                                                             
                                                                                                             
                                                                                                             
                                                                                                             
                                                                                                             
                                                                                                             
                                                                                                             
                                                                                                             
                                                                                                             
                                                                                                             
                                                                                                             
                                                                                                             
                                                                                                             
                                                                                                             
                                                                                                             
                                                                                                             
                                                                                                             
                                                                                                             
                                                                                                             
                                                                                                             
                                                                                                             
                                                                                                             
                                                                                                             
                                                                                                             
                                                                                                             
                                                                                                             
                                                                                                             
                                                                                                             
                                                                                                             
                                                                                                             
                                                                                                             
                                                                                                             
                                                                                                             
                                                                                                             
                                                                                                             
                                                                                                             
                                                                                                             
                                                                                                             
                                                                                                             
                                                                                                             
                                                                                                             
                                                                                                             
                                                                                                             
                                                                                                             
                                                                                                             
                                                                                                             
                                                                                                             
                                                                                                             
                                                                                                             
                                                                                                             
                                                                                                             
                                                                                                             
                                                                                                             
                                                                                                             
                                                                                                             
                                                                                                             
                                                                                                             
                                                                                                             
                                                                                                             
                                                                                                             
                                                                                                             
                                                                                                             
                                                                                                             
                                                                                                             
                                                                                                             
                                                                                                             
                                                                                                             
                                                                                                             
                                                                                                             
                                                                                                             
                                                                                                             
                                                                                                             
                                                                                                             
                                                                                                             
                                                                                                             
                                                                                                             
                                                                                                             
                                                                                                             
                                                                                                             
                                                                                                             
                                                                                                             
                                                                                                             
                                                                                                             
                                                                                                             
                                                                                                             
                                                                                                             
                                                                                                             
                                                                                                             
                                                                                                             
                                                                                                             
                                                                                                             
                                                                                                             
                                                                                                             
                                                                                                             
                                                                                                             
                                                                                                             
                                                                                                             
                                                                                                             
                                                                                                             
                                                                                                             
                                                                                                             
                                                                                                             
                                                                                                             
                                                                                                             
                                                                                                             
                                                                                                             
                                                                                                             
                                                                                                             
                                                                                                             
                                                                                                             
                                                                                                             
                                                                                                             
                                                                                                             
                                                                                                             
                                                                                                             
                                                                                                             
                                                                                                             
                                                                                                             
