      WELL DATA SUMMARY                                                                                      
            
Well  NAVY I 71A-7  
                         
Sec Az    0 STRAIGHT HOLE             (ASSUME)
Elev   4136 KB      
CoordsNorth  259951 East              2354150 
                         Course               
  MD  Drift Drift D. AzimLength  DH     TVD     SSD    DNS   DEW   N-S   E-W  DSec    Sec     N-LAM E-LAM    
_____________________________________________________________________________________________________________
                                                                                                             
    0  0.00       0    0                        4136     0     0     0     0     0        0  259951  2354150 
  136  0.00       0    0   136     0      136   4000     0     0     0     0     0        0  259951  2354150 
  250  0.00       0    0   250     0      250   3886     0     0     0     0     0        0  259951  2354150 
  500  0.00       0    0   250     0      500   3636     0     0     0     0     0        0  259951  2354150 
  750  0.00       0    0   250     0      750   3386     0     0     0     0     0        0  259951  2354150 
 1000  0.00       0    0   250     0     1000   3136     0     0     0     0     0        0  259951  2354150 
 1136  0.00       0    0   136     0     1136   3000     0     0     0     0     0        0  259951  2354150 
 1250  0.00       0    0   250     0     1250   2886     0     0     0     0     0        0  259951  2354150 
 1500  0.00       0    0   250     0     1500   2636     0     0     0     0     0        0  259951  2354150 
 1708  0.00       0    0   208     0     1708   2428     0     0     0     0     0        0  259951  2354150 
 1750  0.00       0    0    42     0     1750   2386     0     0     0     0     0        0  259951  2354150 
 1935  0.00       0    0   185     0     1935   2201     0     0     0     0     0        0  259951  2354150 
 1991  0.00       0    0    56     0     1991   2145     0     0     0     0     0        0  259951  2354150 
 2000  0.00       0    0     9     0     2000   2136     0     0     0     0     0        0  259951  2354150 
 2025  0.00       0    0    25     0     2025   2111     0     0     0     0     0        0  259951  2354150 
 2045  0.00       0    0    20     0     2045   2091     0     0     0     0     0        0  259951  2354150 
 2100  0.00       0    0    55     0     2100   2036     0     0     0     0     0        0  259951  2354150 
                                                                                                             
                                                                                                             
                                                                                                             
                                                                                                             
                                                                                                             
                                                                                                             
                                                                                                             
                                                                                                             
                                                                                                             
                                                                                                             
                                                                                                             
                                                                                                             
                                                                                                             
                                                                                                             
                                                                                                             
                                                                                                             
                                                                                                             
                                                                                                             
                                                                                                             
                                                                                                             
                                                                                                             
                                                                                                             
                                                                                                             
                                                                                                             
                                                                                                             
                                                                                                             
                                                                                                             
                                                                                                             
                                                                                                             
                                                                                                             
                                                                                                             
                                                                                                             
                                                                                                             
                                                                                                             
                                                                                                             
                                                                                                             
                                                                                                             
                                                                                                             
                                                                                                             
                                                                                                             
                                                                                                             
                                                                                                             
                                                                                                             
                                                                                                             
                                                                                                             
                                                                                                             
                                                                                                             
                                                                                                             
                                                                                                             
                                                                                                             
                                                                                                             
                                                                                                             
                                                                                                             
                                                                                                             
                                                                                                             
                                                                                                             
                                                                                                             
                                                                                                             
                                                                                                             
                                                                                                             
                                                                                                             
                                                                                                             
                                                                                                             
                                                                                                             
                                                                                                             
                                                                                                             
                                                                                                             
                                                                                                             
                                                                                                             
                                                                                                             
                                                                                                             
                                                                                                             
                                                                                                             
                                                                                                             
                                                                                                             
                                                                                                             
                                                                                                             
                                                                                                             
                                                                                                             
                                                                                                             
                                                                                                             
                                                                                                             
                                                                                                             
                                                                                                             
                                                                                                             
                                                                                                             
                                                                                                             
                                                                                                             
                                                                                                             
                                                                                                             
                                                                                                             
                                                                                                             
                                                                                                             
                                                                                                             
                                                                                                             
                                                                                                             
                                                                                                             
                                                                                                             
                                                                                                             
                                                                                                             
                                                                                                             
                                                                                                             
                                                                                                             
                                                                                                             
                                                                                                             
                                                                                                             
                                                                                                             
                                                                                                             
                                                                                                             
                                                                                                             
                                                                                                             
                                                                                                             
                                                                                                             
                                                                                                             
                                                                                                             
                                                                                                             
                                                                                                             
                                                                                                             
                                                                                                             
                                                                                                             
                                                                                                             
                                                                                                             
                                                                                                             
                                                                                                             
                                                                                                             
                                                                                                             
                                                                                                             
                                                                                                             
                                                                                                             
                                                                                                             
                                                                                                             
                                                                                                             
                                                                                                             
                                                                                                             
                                                                                                             
                                                                                                             
                                                                                                             
                                                                                                             
                                                                                                             
                                                                                                             
                                                                                                             
                                                                                                             
                                                                                                             
                                                                                                             
                                                                                                             
                                                                                                             
                                                                                                             
                                                                                                             
                                                                                                             
                                                                                                             
                                                                                                             
                                                                                                             
                                                                                                             
                                                                                                             
                                                                                                             
                                                                                                             
                                                                                                             
                                                                                                             
                                                                                                             
                                                                                                             
                                                                                                             
                                                                                                             
                                                                                                             
                                                                                                             
                                                                                                             
                                                                                                             
                                                                                                             
                                                                                                             
                                                                                                             
                                                                                                             
                                                                                                             
                                                                                                             
