      WELL DATA SUMMARY                                                                                      
            
Well  NAVY I 73-7   
                         
Sec Az  156         
Elev   4189 KB      
CoordsNorth  258489 East              2354475 
                         Course               
  MD  Drift Drift D. AzimLength  DH     TVD     SSD    DNS   DEW   N-S   E-W  DSec    Sec     N-LAM E-LAM    
_____________________________________________________________________________________________________________
                                                                                                             
    0  0.00       0    0     0     0        0   4189     0     0     0     0     0        0  258489  2354475 
  155  0.00      48  312   155     0      155   4034     0     0     0     0     0        0  258489  2354475 
  189  0.24      48  312    34     0      189   4000     0     0     0     0     0        0  258489  2354475 
  294  1.00      48  312   139     1      294   3895     1    -1     1    -1    -1       -1  258490  2354474 
  500  1.37      48  312   206     4      500   3689     3    -3     4    -4    -4       -5  258493  2354471 
  570  1.50      48  312    70     2      570   3619     1    -1     5    -5    -2       -7  258494  2354470 
  611  2.25      61  299    41     1      611   3578     1    -1     6    -6    -1       -8  258495  2354469 
  642  2.00      73  287    31     1      642   3547     0    -1     6    -8    -1       -9  258495  2354467 
  673  2.50      81  279    31     1      673   3516     0    -1     6    -9    -1       -9  258495  2354466 
  704  2.50      88  268    31     1      704   3485     0    -1     6   -10    -1      -10  258495  2354465 
  734  2.50      77  257    30     1      734   3455     0    -1     6   -11     0      -10  258495  2354464 
  765  2.25      69  249    31     1      765   3424     0    -1     6   -13     0      -10  258495  2354462 
  828  2.75      46  226    63     3      828   3361    -1    -2     4   -15     0      -10  258493  2354460 
  860  2.75      34  214    32     2      860   3329    -1    -1     3   -16     1       -9  258492  2354459 
  881  2.58      24  204    21     1      881   3308    -1     0     2   -16     1       -9  258491  2354459 
  890  2.50      19  199     9     0      890   3299     0     0     2   -17     0       -9  258491  2354458 
  922  3.00      15  195    32     2      922   3267    -1     0     1   -17     1       -7  258490  2354458 
  953  3.00       8  188    31     2      953   3236    -2     0    -1   -17     1       -6  258488  2354458 
  985  3.00       4  176    32     2      985   3204    -2     0    -3   -17     2       -5  258486  2354458 
 1000  3.24       5  175    15     1     1000   3189    -1     0    -4   -17     1       -4  258485  2354458 
 1016  3.50       7  173    16     1     1015   3174    -1     0    -4   -17     1       -3  258485  2354458 
 1047  3.75      13  167    31     2     1046   3143    -2     0    -6   -17     2       -1  258483  2354458 
 1078  4.25      13  167    31     2     1077   3112    -2     0    -9   -16     2        1  258480  2354459 
 1109  4.50      16  164    31     2     1108   3081    -2     1   -11   -16     2        3  258478  2354459 
 1160  5.00      22  158    51     4     1159   3030    -4     1   -15   -14     4        8  258474  2354461 
 1190  5.00      22  158    30     3     1189   3000    -2     1   -17   -13     3       10  258472  2354462 
 1243  5.00      22  158    83     7     1242   2947    -7     3   -22   -12     7       15  258467  2354463 
 1273  6.75      17  163    30     3     1272   2917    -3     1   -24   -11     3       18  258465  2354464 
 1334  8.00      26  154    60     8     1332   2857    -7     3   -32    -8     8       26  258457  2354467 
 1365  8.50      28  152    31     4     1363   2826    -4     2   -36    -6     4       30  258453  2354469 
 1397  9.25      30  150    32     5     1394   2795    -4     2   -40    -3     5       35  258449  2354472 
 1428 10.00      29  151    31     5     1425   2764    -5     3   -44    -1     5       40  258445  2354474 
 1459 11.00      28  152    30     6     1455   2734    -5     3   -49     2     6       46  258440  2354477 
 1491 11.75      30  150    31     6     1487   2702    -6     3   -55     5     6       52  258434  2354480 
 1500 11.88      30  150     9     2     1496   2693    -2     1   -57     6     2       54  258432  2354481 
 1577 13.00      34  146    75    17     1571   2618   -14     9   -71    15    16       70  258418  2354490 
 1670 12.00      33  147    91    20     1662   2527   -17    11   -87    26    20       90  258402  2354501 
 1672 12.01      33  147     2     0     1664   2525     0     0   -88    26     0       91  258401  2354501 
 1733 12.25      33  147    62    13     1723   2466   -11     7   -98    33    13      103  258391  2354508 
 1752 12.51      33  147    19     4     1742   2447    -3     2  -102    35     4      107  258387  2354510 
 1825 13.50      32  148    90    20     1813   2376   -17    11  -116    44    20      124  258373  2354519 
 1916 15.00      29  151    88    22     1901   2288   -19    11  -135    55    22      146  258354  2354530 
 2000 15.90      29  151    81    22     1982   2207   -20    11  -155    66    22      168  258334  2354541 
 2009 16.00      29  151     9     2     1991   2198    -2     1  -157    67     2      171  258332  2354542 
 2030 16.35      29  151    20     6     2011   2178    -5     3  -162    70     6      177  258327  2354545 
 2069 17.00      28  152    37    11     2048   2141   -10     5  -172    76    11      188  258317  2354551 
 2136 17.00      28  152    64    20     2112   2077   -17     9  -189    85    20      207  258300  2354560 
 2173 17.00      28  152    35    11     2148   2041   -10     5  -199    90    11      218  258290  2354565 
                                                                                                             
                                                                                                             
                                                                                                             
                                                                                                             
                                                                                                             
                                                                                                             
                                                                                                             
                                                                                                             
                                                                                                             
                                                                                                             
                                                                                                             
                                                                                                             
                                                                                                             
                                                                                                             
                                                                                                             
                                                                                                             
                                                                                                             
                                                                                                             
                                                                                                             
                                                                                                             
                                                                                                             
                                                                                                             
                                                                                                             
                                                                                                             
                                                                                                             
                                                                                                             
                                                                                                             
                                                                                                             
                                                                                                             
                                                                                                             
                                                                                                             
                                                                                                             
                                                                                                             
                                                                                                             
                                                                                                             
                                                                                                             
                                                                                                             
                                                                                                             
                                                                                                             
                                                                                                             
                                                                                                             
                                                                                                             
                                                                                                             
                                                                                                             
                                                                                                             
                                                                                                             
                                                                                                             
                                                                                                             
                                                                                                             
                                                                                                             
                                                                                                             
                                                                                                             
                                                                                                             
                                                                                                             
                                                                                                             
                                                                                                             
                                                                                                             
                                                                                                             
                                                                                                             
                                                                                                             
                                                                                                             
                                                                                                             
                                                                                                             
                                                                                                             
                                                                                                             
                                                                                                             
                                                                                                             
                                                                                                             
                                                                                                             
                                                                                                             
                                                                                                             
                                                                                                             
                                                                                                             
                                                                                                             
                                                                                                             
                                                                                                             
                                                                                                             
                                                                                                             
                                                                                                             
                                                                                                             
                                                                                                             
                                                                                                             
                                                                                                             
                                                                                                             
                                                                                                             
                                                                                                             
                                                                                                             
                                                                                                             
                                                                                                             
                                                                                                             
                                                                                                             
                                                                                                             
                                                                                                             
                                                                                                             
                                                                                                             
                                                                                                             
                                                                                                             
                                                                                                             
                                                                                                             
                                                                                                             
                                                                                                             
                                                                                                             
                                                                                                             
                                                                                                             
                                                                                                             
                                                                                                             
                                                                                                             
                                                                                                             
                                                                                                             
                                                                                                             
                                                                                                             
                                                                                                             
                                                                                                             
                                                                                                             
                                                                                                             
                                                                                                             
                                                                                                             
                                                                                                             
                                                                                                             
                                                                                                             
                                                                                                             
                                                                                                             
                                                                                                             
                                                                                                             
                                                                                                             
                                                                                                             
                                                                                                             
                                                                                                             
                                                                                                             
                                                                                                             
                                                                                                             
                                                                                                             
                                                                                                             
                                                                                                             
                                                                                                             
                                                                                                             
                                                                                                             
                                                                                                             
                                                                                                             
                                                                                                             
                                                                                                             
    0  0.00       0    0     0     0        0   4189     0     0     0     0     0        0       0        0 
    0  0.00       0    0     0     0        0   4189     0     0     0     0     0        0       0        0 
    0  0.00       0    0     0     0        0   4189     0     0     0     0     0        0       0        0 
    0  0.00       0    0     0     0        0   4189     0     0     0     0     0        0       0        0 
    0  0.00       0    0     0     0        0   4189     0     0     0     0     0        0       0        0 
