      WELL DATA SUMMARY                                                                                   
            
Well  Navy I 78-7   
                         
Sec Az  227         
Elev   4373 KB      
CoordsNorth  255318 East              2354808 
                         Course               
  MD  Drift Drift D. AzimLength  DH     TVD     SSD    DNS   DEW   N-S   E-W  DSec   Sec    N-LAM  E-LAM  
_________________________________________________________________________________________________________ 
                                                                                                                
    0     0      51  309     0     0        0   4373     0     0     0     0     0     0  255318  2354808 
  233  2.25      51  309   233     5      233   4140     3    -4     3    -4     1     1  255321  2354804 
  373  2.60      51  309   140     6      373   4000     4    -5     7    -8     1     1  255325  2354800 
  435  2.75      51  309   202     9      435   3938     6    -7     8   -10     1     2  255326  2354798 
  500  2.75      51  309    65     3      500   3873     2    -2    10   -13     0     2  255328  2354795 
  563  2.75      51  309    63     3      563   3810     2    -2    12   -15     0     3  255330  2354793 
  607  2.75      44  316    44     2      607   3766     1    -2    14   -17     0     3  255332  2354791 
  638  2.25      51  309    31     1      638   3735     1    -1    15   -18     0     3  255333  2354790 
  669  2.00      59  301    31     1      669   3704     1    -1    15   -19     0     3  255333  2354789 
  701  2.50      68  292    32     1      700   3673     1    -1    16   -20     0     4  255334  2354788 
  730  2.75      76  284    29     1      729   3644     0    -1    16   -21     1     4  255334  2354787 
  761  2.75      84  276    31     1      760   3613     0    -1    17   -23     1     5  255335  2354785 
  791  2.75      84  264    30     1      790   3583     0    -1    17   -24     1     6  255335  2354784 
  822  2.75      77  257    31     1      821   3552     0    -1    16   -25     1     8  255334  2354783 
  853  2.75      66  246    31     1      852   3521     0    -1    16   -27     1     9  255334  2354781 
  885  3.00      59  239    32     2      884   3489    -1    -1    15   -28     2    10  255333  2354780 
  915  3.00      59  239    30     2      914   3459    -1    -1    14   -30     2    12  255332  2354778 
  946  3.50      57  237    31     2      945   3428    -1    -1    13   -31     2    14  255331  2354777 
  965  3.90      57  237    19     1      964   3409    -1    -1    13   -32     1    15  255331  2354776 
 1000  4.63      57  237    35     3      999   3374    -1    -2    11   -34     3    17  255329  2354774 
 1006  4.75      57  237     6     0     1005   3368     0     0    11   -35     0    18  255329  2354773 
 1012  4.85      57  237     6     1     1011   3362     0     0    11   -35     0    18  255329  2354773 
 1037  5.25      55  235    25     2     1036   3337    -1    -2     9   -37     2    21  255327  2354771 
 1068  6.00      51  231    31     3     1067   3306    -2    -2     8   -39     3    24  255326  2354769 
 1100  6.50      51  231    32     3     1099   3274    -2    -3     5   -42     3    27  255323  2354766 
 1129  7.50      50  230    29     4     1127   3246    -2    -3     3   -45     4    31  255321  2354763 
 1160  8.75      51  231    31     4     1158   3215    -3    -3     0   -48     4    35  255318  2354760 
 1191  9.75      49  229    31     5     1189   3184    -3    -4    -3   -52     5    40  255315  2354756 
 1222 10.50      49  229    31     5     1219   3154    -4    -4    -6   -56     5    45  255312  2354752 
 1253 11.25      48  228    30     6     1250   3123    -4    -4   -10   -61     6    51  255308  2354747 
 1284 12.00      46  226    30     6     1280   3093    -4    -5   -15   -65     6    57  255303  2354743 
 1316 13.00      46  226    31     7     1311   3062    -5    -5   -19   -70     7    64  255299  2354738 
 1347 13.75      46  226    30     7     1341   3032    -5    -5   -24   -75     7    72  255294  2354733 
 1379 14.75      46  226    31     8     1372   3001    -5    -6   -30   -81     8    79  255288  2354727 
 1380 14.77      46  226     1     0     1373   3000     0     0   -30   -81     0    80  255288  2354727 
 1410 15.30      46  226    30     8     1402   2971    -6    -6   -35   -87     8    87  255283  2354721 
 1442 16.25      46  226    31     9     1433   2940    -6    -6   -41   -93     9    96  255277  2354715 
 1473 17.25      46  226    30     9     1463   2910    -6    -6   -48   -99     9   105  255270  2354709 
 1500 17.88      46  226    26     8     1489   2884    -6    -6   -53  -105     8   113  255265  2354703 
 1505 18.00      46  226     5     2     1493   2880    -1    -1   -54  -106     2   115  255264  2354702 
 1614 20.00      46  226   103    35     1596   2777   -25   -26   -79  -132    35   150  255239  2354676 
 1709 20.50      48  228    89    33     1685   2688   -22   -24  -101  -156    33   183  255217  2354652 
 1774 22.00      48  228    61    24     1746   2627   -16   -18  -117  -173    24   207  255201  2354635 
 1866 24.00      46  226    85    36     1831   2542   -25   -26  -142  -200    36   243  255176  2354608 
 1928 26.00      46  226    56    26     1887   2486   -18   -19  -160  -219    26   269  255158  2354589 
 2000 26.89      46  226    64    32     1951   2422   -22   -23  -182  -242    32   301  255136  2354566 
 2029 27.25      46  226    26    13     1977   2396    -9    -9  -191  -251    13   314  255127  2354557 
 2029 27.25      46  226     0     0     1977   2396     0     0  -191  -251     0   314  255127  2354557 
 2121 28.50      43  223    81    43     2059   2314   -31   -30  -222  -281    43   357  255096  2354527 
 2213 29.25      43  223    81    44     2139   2234   -32   -30  -255  -312    44   401  255063  2354496 
 2275 29.75      43  223    54    31     2193   2180   -22   -21  -277  -332    30   432  255041  2354476 
 2337 30.00      42  222    54    31     2247   2126   -23   -21  -300  -353    31   463  255018  2354455 
 2400 29.50      44  224    55    31     2302   2071   -23   -21  -322  -375    31   494  254996  2354433 
 2482 29.50      46  226    71    40     2373   2000   -29   -28  -351  -403    40   534  254967  2354405 
 2492 29.50      46  226    80    45     2382   1991   -32   -32  -355  -407    45   539  254963  2354401 
 2496 29.54      46  226     3     2     2385   1988    -1    -1  -356  -408     2   541  254962  2354400 
 2500 29.57      46  226     3     2     2389   1984    -1    -1  -357  -409     2   543  254961  2354399 
 2577 30.25      42  222    67    38     2455   1918   -28   -27  -385  -436    38   581  254933  2354372 
 2658 29.00      43  223    70    40     2526   1847   -30   -27  -414  -463    40   621  254904  2354345 
 2658 29.00      43  223     0     0     2526   1847     0     0  -414  -463     0   621  254904  2354345 
 2750 28.25      46  226    81    44     2606   1767   -31   -31  -446  -494    44   665  254872  2354314 
 2845 27.75      44  224    84    45     2690   1683   -32   -32  -477  -525    45   710  254841  2354283 
 2939 27.75      46  226    83    44     2774   1599   -31   -31  -508  -556    44   754  254810  2354252 
 3000 27.75      46  226    54    28     2828   1545   -20   -20  -528  -577    28   782  254790  2354231 
 3033 27.75      46  226    29    15     2857   1516   -11   -11  -539  -588    15   797  254779  2354220 
 3126 28.00      48  228    82    43     2939   1434   -30   -32  -568  -620    43   841  254750  2354188 
 3219 28.00      48  228    82    44     3021   1352   -29   -32  -598  -652    44   885  254720  2354156 
 3312 28.00      51  231    82    44     3103   1270   -28   -33  -626  -685    44   928  254692  2354123 
 3406 27.75      48  228    83    44     3186   1187   -29   -33  -655  -719    44   972  254663  2354089 
 3498 27.50      53  233    82    43     3268   1105   -27   -33  -682  -752    43  1015  254636  2354056 
 3500 27.48      53  233     2     1     3270   1103    -1    -1  -682  -752     1  1016  254636  2354056 
 3595 26.50      50  230    85    43     3354   1019   -27   -34  -709  -786    43  1059  254609  2354022 
 3616 26.44      51  231    19     9     3373   1000    -6    -7  -715  -793     9  1068  254603  2354015 
 3689 26.25      53  233    84    42     3438    935   -26   -33  -735  -819    42  1100  254583  2353989 
 3814 25.00      50  230   113    54     3551    822   -34   -42  -769  -861    54  1154  254549  2353947 
 3910 25.00      48  228    87    41     3638    735   -27   -31  -795  -892    41  1195  254523  2353916 
 4000 24.51      46  226    82    38     3720    653   -26   -28  -821  -919    38  1232  254497  2353889 
 4001 24.50      46  226     1     0     3721    652     0     0  -821  -920     0  1233  254497  2353888 
 4090 24.03      46  226    81    37     3802    571   -25   -26  -847  -946    37  1269  254471  2353862 
 4095 24.00      46  226     5     2     3806    567    -1    -1  -848  -947     2  1271  254470  2353861 
 4189 24.00      46  226    86    38     3892    481   -27   -28  -875  -975    38  1310  254443  2353833 
 4282 24.25      46  226    85    38     3977    396   -26   -27  -901 -1002    38  1348  254417  2353806 
 4345 24.25      47  227    57    26     4035    338   -18   -19  -919 -1021    26  1373  254399  2353787 
 4370 24.38      47  227    23    10     4057    316    -7    -8  -926 -1029    10  1384  254392  2353779 
 4443 24.75      48  228    66    30     4124    249   -20   -22  -946 -1051    30  1414  254372  2353757 
 4500 25.05      47  227    52    24     4176    197   -16   -18  -963 -1069    24  1438  254355  2353739 
 4537 25.25      47  227    33    16     4209    164   -11   -12  -973 -1080    16  1454  254345  2353728 
 4630 26.00      48  228    84    40     4293     80   -27   -30 -1000 -1110    40  1494  254318  2353698 
 4719 26.47      47  227    80    39     4373      0   -27   -29 -1027 -1139    39  1533  254291  2353669 
 4724 26.50      47  227    84    42     4377     -4   -28   -31 -1029 -1141    42  1536  254289  2353667 
 4818 27.00      47  227    84    42     4461    -88   -29   -31 -1057 -1172    42  1578  254261  2353636 
 4945 27.00      44  224   113    58     4574   -201   -40   -41 -1098 -1213    58  1636  254220  2353595 
 5000 27.00      46  226    49    25     4623   -250   -18   -18 -1115 -1230    25  1661  254203  2353578 
 5036 27.00      47  227    32    16     4655   -282   -11   -12 -1127 -1242    16  1677  254191  2353566 
 5161 27.00      47  227   111    57     4767   -394   -39   -42 -1165 -1284    57  1734  254153  2353524 
 5286 26.75      46  226   111    57     4878   -505   -39   -41 -1204 -1325    57  1790  254114  2353483 
 5411 27.00      48  228   111    57     4990   -617   -39   -41 -1243 -1366    57  1847  254075  2353442 
 5500 27.18      47  227    79    41     5069   -696   -27   -30 -1270 -1396    41  1887  254048  2353412 
 5536 27.25      47  227    32    16     5101   -728   -11   -12 -1281 -1408    16  1904  254037  2353400 
 5688 27.50      46  226   135    70     5236   -863   -48   -51 -1329 -1459    70  1973  253989  2353349 
 5785 28.75      46  226    86    46     5322   -949   -32   -33 -1361 -1492    46  2019  253957  2353316 
 5844 29.22      46  226    52    29     5373  -1000   -20   -21 -1381 -1512    29  2048  253937  2353296 
 5879 29.50      46  226    82    46     5404  -1031   -32   -33 -1393 -1524    46  2065  253925  2353284 
 5960 29.75      44  224    70    40     5474  -1101   -28   -28 -1421 -1553    40  2105  253897  2353255 
 6000 30.07      44  224    35    20     5509  -1136   -14   -14 -1436 -1567    20  2125  253882  2353241 
 6054 30.50      43  223    47    27     5555  -1182   -20   -19 -1456 -1585    27  2152  253862  2353223 
 6082 30.50      43  223    24    14     5579  -1206   -10   -10 -1466 -1595    14  2166  253852  2353213 
                                                                                                          
                                                                                                          
                                                                                                          
                                                                                                          
                                                                                                          
                                                                                                          
                                                                                                          
                                                                                                          
                                                                                                          
                                                                                                          
                                                                                                          
                                                                                                          
                                                                                                          
                                                                                                          
                                                                                                          
                                                                                                          
                                                                                                          
                                                                                                          
                                                                                                          
                                                                                                          
                                                                                                          
                                                                                                          
                                                                                                          
                                                                                                          
                                                                                                          
                                                                                                          
                                                                                                          
                                                                                                          
                                                                                                          
                                                                                                          
                                                                                                          
                                                                                                          
                                                                                                          
                                                                                                          
                                                                                                          
                                                                                                          
                                                                                                          
                                                                                                          
                                                                                                          
                                                                                                          
                                                                                                          
                                                                                                          
                                                                                                          
                                                                                                          
                                                                                                          
                                                                                                          
                                                                                                          
                                                                                                          
                                                                                                          
                                                                                                          
                                                                                                          
                                                                                                          
                                                                                                          
                                                                                                          
                                                                                                          
                                                                                                          
                                                                                                          
                                                                                                          
                                                                                                          
                                                                                                          
                                                                                                          
                                                                                                          
                                                                                                          
                                                                                                          
                                                                                                          
                                                                                                          
                                                                                                          
                                                                                                          
                                                                                                          
                                                                                                          
                                                                                                          
                                                                                                          
                                                                                                          
                                                                                                          
                                                                                                          
                                                                                                          
                                                                                                          
                                                                                                          
                                                                                                          
                                                                                                          
                                                                                                          
                                                                                                          
                                                                                                          
                                                                                                          
                                                                                                          
                                                                                                          
                                                                                                          
                                                                                                          
                                                                                                          
                                                                                                          
                                                                                                          
                                                                                                          
                                                                                                          
                                                                                                          
                                                                                                          
                                                                                                          
                                                                                                          
                                                                                                          
                                                                                                          
                                                                                                          
                                                                                                          
