      WELL DATA SUMMARY                                                                                                                                                                                                      
            
Well  NAVY I 34A-9  
                         
Sec Az  110 S70E    
Elev   3955 KB      
CoordsNorth  257751 EAST              2362078 
                         Course               
  MD  Drift Drift D. AzimLength  DH     TVD     SSD    DNS   DEW   N-S   E-W  DSec   Sec    N-LAM E-LAM    
___________________________________________________________________________________________________________
                                                                                                                                                                                                                             
    0  0.00       0    0     0     0        0   3955     0     0     0     0     0      0  257751  2362078                                                                                                                   
  148  1.00      32   32   148     1      148   3807     1     0     1     0     0      0  257752  2362078                                                                                                                   
  256  1.75      14   14   108     3      256   3699     2     1     4     1     0      0  257755  2362079                                                                                                                   
  441  0.75      32   32   185     4      441   3514     4     2     7     3     0      0  257758  2362081                                                                                                                   
  652  1.25      86   86   211     4      652   3303     2     3     9     6     2      3  257760  2362084                                                                                                                   
  786  1.25      88   92   134     3      786   3169     0     3     9     9     3      5  257760  2362087                                                                                                                   
  939  1.50      46  134   153     4      939   3016    -1     3     8    12     4      9  257759  2362090                                                                                                                   
  955  1.50      49  131    16     0      955   3000     0     0     8    13     0      9  257759  2362091 
 1095  1.50      74  106   156     4     1095   2860    -2     4     6    16     4     13  257757  2362094                                                                                                                   
 1251  2.25      68  112   156     5     1251   2704    -2     5     4    21     5     18  257755  2362099                                                                                                                   
 1370  2.64      61  119   119     5     1370   2585    -2     5     2    25     5     23  257753  2362103 
 1402  2.75      59  121   151     7     1402   2553    -3     6     1    27     7     25  257752  2362105                                                                                                                   
 1426  2.68      61  119    24     1     1426   2529    -1     1     1    28     1     26  257752  2362106 
 1443  2.63      62  118    17     1     1442   2513     0     1     0    28     1     27  257751  2362106 
 1568  2.25      70  110   166     7     1567   2388    -3     7    -2    33     7     32  257749  2362111                                                                                                                   
 1717  2.25      70  110   149     6     1716   2239    -2     5    -4    39     6     38  257747  2362117                                                                                                                   
 1871  2.25      69  111   154     6     1870   2085    -2     6    -6    44     6     44  257745  2362122                                                                                                                   
 1923  2.36      76  104    52     2     1922   2033    -1     2    -7    46     2     46  257744  2362124 
 1956  2.43      80  100    33     1     1955   2000     0     1    -7    48     1     47  257744  2362126 
 1986  2.50      84   96   115     5     1985   1970    -1     5    -7    49     5     48  257744  2362127                                                                                                                   
 2052  2.50      84   96    66     3     2051   1904     0     3    -7    52     3     51  257744  2362130                                                                                                                   
 2255  2.25      53  127   203     8     2254   1701    -3     8   -11    60     8     60  257740  2362138                                                                                                                   
 2380  3.25      47  133   125     6     2379   1576    -4     5   -14    64     6     65  257737  2362142                                                        1576        2254  2255   -11    60    60  0.00 
 2415  3.70      47  133    35     2     2414   1541    -1     2   -16    66     2     67  257735  2362144 
 2438  4.00      47  133    58     4     2437   1518    -3     3   -17    67     3     69  257734  2362145                                                                                                                   
 2501  5.45      55  125    63     5     2499   1456    -3     4   -20    71     5     74  257731  2362149                                                                                                                   
 2564  7.00      70  110    63     7     2562   1393    -3     6   -23    77     7     80  257728  2362155                                                                                                                   
 2601  7.25      69  111    37     5     2599   1356    -2     4   -25    81     5     85  257726  2362159 
 2622  7.25      69  111    58     7     2620   1335    -3     7   -26    84     7     88  257725  2362162 
 2740  8.75      62  118   174    24     2736   1219   -10    22   -33    99    24    104  257718  2362177                                                                                                                   
 2833  9.25      58  122    92    15     2828   1127    -7    13   -40   112    14    119  257711  2362190                                                                                                                   
 2922 10.50      56  124    88    15     2916   1039    -8    13   -49   124    15    134  257702  2362202                                                                                                                   
 2924 10.51      56  124     2     0     2918   1037     0     0   -49   125     0    134  257702  2362203 
 2945 10.67      57  123    21     4     2938   1017    -2     3   -51   128     4    138  257700  2362206 
 2962 10.79      58  122    39     7     2955   1000    -4     6   -53   131     7    141  257698  2362209 
 2990 10.99      60  120    27     5     2983    972    -3     5   -55   135     5    146  257696  2362213 
 2991 11.00      60  120    68    13     2984    971    -7    11   -56   135    13    146  257695  2362213                                                                                                                   
 3023 10.75      63  117    31     6     3015    940    -3     5   -58   141     6    152  257693  2362219                                                                                                                   
 3068 10.75      63  117    44     8     3059    896    -4     7   -62   148     8    161  257689  2362226                                                                                                                   
 3138 10.25      53  127    69    13     3128    827    -7    11   -69   159    12    173  257682  2362237                                                                                                                   
 3178 10.75      57  123    39     7     3167    788    -4     6   -73   165     7    180  257678  2362243                                                                                                                   
 3280 11.00      56  124   100    19     3268    687   -11    16   -84   181    19    199  257667  2362259                                                                                                                   
 3271 11.50      53  127    -9    -2     3259    696     1    -1   -83   180    -2    197  257668  2362258                                                                                                                   
 3333 11.75      54  126    61    12     3319    636    -7    10   -90   190    12    209  257661  2362268                                                                                                                   
 3395 12.00      58  122    61    13     3380    575    -7    11   -97   200    12    221  257654  2362278                                                                                                                   
 3458 12.50      62  118    62    13     3442    513    -7    12  -104   212    13    235  257647  2362290                                                                                                                   
 3552 12.50      68  112    92    20     3533    422    -9    18  -113   230    20    255  257638  2362308                                                                                                                   
 3583 12.50      70  110    30     7     3564    391    -2     6  -115   236     7    262  257636  2362314                                                                                                                   
 3614 12.50      70  110    30     7     3594    361    -2     6  -117   243     7    268  257634  2362321                                                                                                                   
 3635 12.85      69  111    20     5     3615    340    -2     4  -119   247     5    273  257632  2362325 
 3644 13.00      69  111    29     7     3623    332    -2     6  -120   249     7    275  257631  2362327                                                             /ma111..ak200~a115~           CCCCCC{GOTO}a1~/fcceinsert1~  
 3709 13.87      72  108    63    15     3687    268    -5    14  -125   263    15    290  257626  2362341 
 3719 14.00      72  108    73    18     3696    259    -6    17  -125   265    18    292  257626  2362343                                                                                                                   
 3781 15.00      74  106    60    16     3756    199    -5    15  -130   280    16    308  257621  2362358                                                                                                                   
 3873 16.00      77  103    89    25     3845    110    -6    24  -136   304    24    332  257615  2362382                                                                                                                   
 3958 15.75      73  107    82    23     3927     28    -6    22  -142   327    23    356  257609  2362405                                                                                                                   
 3987 15.01      73  107    28     8     3955      0    -2     7  -144   334     8    363  257607  2362412 
 4021 14.14      72  108    61    16     3988    -33    -5    15  -147   342    16    372  257604  2362420                                                                                                                   
 4082 14.75      73  107    59    15     4047    -92    -5    15  -152   357    15    387  257599  2362435                                                                                                                   
 4113 15.00      72  108    30     8     4077   -122    -2     8  -154   364     8    395  257597  2362442                                                                                                                   
 4180 15.00      67  113    65    17     4141   -186    -6    16  -160   380    17    412  257591  2362458                                                                                                                   
 4273 16.00      64  116    90    25     4231   -276   -10    23  -170   403    25    437  257581  2362481                                                                                                                   
 4280 16.04      63  117     7     2     4238   -283    -1     2  -171   405     2    439  257580  2362483 
 4366 16.50      56  124    89    26     4320   -365   -13    23  -183   426    26    463  257568  2362504                                                                                                                   
 4391 16.57      57  123    24     7     4344   -389    -4     6  -187   432     7    470  257564  2362510 
 4420 16.65      58  122    28     8     4372   -417    -4     7  -192   439     8    478  257559  2362517 
 4459 16.75      60  120    89    27     4409   -454   -14    23  -198   448    26    489  257553  2362526                                                                                                                   
 4571 17.00      63  117   107    33     4516   -561   -16    29  -213   477    32    521  257538  2362555                                                                                                                   
 4633 15.75      66  114    59    17     4576   -621    -8    16  -221   493    17    538  257530  2362571                                                                                                                   
 4665 16.25      68  112    31     9     4607   -652    -3     8  -224   501     9    547  257527  2362579                                                                                                                   
 4696 17.25      69  111    30     9     4636   -681    -3     8  -227   509     9    556  257524  2362587                                                                                                                   
 4727 18.00      70  110    30     9     4666   -711    -3     9  -231   518     9    565  257520  2362596                                                                                                                   
 4759 18.75      73  107    30    10     4696   -741    -3    10  -234   527    10    575  257517  2362605                                                                                                                   
 4858 20.00      72  108    93    33     4790   -835   -10    31  -244   559    33    608  257507  2362637                                                                                                                   
 4952 19.75      72  108    88    32     4878   -923   -10    30  -254   589    32    640  257497  2362667                                                                                                                   
 5034 20.19      69  111    77    28     4955  -1000    -9    26  -263   615    28    668  257488  2362693 
 5046 20.25      69  111    88    32     4966  -1011   -11    30  -264   619    32    672  257487  2362697                                                                                                                   
 5077 20.00      72  108    29    11     4996  -1041    -4    10  -268   629    11    683  257483  2362707                                                                                                                   
 5113 20.00      73  107    34    12     5029  -1074    -4    12  -272   641    12    695  257479  2362719                                                                                                                   
 5144 20.00      73  107    29    11     5058  -1103    -3    10  -275   651    11    706  257476  2362729                                                                                                                   
 5237 20.25      76  104    87    32     5146  -1191    -9    31  -283   682    32    738  257468  2362760                                                                                                                   
 5333 20.75      80  100    90    34     5236  -1281    -7    33  -290   715    33    771  257461  2362793                                                                                                                   
 5424 21.50      81   99    85    33     5321  -1366    -5    32  -296   747    32    803  257455  2362825                                                                                                                   
 5519 22.00      80  100    88    35     5409  -1454    -6    35  -301   782    35    838  257450  2362860                                                                                                                   
 5606 22.25      83   97    81    33     5489  -1534    -5    32  -306   814    32    870  257445  2362892                                                                                                                   
 5700 22.75      84   96    87    36     5576  -1621    -4    36  -310   850    35    905  257441  2362928                                                                                                                   
 5794 23.00      83   97    87    37     5663  -1708    -4    36  -314   886    36    941  257437  2362964                                                                                                                   
 5807 23.25      84   96    12     5     5675  -1720    -1     5  -315   892     5    946  257436  2362970                                                                                                                   
 5902 24.23      86   94    87    38     5762  -1807    -3    38  -318   930    37    982  257433  2363008 
 5953 24.75      87   93   133    59     5808  -1853    -5    59  -320   951    57   1003  257431  2363029                                                                                                                   
 6063 24.00      85   95   100    45     5908  -1953    -3    45  -323   996    44   1046  257428  2363074                                                                                                                   
 6114 24.00      86   94    47    21     5955  -2000    -2    21  -324  1017    20   1066  257427  2363095 
 6126 24.00      86   94    58    26     5966  -2011    -2    26  -325  1022    25   1071  257426  2363100                                                                                                                   
 6189 24.00      86   94    58    26     6024  -2069    -2    26  -327  1047    25   1096  257424  2363125                                                                                                                   
 6278 24.00      87   93    81    36     6105  -2150    -2    36  -329  1083    35   1130  257422  2363161                                                                                                                   
 6372 24.00      88   92    86    38     6191  -2236    -2    38  -331  1121    36   1167  257420  2363199                                                                                                                   
 6471 24.00      86   94    90    40     6281  -2326    -2    40  -333  1162    39   1205  257418  2363240                                                                                                                   
 6502 24.00      86   94    28    13     6309  -2354    -1    13  -333  1174    12   1218  257418  2363252                                                                                                                   
 6591 24.75      89   91    81    37     6391  -2436    -2    37  -335  1211    35   1253  257416  2363289                                                                                                                   
 6689 24.25      88   92    89    41     6480  -2525    -1    41  -336  1252    39   1291  257415  2363330                                                                                                                   
 6778 23.25      87   93    81    36     6561  -2606    -2    36  -338  1287    34   1325  257413  2363365                                                                                                                   
 6877 22.25      90   90    91    38     6652  -2697    -1    38  -339  1326    36   1362  257412  2363404                                                                                                                   
 6967 21.50      88   92    84    34     6736  -2781    -1    34  -339  1359    32   1393  257412  2363437                                                                                                                   
 7060 21.00      89   91    87    34     6823  -2868    -1    34  -340  1393    32   1425  257411  2363471                                                                                                                   
 7157 20.00      87   93    91    34     6914  -2959    -1    34  -341  1427    32   1458  257410  2363505                                                                                                                   
 7201 20.30      88   92    41    15     6955  -3000    -1    15  -342  1442    14   1472  257409  2363520 
 7230 20.50      89   91    68    25     6982  -3027    -1    25  -342  1452    24   1482  257409  2363530                                                                                                                   
 7257 20.64      89   91    25     9     7007  -3052     0     9  -342  1462     9   1491  257409  2363540 
 7328 21.00      89   91    92    35     7074  -3119    -1    35  -343  1487    33   1514  257408  2363565                                                                                                                   
 7419 21.75      87   87    85    33     7158  -3203     1    33  -342  1520    31   1545  257409  2363598                                                                                                                   
 7575 22.25      78   78   145    58     7303  -3348     8    58  -335  1578    52   1597  257416  2363656                                                                                                                   
 7590 22.25      79   79    14     6     7317  -3362     1     6  -334  1583     5   1602  257417  2363661 
 7765 22.25      87   87   176    72     7479  -3524     9    71  -325  1649    64   1661  257426  2363727                                                                                                                   
 7845 22.25      87   87    74    30     7553  -3598     2    30  -324  1680    28   1689  257427  2363758                                                                                                                   
 7961 21.25      84   84   108    43     7661  -3706     3    43  -320  1722    39   1728  257431  2363800                                                                                                                   
 8077 21.00      83   83   108    42     7769  -3814     5    42  -316  1764    37   1765  257435  2363842                                                                                                                   
 8171 20.50      83   83    88    33     7857  -3902     4    33  -312  1797    30   1795  257439  2363875                                                                                                                   
 8276 20.92      82   82    98    37     7955  -4000     5    37  -307  1834    33   1828  257444  2363912 
 8296 21.00      82   82   117    44     7974  -4019     6    44  -306  1841    39   1834  257445  2363919                                                                                                                   
 8390 21.00      82   80    88    34     8061  -4106     5    33  -300  1874    29   1864  257451  2363952                                                                                                                   
 8501 21.75      78   78   103    40     8165  -4210     8    40  -293  1914    35   1899  257458  2363992                                                                                                                   
 8557 21.56      77   77    52    21     8217  -4262     4    20  -288  1934    17   1916  257463  2364012 
 8589 21.45      76   76    82    32     8247  -4292     7    32  -286  1945    27   1926  257465  2364023 
 8720 21.00      74   74   204    80     8369  -4414    19    77  -273  1991    66   1965  257478  2364069                                                                                                                   
 8814 21.25      74   74    88    34     8456  -4501     9    33  -264  2024    27   1992  257487  2364102                                                                                                                   
 8890 21.50      73   73    71    28     8527  -4572     8    27  -256  2050    22   2014  257495  2364128                                                                                                                   
 9281 18.25      69   69   368   133     8895  -4940    43   126  -213  2176   103   2118  257538  2364254                                                                                                                   
 9344 17.70      71   71    60    19     8955  -5000     7    18  -206  2194    15   2133  257545  2364272 
 9568 15.73      79   79   215    64     9169  -5214    17    62  -190  2257    53   2185  257561  2364335 
 9595 15.49      80   80    26     7     9195  -5240     1     7  -189  2264     6   2192  257562  2364342 
 9615 15.32      81   81    19     5     9215  -5260     1     5  -188  2269     5   2196  257563  2364347 
 9708 14.50      84   84   410   120     9305  -5350    28   117  -185  2293   100   2218  257566  2364371                                                                                                                   
 9735 14.50      84   84    26     7     9331  -5376     1     7  -184  2300     6   2224  257567  2364378                                                                                                                   
                                                                                                                                                                                                                             
                                                                                                                                                                                                                             
                                                                                                                                                                                                                             
                                                                                                                                                                                                                             
                                                                                                                                                                                                                             
                                                                                                                                                                                                                             
                                                                                                                                                                                                                             
                                                                                                                                                                                                                             
                                                                                                                                                                                                                             
                                                                                                                                                                                                                             
                                                                                                                                                                                                                             
                                                                                                                                                                                                                             
                                                                                                                                                                                                                             
                                                                                                                                                                                                                             
                                                                                                                                                                                                                             
                                                                                                                                                                                                                             
                                                                                                                                                                                                                             
                                                                                                                                                                                                                             
                                                                                                                                                                                                                             
                                                                                                                                                                                                                             
                                                                                                                                                                                                                             
                                                                                                                                                                                                                             
                                                                                                                                                                                                                             
                                                                                                                                                                                                                             
                                                                                                                                                                                                                             
                                                                                                                                                                                                                             
                                                                                                                                                                                                                             
                                                                                                                                                                                                                             
                                                                                                                                                                                                                             
                                                                                                                                                                                                                             
                                                                                                                                                                                                                             
                                                                                                                                                                                                                             
                                                                                                                                                                                                                             
                                                                                                                                                                                                                             
                                                                                                                                                                                                                             
                                                                                                                                                                                                                             
                                                                                                                                                                                                                             
                                                                                                                                                                                                                             
                                                                                                                                                                                                                             
                                                                                                                                                                                                                             
                                                                                                                                                                                                                             
                                                                                                                                                                                                                             
Error Error Error 35ErrorError Error  Error 7 Error 7Error Error Error Error Error Error 7Error 7  Error 7                                                                                                                   
                                                                                                                                                                                                                             
                                                                                                                                                                                                                             
                                                                                                                                                                                                                             
                                                                                                                                                                                                                             
                                                                                                                                                                                                                             
                                                                                                                                                                                                                             
                                                                                                                                                                                                                             
                                                                                                                                                                                                                             
                                                                                                                                                                                                                             
                                                                                                                                                                                                                             
                                                                                                                                                                                                                             
                                                                                                                                                                                                                             
                                                                                                                                                                                                                             
                                                                                                                                                                                                                             
                                                                                                                                                                                                                             
                                                                                                                                                                                                                             
                                                                                                                                                                                                                             
                                                                                                                                                                                                                             
                                                                                                                                                                                                                             
                                                                                                                                                                                                                             
                                                                                                                                                                                                                             
                                                                                                                                                                                                                             
                                                                                                                                                                                                                             
                                                                                                                                                                                                                             
                                                                                                                                                                                                                             
                                                                                                                                                                                                                             
                                                                                                                                                                                                                             
                                                                                                                                                                                                                             
                                                                                                                                                                                                                             
                                                                                                                                                                                                                             
                                                                                                                                                                                                                             
                                                                                                                                                                                                                             
                                                                                                                                                                                                                             
                                                                                                                                                                                                                             
                                                                                                                                                                                                                             
                                                                                                                                                                                                                             
                                                                                                                                                                                                                             
                                                                                                                                                                                                                             
                                                                                                                                                                                                                             
                                                                                                                                                                                                                             
                                                                                                                                                                                                                             
                                                                                                                                                                                                                             
                                                                                                                                                                                                                             
                                                                                                                                                                                                                             
                                                                                                                                                                                                                             
                                                                                                                                                                                                                             
                                                                                                                                                                                                                             
                                                                                                                                                                                                                             
                                                                                                                                                                                                                             
                                                                                                                                                                                                                             
                                                                                                                                                                                                                             
                                                                                                                                                                                                                             
                                                                                                                                                                                                                             
                                                                                                                                                                                                                             
                                                                                                                                                                                                                             
                                                                                                                                                                                                                             
                                                                                                                                                                                                                             
                                                                                                                                                                                                                             
                                                                                                                                                                                                                             
                                                                                                                                                                                                                             
                                                                                                                                                                                                                             
                                                                                                                                                                                                                             
                                                                                                                                                                                                                             
                                                                                                                                                                                                                             
                                                                                                                                                                                                                             
                                                                                                                                                                                                                             
                                                                                                                                                                                                                             
                                                                                                                                                                                                                             
                                                                                                                                                                                                                             
