      WELL DATA SUMMARY                                                                                   
            
Well  BLM 46-19     
                         
Sec Az   76         
Elev   4180 KB      
CoordsNorth  246039 East 2E+06        2352568 
                         Course               
  MD  Drift Drift D. AzimLength  DH     TVD     SSD    DNS   DEW   N-S   E-W  DSec   Sec   N-LAM   E-LAM  
__________________________________________________________________________________________________________
                                                                                                          
    0  0.00      28  208                        4180     0     0     0     0     0     0  246039  2352568 
  180  0.21      28  208   180     0      180   4000     0     0     0     0     0     0  246039  2352568 
  218  0.25      28  208   218     0      218   3962     0     0     0     0     0     0  246039  2352568 
  370  0.50      28  208   152     1      370   3810    -1     0    -1    -1    -1    -1  246038  2352567 
  462  0.50      28  208    92     1      462   3718    -1     0    -2    -1    -1    -2  246037  2352567 
  500  0.82      28  208    38     0      500   3680     0     0    -2    -1     0    -2  246037  2352567 
  604  1.69      28  208   104     2      604   3576    -2    -1    -4    -2    -2    -3  246035  2352566 
  611  1.75      28  208     7     0      611   3569     0     0    -5    -2     0    -3  246034  2352566 
  641  1.50      20  200    30     1      641   3539    -1     0    -5    -3    -1    -4  246034  2352565 
  704  0.75      13  167    63     1      704   3476    -1     0    -7    -3     0    -4  246032  2352565 
  735  0.75      75  105    31     0      735   3445     0     0    -7    -3     0    -4  246032  2352565 
  766  1.25      80  100    31     1      766   3414     0     1    -7    -2     0    -4  246032  2352566 
  797  1.50      81   99    31     1      797   3383     0     1    -7    -1     1    -3  246032  2352567 
  842  1.74      76   90    45     1      842   3338     0     1    -7     0     1    -2  246032  2352568 
  983  2.50      62   62   141     5      983   3197     1     5    -6     5     5     3  246033  2352573 
 1000  2.58      62   62    17     1     1000   3180     0     1    -6     6     1     4  246033  2352574 
 1134  3.25      63   63   134     7     1134   3046     3     6    -2    12     7    11  246037  2352580 
 1180  3.44      68   68    46     3     1180   3000     1     2    -1    14     3    13  246038  2352582 
 1314  4.00      81   81   180    11     1313   2867     4    11     1    23    11    22  246040  2352591 
 1470  3.75      85   85   156    11     1469   2711     1    10     2    33    10    33  246041  2352601 
 1500  3.80      82   82    30     2     1499   2681     0     2     3    35     2    35  246042  2352603 
 1625  4.00      72   72   125     9     1624   2556     2     8     4    43     8    43  246043  2352611 
 1774  3.50      82   82   149    10     1772   2408     2     9     7    53    10    53  246046  2352621 
 1799  3.75      75   75    25     2     1797   2383     0     2     7    54     2    54  246046  2352622 
 1830  4.00      76   76    31     2     1828   2352     1     2     7    56     2    56  246046  2352624 
 1860  4.00      85   85    30     2     1858   2322     0     2     8    58     2    59  246047  2352626 
 1891  4.50      89   91    31     2     1889   2291     0     2     8    61     2    61  246047  2352629 
 1923  5.00      86   94    32     3     1921   2259     0     3     8    63     3    63  246047  2352631 
 1983  6.50      88   88    60     6     1981   2199     0     6     8    69     6    69  246047  2352637 
 2000  6.64      88   89    17     2     1997   2183     0     2     8    71     2    71  246047  2352639 
 2045  7.00      88   92    45     5     2042   2138     0     5     8    77     5    76  246047  2352645 
 2107  7.25      89   89    62     8     2104   2076     0     8     8    84     7    84  246047  2352652 
 2169  7.25      90   90    62     8     2165   2015     0     8     8    92     8    91  246047  2352660 
 2184  7.30      90   90    15     2     2180   2000     0     2     8    94     2    93  246047  2352662 
 2246  7.50      88   92    76    10     2241   1939     0    10     7   102    10   101  246046  2352670 
 2308  7.75      89   91    61     8     2303   1877     0     8     7   110     8   109  246046  2352678 
 2368  9.50      87   93    59     9     2362   1818     0     9     7   119     9   117  246046  2352687 
 2425 10.25      88   92    56    10     2418   1762     0    10     7   129     9   127  246046  2352697 
 2500 10.43      89   91    74    13     2492   1688     0    13     6   142    13   140  246045  2352710 
 2528 10.50      90   90    28     5     2520   1660     0     5     6   148     5   145  246045  2352716 
 2609 11.50      89   89    80    15     2599   1581     0    15     6   163    15   160  246045  2352731 
 2714 12.00      89   89   103    21     2702   1478     0    21     7   184    21   181  246046  2352752 
 2776 12.00      88   92    61    13     2763   1417     0    13     7   197    12   193  246046  2352765 
 2837 13.50      89   91    59    13     2822   1358     0    13     6   211    13   206  246045  2352779 
 2899 14.25      89   89    60    15     2882   1298     0    15     6   226    14   220  246045  2352794 
 2993 15.75      86   86    91    24     2973   1207     1    24     7   250    24   244  246046  2352818 
 3000 15.84      86   86     7     2     2980   1200     0     2     7   252     2   246  246046  2352820 
 3086 17.00      87   87    82    24     3062   1118     1    24     9   276    24   270  246048  2352844 
 3210 19.48      84   84   118    39     3180   1000     3    39    12   315    38   308  246051  2352883 
 3211 19.50      84   84   119    39     3181    999     3    39    12   315    39   309  246051  2352883 
 3268 20.00      83   83    54    19     3235    945     2    19    14   334    19   328  246053  2352902 
 3363 20.00      83   83    89    32     3324    856     4    32    18   367    32   360  246057  2352935 
 3486 20.75      82   82   115    43     3439    741     6    42    24   409    43   403  246063  2352977 
 3500 20.79      82   82    13     5     3452    728     1     5    24   414     5   407  246063  2352982 
 3578 21.00      82   82    73    28     3525    655     4    28    28   441    28   435  246067  2353009 
 3668 21.25      82   82    84    32     3609    571     5    32    33   474    32   467  246072  2353042 
 3793 21.50      82   82   116    46     3726    454     6    45    39   519    45   513  246078  2353087 
 3918 21.75      80   80   116    46     3842    338     7    45    46   564    46   559  246085  2353132 
 3981 22.00      81   81    58    23     3900    280     4    23    50   587    23   582  246089  2353155 
 4000 22.11      81   81    18     7     3918    262     1     7    51   594     7   589  246090  2353162 
 4024 22.25      81   81    22     9     3940    240     1     9    53   603     9   598  246092  2353171 
 4131 23.00      81   81    99    41     4039    141     6    41    59   644    41   639  246098  2353212 
 4198 23.00      80   80    62    26     4101     79     4    26    63   670    26   665  246102  2353238 
 4237 22.83      81   81    36    15     4137     43     3    15    66   685    15   680  246105  2353253 
 4254 22.75      81   81    16     7     4152     28     1     7    67   691     7   687  246106  2353259 
 4284 22.87      81   81    28    12     4180      0     2    11    69   703    12   699  246108  2353271 
 4315 23.00      81   81    56    24     4208    -28     4    23    71   715    24   711  246110  2353283 
 4377 23.00      79   79    57    24     4265    -85     4    24    75   739    24   735  246114  2353307 
 4438 22.00      79   79    56    23     4322   -142     4    23    79   761    23   758  246118  2353329 
 4500 22.00      77   77    57    23     4379   -199     5    23    84   784    23   781  246123  2353352 
 4562 21.50      78   78    58    23     4437   -257     5    22    89   807    23   804  246128  2353375 
 4625 21.00      76   76    59    23     4496   -316     5    22    94   829    23   827  246133  2353397 
 4688 20.00      74   74    59    22     4555   -375     6    21   100   850    22   849  246139  2353418 
 4749 20.00      73   73    57    21     4612   -432     6    20   106   870    21   870  246145  2353438 
 4812 19.00      73   73    59    21     4671   -491     6    20   112   890    21   891  246151  2353458 
 4873 19.50      71   71    58    20     4729   -549     6    19   118   909    20   911  246157  2353477 
 4936 18.75      72   72    60    21     4788   -608     7    20   125   929    21   932  246164  2353497 
 4998 18.50      72   72    59    20     4847   -667     6    19   131   948    20   951  246170  2353516 
 5000 18.50      72   72     2     1     4849   -669     0     1   131   948     1   952  246170  2353516 
 5059 18.50      70   70    56    19     4905   -725     6    18   137   966    19   971  246176  2353534 
 5107 18.00      72   72    46    15     4951   -771     5    14   142   980    15   986  246181  2353548 
 5168 19.00      72   72    58    19     5008   -828     6    18   148   999    19  1005  246187  2353567 
 5261 20.75      69   69    87    32     5096   -916    11    30   159  1029    31  1036  246198  2353597 
 5292 21.00      69   69    29    11     5125   -945     4    10   163  1039    11  1047  246202  2353607 
 5351 21.00      68   68    55    21     5180  -1000     8    20   170  1059    21  1068  246209  2353627 
 5371 21.00      68   68    74    28     5199  -1019    10    26   173  1065    28  1075  246212  2353633 
 5433 20.75      65   65    58    22     5257  -1077     9    20   182  1085    22  1097  246221  2353653 
 5496 20.00      65   65    59    22     5316  -1136     9    20   191  1105    22  1119  246230  2353673 
 5500 20.00      65   65     4     1     5319  -1139     1     1   192  1107     1  1120  246231  2353675 
 5526 20.00      65   65    24     9     5344  -1164     4     8   196  1115     9  1129  246235  2353683 
 5588 19.00      67   67    58    21     5402  -1222     8    19   204  1134    20  1149  246243  2353702 
 5651 20.00      65   65    59    21     5462  -1282     9    19   213  1153    21  1170  246252  2353721 
 5713 20.00      66   66    58    21     5520  -1340     9    19   221  1172    21  1191  246260  2353740 
 5809 20.00      67   67    90    33     5610  -1430    13    30   234  1202    32  1223  246273  2353770 
 5900 20.50      68   68    85    31     5696  -1516    12    29   246  1231    31  1254  246285  2353799 
 5992 20.50      66   66    86    32     5782  -1602    13    30   259  1261    32  1286  246298  2353829 
 6000 20.53      66   66     7     3     5789  -1609     1     3   260  1263     3  1289  246299  2353831 
 6117 21.00      68   68   109    41     5899  -1719    16    38   276  1302    41  1330  246315  2353870 
 6211 22.25      67   67    87    35     5986  -1806    13    32   290  1334    34  1364  246329  2353902 
 6305 23.00      66   66    87    36     6073  -1893    14    33   304  1367    36  1400  246343  2353935 
 6422 23.48      67   67   108    46     6180  -2000    18    42   322  1409    46  1445  246361  2353977 
 6428 23.50      67   67   113    49     6186  -2006    19    45   323  1411    48  1448  246362  2353979 
 6500 23.50      67   67    66    29     6252  -2072    11    26   335  1438    28  1476  246374  2354006 
 6801 23.50      67   67   276   120     6528  -2348    47   110   382  1548   119  1595  246421  2354116 
                                                                                                          
                                                                                                          
                                                                                                          
                                                                                                          
                                                                                                          
                                                                                                          
                                                                                                          
                                                                                                          
                                                                                                          
                                                                                                          
                                                                                                          
                                                                                                          
                                                                                                          
                                                                                                          
                                                                                                          
                                                                                                          
                                                                                                          
                                                                                                          
                                                                                                          
                                                                                                          
                                                                                                          
                                                                                                          
                                                                                                          
                                                                                                          
                                                                                                          
                                                                                                          
                                                                                                          
                                                                                                          
                                                                                                          
                                                                                                          
                                                                                                          
                                                                                                          
                                                                                                          
                                                                                                          
                                                                                                          
                                                                                                          
                                                                                                          
                                                                                                          
                                                                                                          
                                                                                                          
                                                                                                          
                                                                                                          
                                                                                                          
                                                                                                          
                                                                                                          
                                                                                                          
                                                                                                          
                                                                                                          
                                                                                                          
                                                                                                          
                                                                                                          
                                                                                                          
                                                                                                          
                                                                                                          
                                                                                                          
                                                                                                          
                                                                                                          
                                                                                                          
                                                                                                          
                                                                                                          
                                                                                                          
                                                                                                          
                                                                                                          
                                                                                                          
                                                                                                          
                                                                                                          
                                                                                                          
                                                                                                          
                                                                                                          
                                                                                                          
                                                                                                          
                                                                                                          
                                                                                                          
                                                                                                          
                                                                                                          
                                                                                                          
                                                                                                          
                                                                                                          
                                                                                                          
                                                                                                          
                                                                                                          
                                                                                                          
                                                                                                          
                                                                                                          
                                                                                                          
                                                                                                          
                                                                                                          
                                                                                                          
                                                                                                          
                                                                                                          
                                                                                                          
                                                                                                          
                                                                                                          
                                                                                                          
                                                                                                          
                                                                                                          
                                                                                                          
                                                                                                          
                                                                                                          
                                                                                                          
                                                                                                          
                                                                                                          
                                                                                                          
                                                                                                          
                                                                                                          
