      WELL DATA SUMMARY                                                                                      
            
Well  BLM 74B-19    
                         
Sec Az  250 S 70 W  
Elev   4150 KB      
CoordsNorth  247402 East              2354499 
                         Course               
  MD  Drift Drift D. AzimLength  DH     TVD     SSD    DNS   DEW   N-S   E-W  DSec    Sec     N-LAM E-LAM    
_____________________________________________________________________________________________________________
                                                                                                             
    0  0.00      38  322                        4150     0     0     0     0     0        0  247402  2354499 
  140  0.46      38  322   140     1      140   4010     0     0     0     0     0        0  247402  2354499 
  150  0.49      38  322    10     0      150   4000     0     0     1     0     0        0  247403  2354499 
  153  0.50      38  322   153     1      153   3997     1     0     1     0     0        0  247403  2354499 
  190  0.60      38  322    37     0      190   3960     0     0     1    -1     0        0  247403  2354498 
  336  1.00      38  322   183     2      336   3814     2    -1     2    -2     1        1  247404  2354497 
  500  0.83      38  322   164     3      500   3650     2    -2     4    -3     1        2  247406  2354496 
  573  0.75      38  322   237     4      573   3577     3    -2     5    -4     1        2  247407  2354495 
  647  0.75      53  307    74     1      647   3503     1    -1     6    -5     0        2  247408  2354494 
  709  0.50      67  293    62     1      709   3441     0    -1     6    -5     0        3  247408  2354494 
  772  0.75      14  346    63     1      772   3378     1     0     7    -6     0        3  247409  2354493 
  834  0.50       8  352    62     1      834   3316     1     0     7    -6     0        3  247409  2354493 
  896  0.00       0  360    62     0      896   3254     0     0     8    -6     0        3  247410  2354493 
  960  0.75      46  314    64     0      960   3190     0     0     8    -6     0        3  247410  2354493 
  992  1.25      46  314    32     1      992   3158     0     0     9    -7     0        3  247411  2354492 
 1000  1.38      47  313     8     0     1000   3150     0     0     9    -7     0        3  247411  2354492 
 1023  1.75      48  312    31     1     1023   3127     1    -1     9    -7     0        4  247411  2354492 
 1055  2.25      52  308    32     1     1055   3095     1    -1    10    -8     1        4  247412  2354491 
 1086  2.75      55  305    31     1     1086   3064     1    -1    11    -9     1        5  247413  2354490 
 1117  3.50      61  299    31     2     1117   3033     1    -1    11   -11     1        6  247413  2354488 
 1148  4.25      59  301    31     2     1148   3002     1    -2    13   -12     1        7  247415  2354487 
 1150  4.27      59  301     2     0     1150   3000     0     0    13   -12     0        7  247415  2354487 
 1238  5.25      52  308    90     7     1237   2913     4    -6    17   -18     4       12  247419  2354481 
 1300  5.25      52  308    62     6     1299   2851     3    -4    20   -23     3       15  247422  2354476 
 1363  5.25      48  312    63     6     1362   2788     4    -4    24   -27     3       18  247426  2354472 
 1487  5.00      46  314   124    11     1485   2665     8    -8    32   -35     5       23  247434  2354464 
 1500  4.97      46  314    13     1     1498   2652     1    -1    32   -36     0       23  247434  2354463 
 1612  4.75      49  311   125    11     1610   2540     7    -8    39   -43     5       27  247441  2354456 
 1733  4.00      45  315   121     9     1731   2419     6    -7    45   -50     4       32  247447  2354449 
 1828  4.00      46  314    95     7     1825   2325     5    -5    50   -55     3       34  247452  2354444 
 1859  4.25      45  315    31     2     1856   2294     2    -2    51   -56     1       35  247453  2354443 
 1922  4.00      50  310    63     5     1919   2231     3    -3    54   -60     2       38  247456  2354439 
 1986  4.00      45  315    64     4     1983   2167     3    -3    57   -63     2       40  247459  2354436 
 2000  3.67      43  317    14     1     1997   2153     1    -1    58   -64     0       40  247460  2354435 
 2018  3.25      41  319    32     2     2015   2135     1    -1    59   -64     1       40  247461  2354435 
 2085  4.75      49  311    67     5     2082   2068     3    -3    62   -68     2       42  247464  2354431 
 2153  5.12      63  297    68     6     2150   2000     3    -5    65   -73     3       46  247467  2354426 
 2176  5.25      68  292    91     8     2172   1978     4    -7    66   -74     5       47  247468  2354425 
 2270  4.75      70  290    94     8     2266   1884     3    -8    69   -82     6       53  247471  2354417 
 2395  5.75      74  286   124    11     2391   1759     4   -11    73   -93     9       63  247475  2354406 
 2500  6.41      71  290   104    11     2495   1655     3   -11    76  -104     9       71  247478  2354395 
 2515  6.50      70  290   119    13     2510   1640     4   -12    77  -105    10       73  247479  2354394 
 2610  6.75      70  290    94    11     2604   1546     4   -10    80  -115     8       81  247482  2354384 
 2733  7.00      70  290   122    15     2726   1424     5   -14    85  -129    11       92  247487  2354370 
 2889  6.75      82  278   155    19     2881   1269     5   -18    90  -147    15      108  247492  2354352 
 2921  6.75      90  270    32     4     2913   1237     0    -4    90  -151     3      111  247492  2354348 
 2953  6.75      83  263    32     4     2945   1205     0    -4    90  -155     4      115  247492  2354344 
 3000  6.74      77  257    47     6     2991   1159    -1    -5    89  -160     5      120  247491  2354339 
 3017  6.74      75  255    64     8     3008   1142    -1    -7    89  -162     7      122  247491  2354337 
 3108  8.50      66  246    90    12     3099   1051    -4   -11    84  -174    12      134  247486  2354325 
 3160  8.50      65  245    51     8     3150   1000    -3    -7    81  -181     8      142  247483  2354318 
 3202  8.50      64  244    93    14     3191    959    -6   -13    79  -186    14      148  247481  2354313 
 3264  8.25      64  244    61     9     3253    897    -4    -8    75  -194     9      157  247477  2354305 
 3360  9.25      66  246    95    15     3348    802    -6   -13    68  -208    15      172  247470  2354291 
 3453 10.75      67  247    92    16     3439    711    -6   -15    62  -222    16      188  247464  2354277 
 3500 11.26      66  246    46     9     3485    665    -4    -8    59  -231     9      197  247461  2354268 
 3545 11.75      66  246    90    18     3530    620    -7   -16    55  -239    18      206  247457  2354260 
 3640 13.00      67  247    93    20     3622    528    -8   -19    47  -258    20      226  247449  2354241 
 3733 14.00      66  246    90    22     3713    437    -9   -20    38  -277    22      248  247440  2354222 
 3825 15.50      65  245    89    23     3802    348   -10   -21    28  -299    23      271  247430  2354200 
 3896 16.25      59  239    68    19     3870    280    -9   -17    19  -316    19      290  247421  2354183 
 3927 16.75      58  238    30     9     3900    250    -5    -8    15  -323     9      299  247417  2354176 
 4000 16.96      57  237    70    21     3970    180   -11   -18     3  -341    21      320  247405  2354158 
 4015 17.00      57  237    84    26     3984    166   -14   -22     1  -345    25      324  247403  2354154 
 4077 17.00      57  237    59    18     4043    107   -10   -15    -9  -360    18      341  247393  2354139 
 4188 16.51      60  240   106    32     4150      0   -17   -27   -26  -387    31      373  247376  2354112 
 4201 16.45      60  240   119    36     4162    -12   -19   -30   -28  -391    35      376  247374  2354108 
 4294 16.00      58  238    89    26     4251   -101   -13   -22   -41  -413    26      402  247361  2354086 
 4388 16.25      58  238    90    26     4342   -192   -14   -22   -55  -435    26      428  247347  2354064 
 4480 15.50      59  239    88    25     4430   -280   -13   -21   -68  -456    25      452  247334  2354043 
 4500 15.50      59  239    19     5     4449   -299    -3    -5   -71  -461     5      457  247331  2354038 
 4542 15.50      58  238    60    17     4490   -340    -9   -14   -77  -471    16      468  247325  2354028 
 4636 16.50      65  245    90    26     4580   -430   -12   -23   -89  -493    26      494  247313  2354006 
 4725 17.50      56  236    85    26     4665   -515   -13   -23  -102  -516    26      520  247300  2353983 
 4785 17.25      58  238    57    18     4723   -573   -10   -15  -112  -531    17      537  247290  2353968 
 4880 17.50      58  238    91    28     4813   -663   -15   -24  -127  -555    28      565  247275  2353944 
 4972 17.25      57  237    88    27     4901   -751   -15   -23  -141  -578    27      592  247261  2353921 
 5000 17.10      56  236    27     8     4928   -778    -5    -7  -146  -585     8      600  247256  2353914 
 5064 16.75      54  234    88    27     4989   -839   -15   -22  -157  -600    26      618  247245  2353899 
 5159 16.25      55  235    91    27     5080   -930   -16   -22  -172  -622    26      644  247230  2353877 
 5232 16.11      54  234    70    20     5150  -1000   -12   -17  -184  -639    20      663  247218  2353860 
 5285 16.00      54  234   121    35     5201  -1051   -20   -28  -193  -651    34      677  247209  2353848 
 5377 16.25      54  234    88    26     5290  -1140   -15   -21  -208  -672    25      702  247194  2353827 
 5471 16.75      54  234    90    27     5380  -1230   -16   -22  -223  -693    26      728  247179  2353806 
 5500 16.83      54  234    28     8     5407  -1257    -5    -7  -228  -700     8      736  247174  2353799 
 5564 17.00      54  234    89    27     5469  -1319   -16   -22  -239  -715    26      754  247163  2353784 
 5656 17.50      54  234    88    27     5557  -1407   -16   -22  -255  -737    26      780  247147  2353762 
 5750 17.75      54  234    90    28     5646  -1496   -17   -23  -272  -760    27      807  247130  2353739 
 5864 18.00      54  234   108    35     5755  -1605   -21   -28  -292  -788    34      841  247110  2353711 
 5959 17.75      54  234    90    29     5845  -1695   -17   -24  -310  -812    28      869  247092  2353687 
 6000 17.64      54  234    39    12     5884  -1734    -7   -10  -317  -822    12      881  247085  2353677 
 6149 17.25      53  233   181    57     6026  -1876   -34   -46  -344  -858    55      924  247058  2353641 
 6238 17.50      55  235    85    27     6111  -1961   -16   -22  -359  -879    26      949  247043  2353620 
 6279 18.16      55  235    39    13     6150  -2000    -7   -10  -366  -890    12      961  247036  2353609 
 6331 19.00      55  235    88    29     6199  -2049   -17   -24  -376  -903    28      977  247026  2353596 
 6500 21.49      54  234   159    58     6358  -2208   -34   -48  -410  -951    56     1034  246992  2353548 
 6552 22.25      54  234   207    78     6406  -2256   -45   -63  -421  -967    75     1052  246981  2353532 
 6739 21.25      51  231   174    69     6580  -2430   -42   -55  -463 -1022    66     1118  246939  2353477 
 6895 21.00      50  230   146    56     6726  -2576   -36   -43  -499 -1065    53     1171  246903  2353434 
 7000 20.66      50  230    98    37     6824  -2674   -24   -29  -523 -1094    35     1207  246879  2353405 
 7050 20.50      50  230   145    55     6870  -2720   -35   -42  -534 -1107    52     1223  246868  2353392 
 7207 20.00      51  231   147    54     7018  -2868   -35   -42  -569 -1149    51     1274  246833  2353350 
 7348 20.00      50  230   132    48     7150  -3000   -31   -37  -600 -1186    45     1320  246802  2353313 
 7365 20.00      50  230   148    54     7166  -3016   -34   -42  -603 -1191    51     1325  246799  2353308 
 7500 20.59      50  230   127    47     7293  -3143   -30   -36  -633 -1227    44     1369  246769  2353272 
 7652 21.25      50  230   269   101     7435  -3285   -65   -77  -668 -1268    95     1420  246734  2353231 
 7808 18.00      53  233   147    52     7582  -3432   -33   -41  -701 -1309    50     1470  246701  2353190 
 7953 16.00      53  233   139    42     7720  -3570   -26   -34  -726 -1343    41     1510  246676  2353156 
 8000 15.44      53  233    45    13     7766  -3616    -8   -10  -734 -1353    12     1523  246668  2353146 
 8078 14.50      54  234   121    33     7841  -3691   -20   -26  -746 -1369    32     1542  246656  2353130 
 8394 10.08      56  236   309    67     8150  -4000   -39   -55  -785 -1425    65     1607  246617  2353074 
 8400 10.00      56  236   315    68     8156  -4006   -39   -56  -785 -1425    66     1608  246617  2353074 
 8423 10.00      56  236    23     4     8178  -4028    -2    -3  -787 -1429     4     1612  246615  2353070 
                                                                                                             
                                                                                                             
                                                                                                             
                                                                                                             
                                                                                                             
                                                                                                             
                                                                                                             
                                                                                                             
                                                                                                             
                                                                                                             
                                                                                                             
                                                                                                             
                                                                                                             
                                                                                                             
                                                                                                             
                                                                                                             
                                                                                                             
                                                                                                             
                                                                                                             
                                                                                                             
                                                                                                             
                                                                                                             
                                                                                                             
                                                                                                             
                                                                                                             
                                                                                                             
                                                                                                             
                                                                                                             
                                                                                                             
                                                                                                             
                                                                                                             
                                                                                                             
                                                                                                             
                                                                                                             
                                                                                                             
                                                                                                             
                                                                                                             
                                                                                                             
                                                                                                             
                                                                                                             
                                                                                                             
                                                                                                             
                                                                                                             
                                                                                                             
                                                                                                             
                                                                                                             
                                                                                                             
                                                                                                             
                                                                                                             
                                                                                                             
                                                                                                             
                                                                                                             
                                                                                                             
                                                                                                             
                                                                                                             
                                                                                                             
                                                                                                             
                                                                                                             
                                                                                                             
                                                                                                             
                                                                                                             
                                                                                                             
                                                                                                             
                                                                                                             
                                                                                                             
                                                                                                             
                                                                                                             
                                                                                                             
                                                                                                             
                                                                                                             
                                                                                                             
                                                                                                             
                                                                                                             
                                                                                                             
                                                                                                             
                                                                                                             
                                                                                                             
                                                                                                             
                                                                                                             
                                                                                                             
                                                                                                             
                                                                                                             
                                                                                                             
                                                                                                             
                                                                                                             
                                                                                                             
                                                                                                             
                                                                                                             
                                                                                                             
                                                                                                             
                                                                                                             
                                                                                                             
                                                                                                             
                                                                                                             
                                                                                                             
                                                                                                             
                                                                                                             
                                                                                                             
                                                                                                             
                                                                                                             
                                                                                                             
