      WELL DATA SUMMARY                                                                                                                                                                                                        
            
Well  BLM   81B-19  
                         
Sec Az0     STRAIGHT HOLE
Elev  4205  (KB)    
CoordsNorth 249112  East 2355544        2355544        
                          Course                
  MD  Drift Drift D. Azim Length   DH     TVD     SSD    DNS   DEW   N-S   E-W  DSec   Sec    N-LAM E-LAM    
_____________________________________________________________________________________________________________
                                                                                                                                                                                                                               
    0  0.00       0  169       0     0        0   4205     0     0     0     0     0      0  249112  2355544                                                                                                                   
  158  0.50      11  169     158     1      158   4047    -1     0    -1     0    -1     -1  249111  2355544                                                                                                                   
  205  0.95      25  190      47     1      205   4000    -1     0    -1     0    -1     -1  249111  2355544 
  316  2.00      59  239     158     3      316   3889    -3    -1    -4    -1    -3     -4  249108  2355543                                                                                                                   
  464  1.75      66  246     148     5      464   3741    -2    -4    -6    -6    -2     -6  249106  2355538                                                                                                                   
  559  2.00      63  297      95     3      559   3646     0    -3    -6    -9     0     -6  249106  2355535                                                                                                                   
  652  2.00      83  277      93     3      652   3553     1    -3    -5   -12     1     -5  249107  2355532                                                                                                                   
  746  1.50      88  272      94     3      746   3459     0    -3    -5   -15     0     -5  249107  2355529                                                                                                                   
  842  1.50      68  248      96     3      842   3363     0    -2    -5   -17     0     -5  249107  2355527                                                                                                                   
  936  2.00      54  234      94     3      936   3269    -1    -3    -7   -20    -1     -7  249105  2355524                                                                                                                   
 1026  2.25      63  243      90     3     1026   3179    -2    -3    -8   -22    -2     -8  249104  2355522                                                                                                                   
 1116  2.50      74  254      90     4     1116   3089    -1    -3   -10   -26    -1    -10  249102  2355518                                                                                                                   
 1177  2.00      85  265      61     2     1176   3029     0    -2   -10   -28     0    -10  249102  2355516                                                                                                                   
 1206  2.00      81  261      29     1     1205   3000     0    -1   -10   -29     0    -10  249102  2355515 
 1271  2.00      73  253      94     3     1270   2935    -1    -3   -11   -32    -1    -11  249101  2355512                                                                                                                   
 1363  2.25      48  228      92     3     1362   2843    -2    -3   -12   -34    -2    -12  249100  2355510                                                                                                                   
 1456  2.50      52  232      93     4     1455   2750    -2    -3   -15   -37    -2    -15  249097  2355507                                                                                                                   
 1549  2.50      60  240      93     4     1548   2657    -2    -3   -17   -41    -2    -17  249095  2355503                                                                                                                   
 1641  2.25      72  252      92     4     1640   2565    -2    -3   -19   -44    -2    -19  249093  2355500                                                        2565        1548  1549   -17   -41   -17  0.00 
 1734  2.50      76  256      93     4     1733   2472    -1    -4   -20   -48    -1    -20  249092  2355496                                                                                                                   
 1825  3.25      74  254      91     5     1824   2381    -1    -4   -21   -52    -1    -21  249091  2355492                                                                                                                   
 1888  3.50      79  259      63     4     1887   2318    -1    -4   -22   -56    -1    -22  249090  2355488                                                                                                                   
 1948  3.75      83  263      60     4     1947   2258    -1    -4   -22   -60    -1    -22  249090  2355484                                                                                                                   
 2041  4.25      76  256      93     6     2039   2166    -1    -6   -24   -66    -1    -24  249088  2355478                                                                                                                   
 2086  3.89      75  255      45     3     2084   2121    -1    -3   -24   -69    -1    -24  249088  2355475 
 2103  3.75      74  254      62     4     2101   2104    -1    -4   -25   -70    -1    -25  249087  2355474                                                                                                                   
 2143  4.25      70  250      40     3     2141   2064    -1    -3   -26   -73    -1    -26  249086  2355471                                                                                                                   
 2192  4.25      82  262      49     4     2190   2015    -1    -4   -27   -76    -1    -27  249085  2355468                                                                                                                   
 2207  3.89      83  263      15     1     2205   2000     0    -1   -27   -78     0    -27  249085  2355466 
 2223  3.50      84  264      31     2     2221   1984     0    -2   -27   -79     0    -27  249085  2355465                                                                                                                   
 2284  3.25      89  271      61     4     2282   1923     0    -4   -27   -82     0    -27  249085  2355462                                                                                                                   
 2316  2.75      81  279      32     2     2314   1891     0    -2   -27   -84     0    -27  249085  2355460                                                                                                                   
 2347  2.50      79  281      31     1     2345   1860     0    -1   -27   -85     0    -27  249085  2355459                                                                                                                   
 2379  2.50      79  281      32     1     2377   1828     0    -1   -26   -87     0    -26  249086  2355457                                                                                                                   
 2409  2.25      70  290      30     1     2407   1798     0    -1   -26   -88     0    -26  249086  2355456                                                                                                                   
 2441  2.25      70  290      32     1     2439   1766     0    -1   -26   -89     0    -26  249086  2355455                                                                                                                   
 2477  1.75      51  309      36     1     2475   1730     1    -1   -25   -90     1    -25  249087  2355454                                                                                                                   
 2511  2.50      50  310      34     1     2509   1696     1    -1   -24   -91     1    -24  249088  2355453                                                                                                                   
 2541  2.50      49  311      30     1     2539   1666     1    -1   -23   -92     1    -23  249089  2355452                                                                                                                   
 2603  2.50      48  312      62     3     2601   1604     2    -2   -21   -94     2    -21  249091  2355450                                                                                                                   
 2665  2.25      46  314      62     3     2663   1542     2    -2   -20   -96     2    -20  249092  2355448                                                             /ma111..ak200~a115~           CCCCCC{GOTO}a1~/fcceinsert1~  
 2759  2.75      55  305      94     4     2756   1449     3    -3   -17   -99     3    -17  249095  2355445                                                                                                                   
 2822  2.50      59  301      63     3     2819   1386     2    -2   -16  -102     2    -16  249096  2355442                                                                                                                   
 2910  3.00      61  299      88     4     2907   1298     2    -4   -13  -105     2    -13  249099  2355439                                                                                                                   
 3008  2.75      63  297      98     5     3005   1200     2    -4   -11  -110     2    -11  249101  2355434                                                                                                                   
 3100  2.75      61  299      92     4     3097   1108     2    -4    -9  -113     2     -9  249103  2355431                                                                                                                   
 3196  3.00      63  297      96     5     3193   1012     2    -4    -7  -118     2     -7  249105  2355426                                                                                                                   
 3208  3.00      63  297      12     1     3205   1000     0    -1    -6  -118     0     -6  249106  2355426 
 3257  3.00      63  297      61     3     3254    951     1    -3    -5  -121     1     -5  249107  2355423                                                                                                                   
 3389  2.75      73  287     132     7     3386    819     2    -6    -3  -127     2     -3  249109  2355417                                                                                                                   
 3477  3.00      71  289      88     4     3474    731     1    -4    -1  -131     1     -1  249111  2355413                                                                                                                   
 3571  2.75      72  288      94     5     3567    638     1    -4     0  -135     1      0  249112  2355409                                                                                                                   
 3665  3.50      70  290      94     5     3661    544     2    -5     2  -140     2      2  249114  2355404                                                                                                                   
 3756  3.50      76  284      91     6     3752    453     2    -5     3  -145     2      3  249115  2355399                                                                                                                   
 3790  4.00      70  290      34     2     3786    419     1    -2     4  -148     1      4  249116  2355396                                                                                                                   
 3822  4.00      60  300      32     2     3818    387     1    -2     5  -150     1      5  249117  2355394                                                                                                                   
 3852  4.00      55  305      30     2     3848    357     1    -2     6  -151     1      6  249118  2355393                                                                                                                   
 3884  4.00      52  308      32     2     3880    325     1    -2     7  -153     1      7  249119  2355391                                                                                                                   
 3916  3.50      48  312      32     2     3912    293     1    -2     9  -155     1      9  249121  2355389                                                                                                                   
 3947  2.75      32  328      31     2     3943    262     1    -1    10  -156     1     10  249122  2355388                                                                                                                   
 3979  2.00      22  338      32     1     3975    230     1    -1    11  -156     1     11  249123  2355388                                                                                                                   
 4010  1.50       9    9      31    -1     4006    199     1     0    12  -157     1     12  249124  2355387                                                                                                                   
 4066  1.75      10   10      56     2     4062    143     2     0    14  -156     2     14  249126  2355388                                                                                                                   
 4128  1.75       2  358      62    -2     4124     81     2     0    16  -156     2     16  249128  2355388                                                                                                                   
 4191  2.25       5    5      63    -2     4187     18     2     0    18  -156     2     18  249130  2355388                                                                                                                   
 4209  2.25       4  106      18     1     4205      0     0     1    18  -156     0     18  249130  2355388 
 4254  2.25       1  359      63    -2     4250    -45     2     0    20  -156     2     20  249132  2355388                                                                                                                   
 4315  2.00       0  360      61     2     4311   -106     2     0    23  -156     2     23  249135  2355388                                                                                                                   
 4378  1.75      20  340      63     2     4373   -168     2     0    25  -156     2     25  249137  2355388                                                                                                                   
 4476  2.25      23  337      98     3     4471   -266     3    -1    28  -158     3     28  249140  2355386                                                                                                                   
 4569  2.25      26  334      93     4     4564   -359     3    -2    31  -159     3     31  249143  2355385                                                                                                                   
 4662  2.25      30  330      93     4     4657   -452     3    -2    34  -161     3     34  249146  2355383                                                                                                                   
 4758  3.00      45  315      96     4     4753   -548     3    -3    38  -164     3     38  249150  2355380                                                                                                                   
 4853  3.75      56  304      95     6     4848   -643     4    -4    41  -168     4     41  249153  2355376                                                                                                                   
 4944  4.00      56  302      91     6     4939   -734     3    -5    45  -173     3     45  249157  2355371                                                                                                                   
 5042  4.00      60  300      98     7     5037   -832     4    -6    48  -179     4     48  249160  2355365                                                                                                                   
 5125  3.75      54  306      83     6     5119   -914     3    -5    51  -184     3     51  249163  2355360                                                                                                                   
 5211  3.53      52  308      86     5     5205  -1000     3    -4    55  -188     3     55  249167  2355356 
 5223  3.50      52  308      98     6     5217  -1012     4    -5    55  -189     4     55  249167  2355355                                                                                                                   
 5314  3.25      54  306      91     5     5308  -1103     3    -4    58  -193     3     58  249170  2355351                                                                                                                   
 5411  3.25      50  310      97     5     5405  -1200     3    -4    62  -197     3     62  249174  2355347                                                                                                                   
 5470  3.25      50  310      59     3     5464  -1259     2    -3    64  -200     2     64  249176  2355344 
 5502  3.25      50  310      91     5     5496  -1291     3    -4    65  -201     3     65  249177  2355343                                                                                                                   
 5596  3.25      58  302      94     5     5590  -1385     3    -4    68  -205     3     68  249180  2355339                                                                                                                   
 5689  3.25      56  304      93     5     5682  -1477     3    -4    71  -210     3     71  249183  2355334                                                                                                                   
 5734  3.13      63  297      45     3     5727  -1522     1    -2    72  -212     1     72  249184  2355332 
 5783  3.00      71  289      94     5     5776  -1571     2    -5    73  -214     2     73  249185  2355330                                                                                                                   
 5877  3.25      63  297      94     5     5870  -1665     2    -5    75  -219     2     75  249187  2355325                                                                                                                   
 5970  3.00      73  287      93     5     5963  -1758     2    -5    77  -224     2     77  249189  2355320                                                                                                                   
 6064  3.50      88  272      94     5     6057  -1852     1    -5    78  -229     1     78  249190  2355315                                                                                                                   
 6155  3.25      81  279      91     5     6148  -1943     1    -5    78  -234     1     78  249190  2355310                                                                                                                   
 6212  3.10      85  275      57     3     6205  -2000     0    -3    79  -238     0     79  249191  2355306 
 6249  3.00      87  273      94     5     6242  -2037     1    -5    79  -240     1     79  249191  2355304                                                                                                                   
 6343  3.75      89  271      94     6     6335  -2130     0    -6    79  -245     0     79  249191  2355299                                                                                                                   
 6438  3.75      82  278      95     6     6430  -2225     0    -6    80  -251     0     80  249192  2355293                                                                                                                   
 6505  3.93      85  275      67     4     6497  -2292     1    -4    80  -256     1     80  249192  2355288 
 6531  4.00      86  274      93     6     6523  -2318     1    -6    80  -258     1     80  249192  2355286                                                                                                                   
 6626  4.75      85  275      95     7     6618  -2413     1    -7    81  -265     1     81  249193  2355279                                                                                                                   
 6722  5.00      90  270      96     8     6713  -2508     0    -8    81  -273     0     81  249193  2355271                                                                                                                   
 6815  5.00      87  267      93     8     6806  -2601     0    -8    81  -281     0     81  249193  2355263                                                                                                                   
 6864  4.03      85  265      49     4     6855  -2650     0    -4    81  -285     0     81  249193  2355259 
 6954  2.25      80  260     139     9     6945  -2740    -1    -9    80  -290    -1     80  249192  2355254                                                                                                                   
 7151  2.50      83  263     197     8     7142  -2937    -1    -8    79  -298    -1     79  249191  2355246                                                                                                                   
 7207  4.25      83  263      56     3     7197  -2992     0    -3    78  -301     0     78  249190  2355243                                                                                                                   
 7215  4.31      82  262       8     1     7205  -3000     0    -1    78  -302     0     78  249190  2355242 
 7340  5.25      66  246     133    11     7330  -3125    -3   -11    76  -312    -3     76  249188  2355232                                                                                                                   
 7439  2.25      47  227      99     6     7429  -3224    -4    -5    72  -317    -4     72  249184  2355227                                                                                                                   
 7533  2.75      42  222      94     4     7523  -3318    -3    -3    69  -320    -3     69  249181  2355224                                                                                                                   
 7690  3.50      39  219     157     9     7679  -3474    -7    -6    63  -326    -7     63  249175  2355218                                                                                                                   
 7995  5.25      48  228     304    23     7984  -3779   -17   -16    46  -342   -17     46  249158  2355202                                                                                                                   
 8218  6.21      69  249     222    22     8205  -4000   -12   -19    34  -361   -12     34  249146  2355183 
 8401  7.00      86  266     404    43     8387  -4182   -17   -40    29  -381   -17     29  249141  2355163       
 8600  6.50      55  305     198    23     8585  -4380     6   -23    35  -404     6     35  249147  2355140       
 8777  7.00      87  267     176    21     8761  -4556     6   -20    41  -424     6     41  249153  2355120       
 8966  8.62      87  267     187    26     8948  -4743    -1   -26    39  -450    -1     39  249151  2355094 
 9227 10.86      87  267     257    44     9205  -5000    -2   -44    37  -494    -2     37  249149  2355050 
 9360 12.00      87  267     575    96     9336  -5131    -5   -96    36  -520    -5     36  249148  2355024       
 9466 12.00      87  267     104    22     9439  -5234    -1   -22    34  -542    -1     34  249146  2355002 
10124 12.00      87  267     644   137    10083  -5878    -7  -137    27  -679    -7     27  249139  2354865 
10172 12.00      87  267     794   169    10130  -5925    -9  -169    27  -689    -9     27  249139  2354855       
