      WELL DATA SUMMARY                                                                                      
            
Well  NAVY II 15A-17
                         
Sec Az   77 N 77 E  
Elev   4050 KB      
CoordsNorth  252008 East              2355501 
                         Course               
  MD  Drift Drift D. AzimLength  DH     TVD     SSD    DNS   DEW   N-S   E-W  DSec    Sec     N-LAM E-LAM    
_____________________________________________________________________________________________________________
                                                                                                             
    0  0.00      20   20     0     0        0   4050     0     0     0     0     0        0  252008  2355501 
   50  0.27      20   20    50     0       50   4000     0     0     0     0     0        0  252008  2355501 
  139  0.75      20   20   139     1      139   3911     1     0     1     0     0        0  252009  2355501 
  303  2.25      89   89   164     4      303   3747     2     3     3     4     4        4  252011  2355505 
  390  1.75      88   88    87     3      390   3660     0     3     3     7     3        7  252011  2355508 
  490  1.75      88   88   100     3      490   3560     0     3     4    10     3       10  252012  2355511 
  500  1.73      86   86    10     0      500   3550     0     0     4    10     0       11  252012  2355511 
  600  1.50      70   70   100     3      600   3450     1     3     4    13     3       14  252012  2355514 
  725  1.25      68   68   125     3      725   3325     1     3     5    16     3       17  252013  2355517 
  851  1.75      86   94   126     3      851   3199     1     3     6    19     3       20  252014  2355520 
  975  1.50      81   99   124     4      975   3075     0     3     5    23     3       23  252013  2355524 
 1000  1.45      79  101    25     1     1000   3050     0     1     5    23     1       24  252013  2355524 
 1050  1.35      75  105    50     1     1050   3000     0     1     5    24     1       25  252013  2355525 
 1100  1.25      71  109   100     2     1100   2950    -1     2     5    25     2       26  252013  2355526 
 1225  0.75      28  152   125     2     1225   2825    -1     2     3    27     1       27  252011  2355528 
 1352  0.50      61   61   127     1     1352   2698     0     1     3    28     1       28  252011  2355529 
 1500  0.73      69  233   148    -2     1500   2550     1    -1     4    28    -1       28  252012  2355529 
 1515  0.75      70  250    15     0     1515   2535     0     0     4    27     0       28  252012  2355528 
 1595  1.25      44  224    80     1     1595   2455    -1    -1     3    26    -1       26  252011  2355527 
 1723  1.00      60  240   128     3     1723   2327    -2    -2     2    24    -2       24  252010  2355525 
 1878  1.50      60  240   155     3     1878   2172    -2    -3     0    21    -3       21  252008  2355522 
 2000  1.74      59  261   122     3     1999   2051    -1    -3    -1    18    -3       17  252007  2355519 
 2051  1.84      58  269    51     2     2050   2000     0    -2    -1    16    -2       16  252007  2355517 
 2255  2.25      56  304   255     9     2254   1796     2    -9     1     9    -8        9  252009  2355510 
 2443  2.50      31  329   188     8     2442   1608     6    -5     6     4    -4        5  252014  2355505 
 2492  2.00       1  359    49     2     2491   1559     2    -1     8     3     0        5  252016  2355504 
 2500  2.00      12  278     8     0     2499   1551     0     0     8     3     0        5  252016  2355504 
 2523  2.00      44   44    23    -1     2522   1528     1     0     9     3     0        5  252017  2355504 
 2555  2.50      75   75    32     1     2554   1496     1     1    10     4     1        6  252018  2355505 
 2586  3.00      69   69    31     1     2585   1465     0     1    10     6     1        8  252018  2355507 
 2617  4.00      60   60    31     2     2616   1434     1     2    11     7     2       10  252019  2355508 
 2648  4.50      60   60    31     2     2647   1403     1     2    12     9     2       12  252020  2355510 
 2678  5.00      79   79    30     2     2677   1373     1     2    13    12     2       14  252021  2355513 
 2708  5.25      86   94    30     3     2707   1343     0     3    13    14     3       17  252021  2355515 
 2781  7.00      77  103    73     8     2779   1271    -1     8    12    22     7       24  252020  2355523 
 2837  8.75      77  103    55     8     2835   1215    -2     7    10    29     7       31  252018  2355530 
 2860  9.44      81   99    23     4     2857   1193    -1     4    10    33     3       34  252018  2355534 
 2895 10.50      88   92    34     6     2892   1158    -1     6     9    39     6       40  252017  2355540 
 2926 11.75      88   88    30     6     2922   1128     0     6     9    45     6       46  252017  2355546 
 3000 13.05      80   80    72    16     2995   1055     2    16    11    61    16       62  252019  2355562 
 3054 14.00      75   75    53    13     3047   1003     3    12    13    73    13       74  252021  2355574 
 3057 14.07      75   75     3     1     3050   1000     0     1    14    74     1       75  252022  2355575 
 3148 16.25      77   77    91    25     3138    912     6    24    19    97    25       99  252027  2355598 
 3273 19.25      76   76   119    38     3257    793     9    37    28   134    38      137  252036  2355635 
 3366 20.00      77   77    88    31     3344    706     7    30    36   164    31      168  252044  2355665 
 3491 21.00      78   78   117    44     3462    588     9    43    45   207    44      212  252053  2355708 
 3500 21.07      78   78     8     3     3470    580     1     3    46   210     3      215  252054  2355711 
 3615 22.00      78   78   107    42     3577    473     9    41    55   252    42      257  252063  2355753 
 3739 21.75      79   79   115    46     3692    358     9    45    64   297    46      304  252072  2355798 
 3831 22.25      78   78    85    34     3777    273     7    34    71   331    34      338  252079  2355832 
 3959 22.50      78   78   118    49     3896    154    10    48    81   378    49      387  252089  2355879 
 4000 22.67      78   78    38    16     3934    116     3    15    84   394    16      402  252092  2355895 
 4082 23.00      78   78    76    32     4009     41     7    31    91   425    32      434  252099  2355926 
 4127 23.44      77   77    41    18     4050      0     4    17    94   442    18      452  252102  2355943 
 4158 23.75      77   77    70    30     4079    -29     7    29    97   454    30      464  252105  2355955 
 4300 23.00      70   70   130    56     4209   -159    16    54   113   508    56      521  252121  2356009 
 4362 23.75      73   73    57    25     4266   -216     8    23   121   532    24      545  252129  2356033 
 4423 23.75      72   72    56    25     4322   -272     7    23   128   555    24      570  252136  2356056 
 4500 23.29      71   71    71    31     4393   -343    10    29   138   584    31      600  252146  2356085 
 4548 23.00      71   71    44    19     4437   -387     6    18   144   602    19      619  252152  2356103 
 4642 23.00      71   71    87    37     4523   -473    12    35   156   637    37      656  252164  2356138 
 4735 21.50      70   70    86    35     4609   -559    12    33   168   670    35      691  252176  2356171 
 4855 21.00      69   69   112    43     4721   -671    15    41   183   711    43      734  252191  2356212 
 4978 23.00      69   69   114    46     4835   -785    17    43   200   754    46      779  252208  2356255 
 5000 23.39      69   69    20     9     4855   -805     3     8   203   762     9      788  252211  2356263 
 5104 25.25      67   67    95    43     4950   -900    16    40   219   801    42      830  252227  2356302 
 5215 25.93      69   69   100    48     5050  -1000    18    44   237   846    47      877  252245  2356347 
 5227 26.00      69   69   111    53     5061  -1011    20    49   239   851    53      883  252247  2356352 
 5320 26.50      67   67    83    41     5145  -1095    15    38   254   889    41      923  252262  2356390 
 5383 26.25      69   69    56    28     5201  -1151    10    26   265   915    28      951  252273  2356416 
 5481 26.50      68   68    88    44     5289  -1239    16    41   281   955    43      994  252289  2356456 
 5500 26.58      68   68    17     8     5306  -1256     3     8   284   963     8     1002  252292  2356464 
 5606 27.00      66   66    95    48     5400  -1350    19    44   303  1007    47     1049  252311  2356508 
 5732 26.50      67   67   113    57     5513  -1463    23    52   325  1059    56     1105  252333  2356560 
 5865 24.50      67   67   120    57     5633  -1583    22    53   348  1112    56     1162  252356  2356613 
 5952 24.25      70   70    79    36     5712  -1662    13    33   361  1145    36     1197  252369  2356646 
 6000 25.00      69   69    44    20     5756  -1706     7    19   368  1164    20     1217  252376  2356665 
 6098 25.25      69   69    89    42     5845  -1795    15    39   383  1203    41     1258  252391  2356704 
 6200 25.25      70   70    92    44     5937  -1887    15    41   398  1244    43     1301  252406  2356745 
 6317 25.25      71   71   106    50     6043  -1993    17    47   415  1291    50     1351  252423  2356792 
 6325 25.23      71   71     7     3     6050  -2000     1     3   416  1294     3     1354  252424  2356795 
 6443 25.00      73   73   114    53     6157  -2107    17    51   431  1342    53     1404  252439  2356843 
 6500 25.00      72   72    52    24     6208  -2158     7    23   438  1364    24     1428  252446  2356865 
 6585 25.00      70   70    77    36     6285  -2235    12    34   450  1398    36     1464  252458  2356899 
 6709 24.25      70   70   113    52     6398  -2348    18    49   468  1447    51     1515  252476  2356948 
 6920 22.50      70   70   194    84     6592  -2542    29    79   496  1526    83     1598  252504  2357027 
 7000 21.57      72   72    74    30     6666  -2616    10    28   506  1554    30     1628  252514  2357055 
 7049 21.00      74   74    46    18     6712  -2662     5    17   511  1571    18     1646  252519  2357072 
 7089 21.00      74   74    37    14     6749  -2699     4    14   515  1585    14     1660  252523  2357086 
                                                                                                             
                                                                                                             
                                                                                                             
                                                                                                             
                                                                                                             
                                                                                                             
                                                                                                             
                                                                                                             
                                                                                                             
                                                                                                             
                                                                                                             
                                                                                                             
                                                                                                             
                                                                                                             
                                                                                                             
                                                                                                             
                                                                                                             
                                                                                                             
                                                                                                             
                                                                                                             
                                                                                                             
                                                                                                             
                                                                                                             
                                                                                                             
                                                                                                             
                                                                                                             
                                                                                                             
                                                                                                             
                                                                                                             
                                                                                                             
                                                                                                             
                                                                                                             
                                                                                                             
                                                                                                             
                                                                                                             
                                                                                                             
                                                                                                             
                                                                                                             
                                                                                                             
                                                                                                             
                                                                                                             
                                                                                                             
                                                                                                             
                                                                                                             
                                                                                                             
                                                                                                             
                                                                                                             
                                                                                                             
                                                                                                             
                                                                                                             
                                                                                                             
                                                                                                             
                                                                                                             
                                                                                                             
                                                                                                             
                                                                                                             
                                                                                                             
                                                                                                             
                                                                                                             
                                                                                                             
                                                                                                             
                                                                                                             
                                                                                                             
                                                                                                             
                                                                                                             
                                                                                                             
                                                                                                             
                                                                                                             
                                                                                                             
                                                                                                             
                                                                                                             
                                                                                                             
                                                                                                             
                                                                                                             
                                                                                                             
                                                                                                             
                                                                                                             
                                                                                                             
                                                                                                             
                                                                                                             
                                                                                                             
                                                                                                             
                                                                                                             
                                                                                                             
                                                                                                             
                                                                                                             
                                                                                                             
                                                                                                             
                                                                                                             
                                                                                                             
                                                                                                             
                                                                                                             
                                                                                                             
                                                                                                             
                                                                                                             
                                                                                                             
                                                                                                             
                                                                                                             
                                                                                                             
                                                                                                             
                                                                                                             
                                                                                                             
                                                                                                             
                                                                                                             
                                                                                                             
                                                                                                             
                                                                                                             
                                                                                                             
                                                                                                             
                                                                                                             
                                                                                                             
                                                                                                             
                                                                                                             
                                                                                                             
                                                                                                             
                                                                                                             
                                                                                                             
                                                                                                             
