      WELL DATA SUMMARY                                                                                                                                                                                                      
            
Well  NAVY II 23-17 
                         
Sec Az  255 S75W    
Elev   4150 KB      
CoordsNorth  253275 East              2356091 
                         Course               
  MD  Drift Drift D. AzimLength  DH     TVD     SSD    DNS   DEW   N-S   E-W  DSec   Sec    N-LAM E-LAM    
___________________________________________________________________________________________________________
                                                                                                                                                                                                                             
    0  0.00       0  120     0     0        0   4150     0     0     0     0     0      0  253275  2356091                                                                                                                   
  150  0.25      60  120   150     0      150   4000     0     0     0     0     0      0  253275  2356091                                                                                                                   
  307  1.00       5  355   157    -2      307   3843     1     1     1     2    -2     -2  253276  2356093                                                                                                                   
  365  1.00      39  321    58     1      365   3785     1     0     2     1     0     -2  253277  2356092 
  452  1.00      89  269   145     3      452   3698     2    -2     2     0     1      0  253277  2356091                                                                                                                   
  595  1.00      30  210   143     2      595   3555    -1    -2     1    -2     2      2  253276  2356089                                                                                                                   
  693  2.25      26  334    98     3      693   3457     0    -3     1    -5     3      5  253276  2356086                                                                                                                   
  818  1.50      48  312   125     4      818   3332     3    -2     5    -8     2      6  253280  2356083                                                                                                                   
  911  1.00      64  296    93     2      911   3239     1    -2     6    -9     1      7  253281  2356082                                                                                                                   
 1008  1.50      86  274    97     2     1008   3142     1    -2     6   -11     2      9  253281  2356080                                                                                                                   
 1150  1.29      81  279   142     3     1150   3000     0    -3     7   -15     3     12  253282  2356076 
 1181  1.25      80  280   173     4     1181   2969     1    -4     7   -15     4     13  253282  2356076                                                                                                                   
 1277  1.25      85  265    96     2     1277   2873     0    -2     7   -17     2     15  253282  2356074                                                                                                                   
 1402  1.00      55   55   125    -2     1402   2748     2    -1     9   -18     0     15  253284  2356073                                                                                                                   
 1496  0.25      40  220    94     1     1496   2654    -1     1     8   -18     0     15  253283  2356073                                                                                                                   
 1621  0.50       5  185   125     1     1621   2529    -1     0     8   -18     0     15  253283  2356073                                                                                                                   
 1746  0.75      67  113   125     1     1746   2404    -1     1     6   -17     0     15  253281  2356074                                                                                                                   
 1872  0.75       5  175   126     2     1872   2278    -1     1     5   -16    -1     14  253280  2356075                                                                                                                   
 1997  1.00      85   95   125     2     1997   2153    -1     1     4   -15    -1     13  253279  2356076                                                        2153        1872  1872     5   -16    14  0.00 
 2122  1.75      81   81   125     3     2122   2028     0     3     4   -12    -3     11  253279  2356079                                                                                                                   
 2150  1.75      81   85    28     1     2150   2000     0     1     4   -11    -1     10  253279  2356080 
 2247  1.75      80  100   125     4     2247   1903     0     4     4    -8    -4      7  253279  2356083                                                                                                                   
 2337  2.00      73  107    90     3     2337   1813    -1     3     3    -5    -3      4  253278  2356086                                                                                                                   
 2432  2.75      63  117    95     4     2431   1719    -1     4     2    -2    -3      1  253277  2356089                                                                                                                   
 2525  2.25      49  131    93     4     2524   1626    -2     3    -1     2    -3     -2  253274  2356093                                                                                                                   
 2619  2.00      72  108    94     3     2618   1532    -2     3    -2     5    -2     -4  253273  2356096                                                                                                                   
 2765  2.00      73  107   146     5     2764   1386    -2     5    -4    10    -4     -8  253271  2356101                                                                                                                   
 2867  2.00      83   97   102     4     2866   1284    -1     3    -5    13    -3    -12  253270  2356104                                                                                                                   
 2932  2.00      69  111    65     2     2931   1219    -1     2    -5    15    -2    -13  253270  2356106                                                                                                                   
 3025  2.00      64  116    93     3     3024   1126    -1     3    -6    18    -3    -16  253269  2356109                                                                                                                   
 3119  2.25      63  117    94     3     3118   1032    -2     3    -8    21    -3    -19  253267  2356112                                                                                                                   
 3151  2.39      58  122    32     1     3150   1000    -1     1    -9    23    -1    -20  253266  2356114 
 3231  2.75      47  133   112     5     3230    920    -3     4   -11    25    -3    -22  253264  2356116                                                                                                                   
 3324  3.00      46  134    93     5     3323    827    -3     3   -14    29    -2    -24  253261  2356120                                                                                                                   
 3419  2.50      58  122    95     5     3418    732    -3     4   -17    32    -3    -27  253258  2356123                                                                                                                   
 3513  2.25      77  103    94     4     3512    638    -1     4   -18    36    -3    -30  253257  2356127                                                                                                                   
 3606  2.50      35  145    93     4     3604    546    -2     3   -20    39    -3    -33  253255  2356130                                                                                                                   
 3673  2.25      24  156    67     3     3671    479    -2     1   -23    41    -1    -33  253252  2356132                                                                                                                   
 3735  3.75      13  167    62     3     3733    417    -3     1   -26    42     0    -33  253249  2356133                                                                                                                   
 3767  4.00     180  180    32     2     3765    385    -2     0   -28    42     0    -33  253247  2356133                                                                                                                   
 3799  4.00      11  191    32     2     3797    353    -2     0   -30    42     1    -32  253245  2356133                                                             /ma111..ak200~a115~           CCCCCC{GOTO}a1~/fcceinsert1~  
 3830  3.75      15  195    31     2     3828    322    -2     0   -32    41     1    -31  253243  2356132                                                                                                                   
 3862  3.75      24  204    32     2     3860    290    -2    -1   -34    40     1    -30  253241  2356131                                                                                                                   
 3895  4.00      38  218    33     2     3893    257    -2    -1   -36    39     2    -29  253239  2356130                                                                                                                   
 3958  4.75      57  237    63     5     3956    194    -3    -4   -39    36     4    -24  253236  2356127                                                                                                                   
 3990  5.00      64  244    32     3     3988    162    -1    -2   -41    33     3    -22  253234  2356124                                                                                                                   
 4067  5.50      53  233    77     7     4064     86    -4    -6   -45    27     7    -15  253230  2356118                                                                                                                   
 4153  5.95      52  232    86     9     4150      0    -5    -7   -50    21     8     -7  253225  2356112 
 4162  6.00      52  232    95    10     4159     -9    -6    -8   -50    20     9     -6  253225  2356111                                                                                                                   
 4259  6.75      50  230    96    11     4255   -105    -7    -8   -57    11    10      4  253218  2356102                                                                                                                   
 4340  7.50      48  228    80    10     4336   -186    -7    -8   -64     4     9     13  253211  2356095                                                                                                                   
 4370  8.25      50  230    30     4     4365   -215    -3    -3   -66     1     4     16  253209  2356092                                                                                                                   
 4402  8.75      53  233    32     5     4397   -247    -3    -4   -69    -3     4     21  253206  2356088                                                                                                                   
 4434  9.25      57  237    32     5     4429   -279    -3    -4   -72    -7     5     25  253203  2356084                                                                                                                   
 4464  9.25      61  241    30     5     4458   -308    -2    -4   -75   -11     5     30  253200  2356080                                                                                                                   
 4496  9.00      65  245    32     5     4490   -340    -2    -5   -77   -16     5     35  253198  2356075                                                                                                                   
 4529  9.50      69  249    33     5     4522   -372    -2    -5   -79   -21     5     40  253196  2356070                                                                                                                   
 4559  9.50      73  253    30     5     4552   -402    -2    -5   -81   -25     5     45  253194  2356066                                                                                                                   
 4590 10.00      72  252    31     5     4583   -433    -2    -5   -82   -30     5     50  253193  2356061                                                                                                                   
 4623 11.00      72  252    32     6     4615   -465    -2    -6   -84   -36     6     56  253191  2356055                                                                                                                   
 4719 12.00      84  264    94    19     4709   -559    -4   -19   -88   -55    19     76  253187  2356036                                                                                                                   
 4814 13.75      85  265    93    21     4802   -652    -2   -21   -90   -76    21     96  253185  2356015                                                                                                                   
 4903 15.00      85  265    86    22     4888   -738    -2   -22   -92   -98    22    118  253183  2355993                                                                                                                   
 5003 16.75      84  264    96    27     4984   -834    -3   -27   -95  -125    27    145  253180  2355966                                                                                                                   
 5126 18.00      83  263   117    37     5101   -951    -4   -36   -99  -161    36    182  253176  2355930                                                                                                                   
 5177 17.86      81  261    49    16     5150  -1000    -2   -16  -101  -177    16    197  253174  2355914 
 5220 17.75      80  260    89    29     5191  -1041    -4   -29  -103  -190    29    210  253172  2355901                                                                                                                   
 5282 17.75      81  261    59    19     5250  -1100    -3   -19  -106  -209    19    229  253169  2355882                                                                                                                   
 5378 17.25      78  258    92    29     5342  -1192    -5   -28  -111  -237    29    258  253164  2355854                                                                                                                   
 5442 17.50      79  259    61    19     5403  -1253    -4   -19  -115  -256    19    277  253160  2355835                                                                                                                   
 5442 17.50      79  259     0     0     5403  -1253     0     0  -115  -256     0    277  253160  2355835                                                                                                                   
 5538 17.00      81  261    92    28     5494  -1344    -5   -28  -120  -284    28    305  253155  2355807                                                                                                                   
 5633 16.00      77  257    91    27     5585  -1435    -5   -26  -125  -310    27    332  253150  2355781                                                                                                                   
 5697 16.00      78  258    62    18     5647  -1497    -4   -17  -129  -328    18    350  253146  2355763                                                                                                                   
 5760 16.25      75  255    61    17     5707  -1557    -4   -17  -133  -345    17    367  253142  2355746                                                                                                                   
 5820 16.25      76  256    58    17     5765  -1615    -4   -16  -137  -361    17    384  253138  2355730                                                                                                                   
 5914 16.25      73  253    90    26     5855  -1705    -7   -25  -144  -386    26    410  253131  2355705                                                                                                                   
 6008 16.00      74  254    90    26     5946  -1796    -7   -25  -152  -411    26    436  253123  2355680                                                                                                                   
 6071 17.00      74  254    60    18     6006  -1856    -5   -17  -157  -428    18    454  253118  2355663                                                                                                                   
 6135 17.25      78  258    61    19     6067  -1917    -5   -18  -161  -447    19    473  253114  2355644                                                                                                                   
 6198 18.25      74  254    60    19     6127  -1977    -5   -19  -166  -465    19    492  253109  2355626                                                                                                                   
 6222 18.49      73  253    23     8     6150  -2000    -2    -7  -168  -473     8    500  253107  2355618 
 6248 18.75      71  251    47    16     6175  -2025    -5   -15  -171  -480    16    508  253104  2355611                                                                                                                   
 6312 18.75      71  251    61    21     6235  -2085    -7   -19  -178  -500    21    529  253097  2355591                                                                                                                   
 6408 18.00      70  250    91    30     6326  -2176   -10   -29  -188  -528    30    559  253087  2355563                                                                                                                   
 6471 18.00      70  250    60    19     6386  -2236    -7   -18  -194  -547    19    578  253081  2355544                                                                                                                   
 6525 18.25      70  250    51    17     6437  -2287    -6   -16  -200  -562    17    595  253075  2355529                                                                                                                   
 6550 18.00      72  252    24     8     6461  -2311    -3    -7  -203  -570     8    603  253072  2355521                                                                                                                   
 6583 18.00      74  254    31    10     6493  -2343    -3   -10  -206  -580    10    613  253069  2355511                                                                                                                   
 6651 17.25      72  252    65    21     6557  -2407    -6   -20  -212  -599    21    634  253063  2355492                                                                                                                   
 6715 16.75      71  251    61    19     6619  -2469    -6   -18  -217  -617    19    652  253058  2355474                                                                                                                   
 6756 16.75      73  253    39    12     6658  -2508    -4   -11  -221  -628    12    664  253054  2355463                                                                                                                   
 6788 16.50      77  257    31     9     6689  -2539    -2    -9  -224  -637     9    673  253051  2355454                                                                                                                   
 6850 17.50      79  259    59    18     6748  -2598    -4   -18  -227  -655    18    691  253048  2355436                                                                                                                   
 6978 17.75      77  257   122    39     6870  -2720    -8   -38  -235  -693    39    730  253040  2355398                                                                                                                   
 7072 17.75      76  256    90    29     6959  -2809    -7   -28  -242  -721    29    759  253033  2355370                                                                                                                   
 7201 17.00      74  254   123    39     7082  -2932   -10   -37  -252  -758    39    797  253023  2355333                                                                                                                   
 7272 16.63      73  253    68    21     7150  -3000    -6   -20  -258  -778    21    818  253017  2355313 
 7297 16.50      73  253    92    28     7174  -3024    -8   -27  -260  -784    28    825  253015  2355307                                                                                                                   
 7405 16.25      72  252   104    30     7278  -3128    -9   -29  -269  -813    30    855  253006  2355278                                                                                                                   
 7460 16.38      72  252    53    15     7331  -3181    -5   -15  -274  -828    15    871  253001  2355263 
 7580 16.68      71  251   115    34     7446  -3296   -11   -32  -285  -860    34    905  252990  2355231 
 7800 17.50      77  257   210    65     7656  -3506   -18   -62  -302  -923    65    969  252973  2355168 
 8190 18.50      81  261   371   121     8027  -3877   -23  -118  -325 -1041   120   1090  252950  2355050 
 8320 18.76      78  258   123    42     8150  -4000    -8   -41  -333 -1082    41   1131  252942  2355009 
 8943 20.00      64  244   588   207     8738  -4588   -67  -196  -400 -1277   206   1337  252875  2354814                                                                                                                   
 8985 20.00      64  244    39    14     8777  -4627    -6   -13  -407 -1290    14   1351  252868  2354801                                                                                                                   
