      WELL DATA SUMMARY                                                                                      
            
Well  NAVY I 16-8   
                         
Sec Az    0 STRAIGHT HOLE             (ASSUME)
Elev   4386 KB      
CoordsNorth  256640 East              2355319 
                         Course               
  MD  Drift Drift D. AzimLength  DH     TVD     SSD    DNS   DEW   N-S   E-W  DSec    Sec     N-LAM E-LAM    
_____________________________________________________________________________________________________________
                                                                                                             
    0  0.00       0    0                        4386     0     0     0     0     0        0  256640  2355319 
  250  0.00       0    0   250     0      250   4136     0     0     0     0     0        0  256640  2355319 
  386  0.00       0    0   136     0      386   4000     0     0     0     0     0        0  256640  2355319 
  500  0.00       0    0   250     0      500   3886     0     0     0     0     0        0  256640  2355319 
  750  0.00       0    0   250     0      750   3636     0     0     0     0     0        0  256640  2355319 
 1000  0.00       0    0   250     0     1000   3386     0     0     0     0     0        0  256640  2355319 
 1041  0.00       0    0    41     0     1041   3345     0     0     0     0     0        0  256640  2355319 
 1210  0.00       0    0   169     0     1210   3176     0     0     0     0     0        0  256640  2355319 
 1250  0.00       0    0    40     0     1250   3136     0     0     0     0     0        0  256640  2355319 
 1323  0.00       0    0    73     0     1323   3063     0     0     0     0     0        0  256640  2355319 
 1386  0.00       0    0    63     0     1386   3000     0     0     0     0     0        0  256640  2355319 
 1500  0.00       0    0   177     0     1500   2886     0     0     0     0     0        0  256640  2355319 
 1540  0.00       0    0    40     0     1540   2846     0     0     0     0     0        0  256640  2355319 
 1630  0.00       0    0    90     0     1630   2756     0     0     0     0     0        0  256640  2355319 
 1670  0.00       0    0    40     0     1670   2716     0     0     0     0     0        0  256640  2355319 
 1750  0.00       0    0    80     0     1750   2636     0     0     0     0     0        0  256640  2355319 
 1802  0.00       0    0    52     0     1802   2584     0     0     0     0     0        0  256640  2355319 
 1945  0.00       0    0   143     0     1945   2441     0     0     0     0     0        0  256640  2355319 
 2000  0.00       0    0    55     0     2000   2386     0     0     0     0     0        0  256640  2355319 
 2075  0.00       0    0    75     0     2075   2311     0     0     0     0     0        0  256640  2355319 
 2090  0.00       0    0    15     0     2090   2296     0     0     0     0     0        0  256640  2355319 
 2095  0.00       0    0     5     0     2095   2291     0     0     0     0     0        0  256640  2355319 
 2110  0.00       0    0    15     0     2110   2276     0     0     0     0     0        0  256640  2355319 
 2173  0.00       0    0    63     0     2173   2213     0     0     0     0     0        0  256640  2355319 
 2178  0.00       0    0     5     0     2178   2208     0     0     0     0     0        0  256640  2355319 
 2195  0.00       0    0    17     0     2195   2191     0     0     0     0     0        0  256640  2355319 
 2204  0.00       0    0     9     0     2204   2182     0     0     0     0     0        0  256640  2355319 
 2207  0.00       0    0     3     0     2207   2179     0     0     0     0     0        0  256640  2355319 
 2250  0.00       0    0    43     0     2250   2136     0     0     0     0     0        0  256640  2355319 
 2386  0.00       0    0   136     0     2386   2000     0     0     0     0     0        0  256640  2355319 
 2500  0.00       0    0   250     0     2500   1886     0     0     0     0     0        0  256640  2355319 
 2523  0.00       0    0    23     0     2523   1863     0     0     0     0     0        0  256640  2355319 
 2678  0.00       0    0   155     0     2678   1708     0     0     0     0     0        0  256640  2355319 
 2718  0.00       0    0    40     0     2718   1668     0     0     0     0     0        0  256640  2355319 
                                                                                                             
                                                                                                             
                                                                                                             
                                                                                                             
                                                                                                             
                                                                                                             
                                                                                                             
                                                                                                             
                                                                                                             
                                                                                                             
                                                                                                             
                                                                                                             
                                                                                                             
                                                                                                             
                                                                                                             
                                                                                                             
                                                                                                             
                                                                                                             
                                                                                                             
                                                                                                             
                                                                                                             
                                                                                                             
                                                                                                             
                                                                                                             
                                                                                                             
                                                                                                             
                                                                                                             
                                                                                                             
                                                                                                             
                                                                                                             
                                                                                                             
                                                                                                             
                                                                                                             
                                                                                                             
                                                                                                             
                                                                                                             
                                                                                                             
                                                                                                             
                                                                                                             
                                                                                                             
                                                                                                             
                                                                                                             
                                                                                                             
                                                                                                             
                                                                                                             
                                                                                                             
                                                                                                             
                                                                                                             
                                                                                                             
                                                                                                             
                                                                                                             
                                                                                                             
                                                                                                             
                                                                                                             
                                                                                                             
                                                                                                             
                                                                                                             
                                                                                                             
                                                                                                             
                                                                                                             
                                                                                                             
                                                                                                             
                                                                                                             
                                                                                                             
                                                                                                             
                                                                                                             
                                                                                                             
                                                                                                             
                                                                                                             
                                                                                                             
                                                                                                             
                                                                                                             
                                                                                                             
                                                                                                             
                                                                                                             
                                                                                                             
                                                                                                             
                                                                                                             
                                                                                                             
                                                                                                             
                                                                                                             
                                                                                                             
                                                                                                             
                                                                                                             
                                                                                                             
                                                                                                             
                                                                                                             
                                                                                                             
                                                                                                             
                                                                                                             
                                                                                                             
                                                                                                             
                                                                                                             
                                                                                                             
                                                                                                             
                                                                                                             
                                                                                                             
                                                                                                             
                                                                                                             
                                                                                                             
                                                                                                             
                                                                                                             
                                                                                                             
                                                                                                             
                                                                                                             
                                                                                                             
                                                                                                             
                                                                                                             
                                                                                                             
                                                                                                             
                                                                                                             
                                                                                                             
                                                                                                             
                                                                                                             
                                                                                                             
                                                                                                             
                                                                                                             
                                                                                                             
                                                                                                             
                                                                                                             
                                                                                                             
                                                                                                             
                                                                                                             
                                                                                                             
                                                                                                             
                                                                                                             
                                                                                                             
                                                                                                             
                                                                                                             
                                                                                                             
                                                                                                             
                                                                                                             
                                                                                                             
                                                                                                             
                                                                                                             
                                                                                                             
                                                                                                             
                                                                                                             
                                                                                                             
                                                                                                             
                                                                                                             
                                                                                                             
                                                                                                             
                                                                                                             
                                                                                                             
                                                                                                             
                                                                                                             
                                                                                                             
                                                                                                             
                                                                                                             
                                                                                                             
                                                                                                             
                                                                                                             
                                                                                                             
                                                                                                             
                                                                                                             
