      WELL DATA SUMMARY                                                                                                                                                                                                      
            
Well  NAVY I  34-10TCH   
                         
Sec Az              
Elev   3597 KB      
CoordsNorth  257892 East              2367306 
                         Course               
  MD  Drift Drift D. AzimLength  DH     TVD     SSD    DNS   DEW   N-S   E-W  DSec   Sec    N-LAM E-LAM    
___________________________________________________________________________________________________________
                                                                                                                                                                                                                             
    0  0.00       0    0     0     0        0   3597     0     0     0     0     0      0  257892  2367306                                                                                                                   
   97  0.00       0    0    97     0       97   3500     0     0     0     0     0      0  257892  2367306 
  360  0.00       0    0   263     0      360   3237     0     0     0     0     0      0  257892  2367306 
  597  0.00       0    0   500     0      597   3000     0     0     0     0     0      0  257892  2367306 
 1060  0.00       0    0   463     0     1060   2537     0     0     0     0     0      0  257892  2367306 
 1088  0.00       0    0    28     0     1088   2509     0     0     0     0     0      0  257892  2367306 
 1097  0.00       0    0   500     0     1097   2500     0     0     0     0     0      0  257892  2367306 
 1597  0.00       0    0  1000     0     1597   2000     0     0     0     0     0      0  257892  2367306 
 2097  0.00       0    0   500     0     2097   1500     0     0     0     0     0      0  257892  2367306 
 2597  0.00       0    0   500     0     2597   1000     0     0     0     0     0      0  257892  2367306 
 3097  0.00       0    0   500     0     3097    500     0     0     0     0     0      0  257892  2367306 
 3597  0.00       0    0   500     0     3597      0     0     0     0     0     0      0  257892  2367306 
 3670  0.00       0    0    73     0     3670    -73     0     0     0     0     0      0  257892  2367306 
 3698  0.00       0    0    28     0     3698   -101     0     0     0     0     0      0  257892  2367306 
 3844  0.00       0    0   146     0     3844   -247     0     0     0     0     0      0  257892  2367306 
 3856  0.00       0    0  3856     0     3856   -259     0     0     0     0     0      0  257892  2367306                                                                                                                   
 
