1987 12 21 19 19  9.020 2.020 35.48108  -118.34578  4.45000  0.00000      0.88721
1987 12 22  1 14 25.470 1.500 35.48087  -118.34576  4.50500  0.05986      1.13403
1987 12 22  3  4  7.420 1.500 35.48061  -118.34605  4.48800  0.06872      1.21021
1987 12 22  7 31 31.590 2.120 35.48112  -118.34576  4.47200  0.02267      1.39575
1987 12 22 12 25 17.990 1.480 35.48040  -118.34613  4.49400  0.09295      1.59985
1987 12 22 12 59 35.550 1.300 35.48026  -118.34627  4.48300  0.10657      1.62378
1987 12 22 14 47 54.960 1.670 35.48015  -118.34602  4.41200  0.11234      1.69897
1987 12 22 19 23  3.690 1.900 35.48080  -118.34556  4.40000  0.06230      1.88989
1987 12 23  8 52 59.770 1.400 35.47998  -118.34659  4.48600  0.14656      2.45239
1987 12 23  9 48 42.030 1.300 35.48043  -118.34631  4.46600  0.08814      2.49121
1987 12 23 11  2  3.230 1.400 35.48078  -118.34550  4.42200  0.05081      2.54199
1987 12 23 15 27 46.800 1.890 35.48086  -118.34593  4.53100  0.08563      2.72656
1987 12 23 15 32 57.310 1.500 35.48046  -118.34619  4.48200  0.08451      2.73022
1987 12 23 15 40 15.480 1.300 35.48128  -118.34642  4.42400  0.06708      2.73535
1987 12 23 22 27 53.620 1.600 35.48090  -118.34606  4.54600  0.10130      3.01831
1987 12 23 23 45 48.050 1.400 35.48068  -118.34540  4.45600  0.05717      3.07251
1987 12 24  0 31 31.610 1.200 35.48173  -118.34495  4.40900  0.11288      3.10425
1987 12 24  1 41 49.240 1.040 35.48195  -118.34488  4.44200  0.12704      3.15308
1987 12 24  2 50 57.650 1.200 35.48187  -118.34458  4.50200  0.14950      3.20093
1987 12 24  4 10  7.960 2.210 35.48174  -118.34533  4.43200  0.08585      3.25586
1987 12 24  4 26 28.580 2.480 35.48238  -118.34501  4.48700  0.16493      3.26733
1987 12 24  4 38 53.230 1.500 35.48233  -118.34447  4.45400  0.18305      3.27588
1987 12 24  6 16 47.060 1.200 35.48259  -118.34406  4.66100  0.31169      3.34399
1987 12 24  6 22 37.600 1.500 35.48231  -118.34467  4.52600  0.18615      3.34790
1987 12 24  7  4 12.030 1.810 35.48165  -118.34537  4.42000  0.07987      3.37695
1987 12 24  8 22 40.550 1.200 35.48274  -118.34403  4.58900  0.27987      3.43140
1987 12 24  8 34 54.010 1.000 35.48198  -118.34481  4.45700  0.13339      3.43994
1987 12 24  8 40 28.880 1.500 35.48156  -118.34543  4.49200  0.07524      3.44360
1987 12 24  9 23 42.160 1.690 35.48030  -118.34621  4.44800  0.09469      3.47363
1987 12 24 13 35 41.150 1.300 35.48040  -118.34633  4.68300  0.24980      3.64868
1987 12 24 14 13 13.360 1.010 35.48118  -118.34524  4.34400  0.11763      3.67480
1987 12 24 15 48 46.800 1.400 35.48166  -118.34456  4.39400  0.14030      3.74121
1987 12 24 16 12  2.240 3.250 35.48112  -118.34566  4.47300  0.02623      3.75732
1987 12 24 16 18 10.710 1.800 35.48155  -118.34547  4.59000  0.15201      3.76147
1987 12 24 16 24 13.650 1.400 35.48096  -118.34545  4.32000  0.13413      3.76587
1987 12 24 16 27  2.960 1.400 35.48053  -118.34611  4.63100  0.19332      3.76782
1987 12 24 16 37 49.730 1.700 35.47998  -118.34630  4.46500  0.13184      3.77515
1987 12 24 16 46 35.850 1.700 35.48056  -118.34607  4.58300  0.14725      3.78125
1987 12 24 17 27 42.720 1.400 35.47966  -118.34638  4.50000  0.17417      3.80981
1987 12 24 17 52 50.200 1.000 35.48140  -118.34506  4.21700  0.24462      3.82739
1987 12 24 18 53 48.210 1.000 35.48044  -118.34608  4.47400  0.07971      3.86963
1987 12 24 21  8 37.870 1.600 35.48031  -118.34629  4.69400  0.26265      3.96338
1987 12 24 23 46 47.050 1.400 35.48004  -118.34658  4.66800  0.25706      4.07300
1987 12 24 23 47 10.880 1.300 35.48022  -118.34640  4.62800  0.20951      4.07349
1987 12 25  0 32 22.030 2.370 35.48190  -118.34547  4.66600  0.23612      4.10474
1987 12 25  0 45  5.320 1.000 35.48028  -118.34589  4.40400  0.10024      4.11353
1987 12 25  1  9 25.810 1.400 35.48131  -118.34619  4.82400  0.37673      4.13037
1987 12 25  1  9 36.180 1.800 35.48122  -118.34608  4.78900  0.34038      4.13062
1987 12 25  1 10 29.950 2.110 35.48140  -118.34599  4.69200  0.24531      4.13135
1987 12 25  1 18 22.350 1.400 35.47953  -118.34599  4.31100  0.22220      4.13672
1987 12 25  4  7 33.330 1.400 35.47969  -118.34700  4.45100  0.18990      4.25415
1987 12 25  4 41 57.910 1.000 35.48036  -118.34650  4.44500  0.10311      4.27808
1987 12 25  5 25  8.800 1.400 35.48003  -118.34675  4.54100  0.17162      4.30811
1987 12 25  7 43 22.720 1.100 35.48161  -118.34467  4.31100  0.18138      4.40405
1987 12 25  8  4  3.900 1.200 35.47963  -118.34669  4.51100  0.19103      4.41846
1987 12 25  8  4  8.480 1.000 35.47977  -118.34627  4.46800  0.15306      4.41846
1987 12 25  8  5 13.060 1.600 35.48016  -118.34602  4.41900  0.10903      4.41919
1987 12 25  8  8 14.170 1.700 35.48025  -118.34633  4.48200  0.10899      4.42139
1987 12 25  8  9 20.330 1.470 35.48088  -118.34625  4.49800  0.06753      4.42212
1987 12 25  9 59  6.780 1.300 35.47997  -118.34628  4.60700  0.20476      4.49829
1987 12 25 10 15 16.290 1.600 35.48116  -118.34601  4.75800  0.30881      4.50952
1987 12 25 10 39 39.690 1.000 35.48002  -118.34607  4.17000  0.30488      4.52637
1987 12 25 11 29 16.890 1.600 35.48055  -118.34542  4.20800  0.25131      4.56104
1987 12 25 12 15 16.930 1.700 35.48004  -118.34608  4.39100  0.13233      4.59277
1987 12 25 15 28 52.640 1.200 35.47981  -118.34689  4.34400  0.20331      4.72729
1987 12 25 15 29 12.340 1.500 35.48003  -118.34684  4.64600  0.24737      4.72754
1987 12 25 15 50  2.080 1.000 35.47899  -118.34715  4.53000  0.27532      4.74194
1987 12 25 15 50 30.480 1.000 35.48016  -118.34732  4.16100  0.33647      4.74243
1987 12 25 17 49  1.060 1.000 35.47919  -118.34768  4.74800  0.40302      4.82471
1987 12 25 18 46 38.390 1.400 35.48019  -118.34631  4.39400  0.12330      4.86475
1987 12 25 18 47 37.870 1.400 35.47944  -118.34674  4.32900  0.23549      4.86523
1987 12 25 18 47 52.050 1.100 35.47926  -118.34686  4.39800  0.23066      4.86548
1987 12 25 19 28 26.210 1.700 35.48035  -118.34690  4.73600  0.31382      4.89380
1987 12 26  4 46  3.360 2.380 35.47977  -118.34663  4.61300  0.23140      5.28101
1987 12 26  4 47  6.830 1.000 35.48039  -118.34589  4.41900  0.08338      5.28174
1987 12 26  4 47  9.610 1.000 35.48072  -118.34605  4.63500  0.19073      5.28174
1987 12 26  4 49 50.830 1.820 35.48043  -118.34681  4.73200  0.30554      5.28345
1987 12 26  6 30 58.560 1.000 35.47984  -118.34647  4.49300  0.15742      5.35376
1987 12 26  6 43 43.640 1.600 35.47992  -118.34626  4.43700  0.13673      5.36255
1987 12 26  6 54 20.160 1.300 35.47892  -118.34727  4.56500  0.29806      5.37012
1987 12 26  7 53 22.240 1.600 35.48009  -118.34659  4.54500  0.16223      5.41089
1987 12 26  9  7 19.400 1.400 35.47992  -118.34580  4.42500  0.13156      5.46240
1987 12 26  9 40  7.470 1.600 35.48241  -118.34533  4.62100  0.22981      5.48511
1987 12 26  9 46 54.490 1.630 35.48209  -118.34459  4.19900  0.29557      5.48975
1987 12 26  9 47 21.450 1.000 35.48166  -118.34456  4.33800  0.17056      5.49023
1987 12 26  9 51  6.460 2.060 35.48016  -118.34656  4.64100  0.22779      5.49268
1987 12 26  9 56 56.800 1.100 35.47923  -118.34708  4.56800  0.26460      5.49683
1987 12 26 13 35 15.030 1.400 35.48124  -118.34563  4.60700  0.15869      5.64844
1987 12 26 17  2 43.910 1.400 35.48028  -118.34634  4.89300  0.45451      5.79248
1987 12 26 22 45 36.070 1.400 35.48038  -118.34705  4.66500  0.25599      6.03052
1987 12 27  3 42  7.480 1.300 35.48027  -118.34646  4.59300  0.17953      6.23657
1987 12 27 19 59 25.450 1.000 35.48200  -118.34447  4.29900  0.21774      6.91528
1987 12 27 22 46 20.680 1.500 35.48279  -118.34525  4.73400  0.34527      7.03101
1987 12 27 23 45 14.850 2.040 35.48271  -118.34542  4.80700  0.40182      7.07202
1987 12 27 23 45 48.270 2.150 35.48304  -118.34493  4.72700  0.36085      7.07251
1987 12 27 23 46 10.190 1.600 35.48277  -118.34504  4.66000  0.28963      7.07275
1987 12 28  0  6 59.610 1.300 35.48280  -118.34499  4.74700  0.36033      7.08716
1987 12 28  0 31 39.520 1.300 35.48217  -118.34573  4.70500  0.28244      7.10425
1987 12 28  6 56 42.630 1.600 35.48123  -118.34505  4.84200  0.39794      7.37158
1987 12 28 23 53 50.340 1.600 35.48019  -118.34645  4.61300  0.20003      8.07788
1987 12 29  2 34 40.360 1.000 35.47920  -118.34713  4.53600  0.25705      8.18970
1987 12 29  2 58 50.090 2.200 35.47934  -118.34650  4.49700  0.20939      8.20654
1987 12 29 10 22 59.460 1.300 35.48138  -118.34581  4.58500  0.13910      8.51489
1987 12 30 13 43 35.730 1.000 35.48161  -118.34580  4.60300  0.16394      9.65430
1987 12 30 16 14 59.790 1.000 35.48046  -118.34573  4.34200  0.12817      9.75928
