1984 11 22 17 39 41.800 1.000 34.03620  -117.54228  2.96200  0.00000      0.76141
1984 11 22 21  3 31.050 1.930 34.03616  -117.54235  3.01000  0.04858      0.90302
1984 11 22 21 11 52.890 1.490 34.03550  -117.54183  2.96900  0.08897      0.90887
1984 11 22 21 15 49.280 1.520 34.03513  -117.54168  2.87500  0.15768      0.91156
1984 11 22 23 16 43.960 1.000 34.03656  -117.54309  3.02900  0.10762      0.99554
1984 11 23  0 48 22.890 2.230 34.03498  -117.54189  3.04300  0.16215      1.05914
1984 11 23  0 49 40.450 1.110 34.03480  -117.54121  3.05200  0.20563      1.06012
1984 11 23  3 25 26.230 1.890 34.03573  -117.54205  2.95800  0.05708      1.16827
1984 11 23  3 26  6.240 1.000 34.03540  -117.54202  2.94000  0.09498      1.16876
1984 11 23  3 38 16.240 1.840 34.03520  -117.54178  2.90400  0.13420      1.17719
1984 11 23  3 42 38.150 1.370 34.03674  -117.54310  3.03800  0.12251      1.18024
1984 11 23  3 51  2.750 1.590 34.03437  -117.54169  2.78000  0.27871      1.18597
1984 11 23  4  3 40.040 1.550 34.03455  -117.54151  2.71300  0.31747      1.19476
1984 11 23  4  3 54.740 2.210 34.03442  -117.54129  2.92600  0.22119      1.19501
1984 11 23  4 40 19.750 1.120 34.03662  -117.54271  3.04700  0.10452      1.22028
1984 11 23 11  5 47.550 1.720 34.03564  -117.54295  3.12500  0.18501      1.48798
1984 11 23 20 40 18.200 2.040 34.03479  -117.54237  3.13300  0.23226      1.88690
1984 11 23 22 30 15.820 1.570 34.03522  -117.54176  2.91300  0.12884      1.96320
1984 11 23 22 30 33.030 2.410 34.03278  -117.54026  2.87300  0.43311      1.96344
1984 11 23 23  0 24.290 2.380 34.03278  -117.54035  2.82200  0.44318      1.98419
1984 11 23 23 33  6.430 1.400 34.03236  -117.54029  2.38900  0.73795      2.00690
1984 11 23 23 47 46.610 2.160 34.03415  -117.54195  3.17100  0.31107      2.01703
1984 11 24  1 41 53.620 1.910 34.03182  -117.53988  2.87800  0.54191      2.09637
1984 11 24  2 17 37.600 1.360 34.03469  -117.54292  3.15200  0.26028      2.12115
1984 11 24  4 12 27.360 1.420 34.03125  -117.53979  2.77300  0.62604      2.20087
1984 11 24  4 21 33.940 1.960 34.03571  -117.54197  2.98300  0.06550      2.20721
1984 11 24  4 47  0.160 1.940 34.03439  -117.54160  2.67800  0.35391      2.22491
1984 11 24  5  7 32.390 1.200 34.03499  -117.54344  3.22800  0.31672      2.23920
1984 11 24  6  1 21.360 2.300 34.03150  -117.53983  2.84400  0.58179      2.27655
1984 11 24  7 40 47.940 1.080 34.03441  -117.54332  3.16800  0.30198      2.34552
1984 11 24  8 21  1.060 1.000 34.03099  -117.54061  2.70400  0.65270      2.37347
1984 11 24 10 45 25.490 1.780 34.03546  -117.54350  3.10900  0.20246      2.47382
1984 11 24 11 22 53.080 1.300 34.03493  -117.54264  3.15100  0.23820      2.49982
1984 11 24 11 23 17.430 1.000 34.03482  -117.54278  3.16000  0.25457      2.50006
1984 11 24 13 56 49.350 1.750 34.03682  -117.54317  3.06800  0.15004      2.60675
1984 11 24 13 57 35.290 1.820 34.03728  -117.54363  3.08600  0.21257      2.60724
1984 11 24 19 39 35.050 1.200 34.03473  -117.54206  2.69700  0.31222      2.84479
1984 11 24 19 42 38.250 2.160 34.03574  -117.54233  2.76500  0.20360      2.84686
1984 11 24 20 21 18.450 2.190 34.03392  -117.54118  2.73700  0.35396      2.87372
1984 11 24 20 56 54.810 2.210 34.03572  -117.54306  3.10200  0.16595      2.89838
1984 11 24 21  5  5.310 1.100 34.03469  -117.54258  2.82900  0.21599      2.90411
1984 11 25  3 28 51.410 1.450 34.03227  -117.54023  2.62500  0.58366      3.17059
1984 11 25  5 44 52.190 1.380 34.03421  -117.54160  2.57100  0.45381      3.26508
1984 11 25  7 55 56.130 1.960 34.03226  -117.54034  2.62900  0.57899      3.35614
1984 11 25  8 31 35.020 1.200 34.03588  -117.54317  2.44200  0.52748      3.38080
1984 11 25 18 10 14.310 1.200 34.03505  -117.54356  3.17600  0.27560      3.78265
1984 11 26 12 57 46.350 1.100 34.03749  -117.54389  3.13900  0.27131      4.56573
1984 11 27  6 50  3.950 1.700 34.03618  -117.54225  2.45900  0.50302      5.31036
1984 11 27 10 45 55.880 1.200 34.03439  -117.54321  3.12300  0.27149      5.47418
1984 11 27 12 23 11.150 1.100 34.03297  -117.54155  3.17200  0.42181      5.54169
1984 11 27 13  9 43.900 1.610 34.03218  -117.54098  3.23400  0.53710      5.57404
1984 11 27 13 11 37.760 1.200 34.03199  -117.54109  3.19000  0.53238      5.57526
1984 11 27 18 31  9.620 1.740 34.03256  -117.54066  3.12400  0.46142      5.79718
1984 11 27 22 37 46.260 2.580 34.03171  -117.54032  3.20900  0.58559      5.96844
1984 11 27 22 53 42.270 1.880 34.03308  -117.54128  3.09000  0.38124      5.97955
1984 11 27 22 54 57.430 1.500 34.03360  -117.54147  3.08800  0.32439      5.98041
1984 11 27 22 55 16.110 2.080 34.03397  -117.54134  3.08600  0.29062      5.98065
1984 11 27 23  0  5.740 1.100 34.03413  -117.54078  3.13600  0.32017      5.98395
1984 11 27 23  2 55.860 2.180 34.03319  -117.54147  3.14300  0.38788      5.98590
1984 11 27 23  3 30.260 1.100 34.03345  -117.54184  3.19000  0.38373      5.98639
1984 11 27 23  6 51.580 1.820 34.03425  -117.54263  3.18400  0.31231      5.98871
1984 11 27 23  7 52.570 1.830 34.03428  -117.54253  3.12200  0.26804      5.98932
1984 11 27 23 13 38.300 2.050 34.03444  -117.54144  2.95600  0.21112      5.99335
1984 11 27 23 17 23.960 1.830 34.03469  -117.54279  3.15700  0.26160      5.99603
1984 11 27 23 34 45.500 2.310 34.03422  -117.54104  2.88400  0.26049      6.00800
1984 11 27 23 42 57.400 1.300 34.03469  -117.54132  2.87900  0.20736      6.01373
1984 11 28  0 32  4.100 1.760 34.03238  -117.53985  2.94900  0.48092      6.04779
1984 11 28  0 39 39.000 1.510 34.03059  -117.54053  3.08900  0.65713      6.05316
1984 11 28  1 33  7.190 2.500 34.03083  -117.53946  3.19800  0.69303      6.09027
1984 11 28  6 57  1.070 1.700 34.03039  -117.53921  3.31700  0.79000      6.31512
1984 11 29 21  8  0.100 1.300 34.03065  -117.53936  2.95100  0.67356      7.90619
1984 11 29 21 11 30.760 1.400 34.03068  -117.53983  2.91400  0.65601      7.90851
1984 11 29 21 16 25.170 1.920 34.03062  -117.53931  2.92800  0.67942      7.91193
1984 11 29 21 42 16.380 1.860 34.03754  -117.54407  3.15300  0.29253      7.92987
1984 11 30  1 35 14.240 2.640 34.03649  -117.54198  3.21900  0.26056      8.09174
1984 11 30  1 55  0.180 2.310 34.03482  -117.54221  3.10900  0.21269      8.10541
1984 11 30  1 56 12.080 2.190 34.03529  -117.54328  3.21300  0.28582      8.10626
1984 11 30  2 11 37.560 2.060 34.03569  -117.54198  2.95600  0.06383      8.11700
1984 11 30  2 58 46.900 1.750 34.03276  -117.54135  3.22100  0.46992      8.14972
1984 11 30  7 53 37.440 1.100 34.03653  -117.54295  3.03600  0.10288      8.35443
1984 11 30  8 24  1.080 1.200 34.03674  -117.54337  3.05400  0.14820      8.37555
