1993  9  5  1 51 20.400 3.230 35.98481  -118.35548  3.81300  0.00000      0.46602
1993  9  5  2  5 51.050 2.260 35.98419  -118.35587  3.96500  0.17053      0.47627
1993  9  5  2  6 53.900 1.580 35.98417  -118.35649  4.00700  0.22576      0.47676
1993  9  5  2 13 36.740 3.040 35.98388  -118.35551  3.32800  0.49593      0.48164
1993  9  5  2 30 13.420 1.420 35.98589  -118.35327  3.76100  0.23755      0.49336
1993  9  5  3  1 43.680 2.110 35.98610  -118.35438  4.08700  0.32456      0.51484
1993  9  5  3 14  9.830 2.080 35.98361  -118.35567  4.05000  0.27254      0.52363
1993  9  5  3 23 15.830 2.360 35.98586  -118.35761  3.73300  0.23881      0.52998
1993  9  5  3 42 22.440 2.590 35.98259  -118.35535  3.85700  0.25099      0.54316
1993  9  5  4 17  2.110 2.610 35.98661  -118.35942  3.48400  0.52343      0.56758
1993  9  5  4 39 20.540 2.610 35.98235  -118.35136  3.99800  0.49683      0.58271
1993  9  5  5 42 16.770 1.990 35.98653  -118.35418  4.06200  0.33508      0.62666
1993  9  5  5 52 21.100 1.450 35.98772  -118.35616  3.81400  0.32929      0.63350
1993  9  5  5 53  4.410 1.130 35.98269  -118.35472  3.98800  0.30153      0.63398
1993  9  5  6  0  8.870 1.680 35.98690  -118.35453  4.00800  0.31506      0.63887
1993  9  5  6 12 49.970 2.620 35.98436  -118.35383  4.04000  0.27580      0.64766
1993  9  5  6 15  8.930 3.060 35.98433  -118.35390  3.93500  0.19512      0.64961
1993  9  5  6 23 23.620 1.950 35.98334  -118.35596  3.90800  0.19377      0.65498
1993  9  5  7 45 26.450 2.390 35.98286  -118.35438  3.92800  0.26449      0.71211
1993  9  5  8  7 27.600 1.350 35.98328  -118.35462  3.90900  0.21006      0.72725
1993  9  5  8 53 45.790 1.400 35.98803  -118.35863  3.39700  0.61754      0.75947
1993  9  5 12 33  8.820 1.670 35.98790  -118.36031  3.56300  0.60774      0.91182
1993  9  5 13  7 59.580 1.750 35.98848  -118.35834  3.76000  0.48498      0.93623
1993  9  5 13 59  2.510 1.950 35.98447  -118.35272  3.89000  0.26247      0.97139
1993  9  5 15 13 16.500 2.040 35.98576  -118.36156  3.56300  0.61049      1.02314
1993  9  5 19 57 27.530 1.310 35.98756  -118.35586  3.70600  0.32588      1.22041
1993  9  5 22 58 38.970 1.460 35.98710  -118.35423  4.02300  0.34847      1.34639
1993  9  6  0 14 15.220 1.690 35.98828  -118.35620  4.02200  0.44379      1.39863
1993  9  6  1 49 43.550 1.340 35.98790  -118.35852  3.48500  0.54804      1.46504
1993  9  6  3 24 26.100 1.630 35.98417  -118.35514  4.05800  0.25695      1.53096
1993  9  6  5 25 35.720 1.220 35.98940  -118.35902  3.45400  0.70042      1.61494
1993  9  6 10 32 33.220 3.690 35.98733  -118.35374  3.97700  0.36037      1.82832
1993  9  6 11 24  6.400 1.580 35.98538  -118.35312  3.83500  0.22224      1.86396
1993  9  6 12 41 20.940 2.090 35.98879  -118.35806  3.71200  0.50983      1.91768
1993  9  6 13 22 56.110 2.440 35.98489  -118.35176  4.00600  0.38584      1.94648
1993  9  6 14 15  8.670 1.020 35.99073  -118.35572  4.03300  0.69433      1.98262
1993  9  6 14 20 29.690 1.410 35.99026  -118.35583  4.00600  0.63695      1.98652
1993  9  6 14 35 15.980 1.060 35.98811  -118.35748  3.80200  0.40916      1.99678
1993  9  6 15 18 46.870 2.510 35.98558  -118.35281  3.97100  0.29925      2.02705
1993  9  6 15 56 12.560 1.870 35.98612  -118.35166  3.90800  0.38518      2.05293
1993  9  6 17 49 31.340 1.880 35.99160  -118.35739  3.84000  0.77467      2.13154
1993  9  6 17 50 12.800 1.840 35.98645  -118.35159  4.08200  0.47733      2.13203
1993  9  6 17 53 10.400 2.350 35.98632  -118.35101  4.00500  0.47558      2.13398
1993  9  6 18 26 52.040 2.250 35.98754  -118.35244  4.07200  0.48383      2.15742
1993  9  6 19 44 40.240 2.580 35.99070  -118.35400  4.04400  0.70711      2.21162
1993  9  6 20 22 31.010 2.580 35.98949  -118.35184  3.98500  0.63839      2.23799
1993  9  6 20 41 22.850 1.910 35.99258  -118.35403  3.79900  0.87398      2.25117
1993  9  6 20 55  8.770 1.820 35.99061  -118.35275  4.07800  0.73895      2.26045
1993  9  6 20 55 56.440 1.340 35.99039  -118.35187  4.22700  0.81382      2.26094
1993  9  6 21 48 32.010 2.230 35.98943  -118.35224  4.24200  0.72979      2.29756
1993  9  6 22 35 48.990 1.460 35.98748  -118.35066  4.21200  0.65980      2.33027
1993  9  7  0  5  7.660 1.120 35.99098  -118.35226  4.22500  0.85099      2.39229
1993  9  7  0 11 53.250 1.000 35.98735  -118.35441  4.02400  0.36559      2.39717
1993  9  7  0 51 59.880 1.110 35.99285  -118.35358  3.99100  0.92747      2.42500
1993  9  7  3 34 16.400 1.210 35.99133  -118.35706  4.06500  0.78054      2.53779
1993  9  7  4 51  0.540 1.000 35.98940  -118.35275  4.14300  0.65524      2.59102
1993  9  7  7 43 46.490 2.320 35.99028  -118.35135  4.17600  0.79958      2.71113
1993  9  7  7 55 48.080 1.530 35.99100  -118.35215  4.08600  0.79901      2.71943
1993  9  7  7 59  9.130 2.070 35.99118  -118.35212  4.11600  0.82734      2.72139
1993  9  7  9 11  1.910 1.880 35.99046  -118.35176  4.19900  0.80941      2.77168
1993  9  7 12 16 14.460 1.220 35.98911  -118.35310  4.11200  0.60303      2.90010
1993  9  7 17 49 18.550 1.600 35.99249  -118.35435  4.24700  0.96311      3.13154
1993  9  7 22 25 20.220 1.810 35.99172  -118.35528  3.69900  0.77668      3.32295
1993  9  7 22 31 23.230 2.420 35.98813  -118.35169  4.12900  0.59338      3.32734
1993  9  8 11 43 49.030 1.270 35.98689  -118.35185  4.67700  0.95202      3.87764
1993  9  8 13 28 32.810 2.160 35.98842  -118.35253  4.07000  0.54497      3.95039
1993  9  8 22 56 47.650 1.010 35.98596  -118.35226  4.03400  0.38635      4.34492
1993  9  9 16 38 32.110 2.000 35.98916  -118.35936  3.86500  0.59884      5.08223
1993  9  9 17 41 59.630 1.000 35.98911  -118.35939  3.69700  0.60462      5.12617
