1986 12 14 15 36 17.570 1.400 33.50778  -116.55053  8.60600  0.00000      2.78816
1986 12 15  3 50 15.730 1.730 33.50764  -116.55049  8.62000  0.02116      3.29792
1986 12 15  3 54 19.040 1.630 33.50736  -116.55068  8.56100  0.06644      3.30085
1986 12 15  6 50 25.640 1.380 33.50766  -116.55067  8.50700  0.10068      3.42292
1986 12 16 20 13  2.440 2.040 33.50897  -116.55102  8.62700  0.14131      4.98030
1986 12 16 23 28  5.170 1.200 33.50744  -116.55037  8.63400  0.04930      5.11580
1986 12 16 23 35 52.880 1.870 33.50754  -116.55043  8.64400  0.04708      5.12117
1986 12 17  0  3 23.710 2.050 33.50778  -116.55052  8.43700  0.16900      5.14045
1986 12 17  4  9 15.720 1.000 33.50967  -116.55132  8.67700  0.23387      5.31111
1986 12 18  9  2  8.850 1.940 33.50978  -116.55138  8.62700  0.23722      6.51448
1986 12 18 12  6 57.130 1.100 33.50898  -116.55113  8.54000  0.15902      6.64290
1986 12 19  5 41 29.330 2.140 33.50915  -116.55112  8.77800  0.23634      7.37507
1986 12 19  7 30 54.970 1.000 33.50776  -116.55049  8.68900  0.08312      7.45125
1986 12 19  7 32 44.220 1.300 33.50766  -116.55054  8.65300  0.04882      7.45247
1986 12 20  5 47 52.110 1.840 33.50918  -116.55096  8.78400  0.23974      8.37947
1986 12 20 14 31  4.530 1.000 33.50941  -116.55083  8.72900  0.22087      8.74299
1986 12 20 18  7 10.820 2.290 33.50937  -116.55098  8.72600  0.21773      8.89290
1986 12 21  4 26 11.740 1.200 33.51000  -116.55102  8.80200  0.31837      9.32283
1986 12 21 11 28 17.340 2.070 33.50824  -116.55039  8.86200  0.26139      9.61604
1986 12 21 22 16 18.600 1.990 33.50753  -116.55016  8.79000  0.18917     10.06599
1986 12 22 23 42 23.090 1.620 33.50902  -116.55046  8.84000  0.27182     11.12581
1986 12 26 15  4 31.350 2.200 33.50871  -116.55022  8.85900  0.27492     14.76619
1986 12 26 15 51 18.370 2.150 33.50790  -116.54977  8.94400  0.34550     14.79866
1986 12 26 16 20 44.960 1.820 33.50851  -116.55056  8.84800  0.25531     14.81917
1986 12 26 23  9 32.010 1.800 33.50806  -116.55006  8.86500  0.26455     15.10286
1986 12 27  0 54 58.970 1.680 33.50986  -116.55099  8.69200  0.25062     15.17610
1986 12 27  1 20 34.670 1.100 33.50772  -116.54966  9.03900  0.44039     15.19392
1986 12 27  2 22 46.420 1.940 33.50882  -116.55016  9.01400  0.42547     15.23713
1986 12 27  3 57 33.470 2.280 33.50782  -116.54977  8.87800  0.28098     15.30305
1986 12 27  8 14 49.880 1.780 33.50771  -116.55004  8.83300  0.23153     15.48176
1986 12 27  9 44 56.290 1.830 33.50753  -116.54992  8.86800  0.26947     15.54426
1986 12 27 16 40 57.350 1.980 33.50906  -116.55115  8.64000  0.15749     15.83308
1986 12 27 19 42 44.250 1.000 33.50837  -116.55007  8.95400  0.35662     15.95930
1986 12 27 19 53 31.180 2.380 33.50728  -116.54998  8.76900  0.17957     15.96687
1986 12 28  0  3 49.400 2.460 33.50764  -116.55054  8.68300  0.07853     16.14070
1986 12 28  5 26 39.990 2.150 33.50669  -116.54954  8.86300  0.29846     16.36482
1986 12 30 10  4 41.870 1.990 33.50870  -116.55015  8.97600  0.38555     18.55793
1986 12 30 10 51 42.030 1.890 33.50644  -116.54922  8.94600  0.39044     18.59065
1986 12 30 21 20 18.500 2.260 33.50783  -116.54968  8.92800  0.33139     19.02717
1986 12 31  3 13 25.810 1.880 33.50676  -116.54996  8.70200  0.15757     19.27229
1986 12 31 16 33 49.980 1.200 33.50851  -116.54982  8.69100  0.13459     19.82820
1986 12 31 20 44 14.290 2.500 33.50723  -116.54998  8.75400  0.16795     20.00203
1987  1  2  4 20 52.660 2.230 33.50755  -116.55043  8.58000  0.03739     21.31916
1987  1  2 13  8 18.700 1.000 33.50686  -116.55032  8.38900  0.24062     21.68538
1987  1  2 19 40  8.970 2.250 33.50829  -116.55079  8.49300  0.12884     21.95759
1987  1  2 19 40 47.920 1.100 33.50814  -116.55064  8.47800  0.13454     21.95808
1987  1  2 20 31 36.880 2.280 33.50892  -116.55122  8.55800  0.15004     21.99324
1987  1  3  0 35  3.320 2.190 33.50908  -116.55114  8.52900  0.17328     22.16243
1987  1  5 19 17 32.460 1.900 33.50646  -116.55035  9.02900  0.44803     24.94197
1987  1  6  1 46 54.810 1.300 33.50666  -116.55029  8.42000  0.22472     25.21223
1987  1  6 19 20 21.960 2.320 33.50858  -116.55121  8.29600  0.32874     25.94392
1987  1  7  4 39 43.860 1.000 33.50675  -116.55025  8.88700  0.30458     26.33235
1987  1 10 19 23 40.870 2.020 33.50660  -116.55012  8.51000  0.16690     29.94612
1987  1 11  2 36 49.430 1.790 33.50746  -116.55046  8.47700  0.13383     30.24690
1987  1 11  9 21 28.050 1.890 33.50747  -116.55013  8.64100  0.06154     30.52790
1987  1 11 11 37 49.040 1.910 33.50731  -116.54973  8.82800  0.23984     30.62263
1987  1 11 11 51 33.170 2.280 33.50753  -116.54993  8.84000  0.24211     30.63215
1987  1 11 12 45 49.030 1.810 33.50721  -116.54956  8.79800  0.22121     30.66975
