1996  8 21 16 25 38.960 2.160 35.81701  -117.70552  6.81700  0.00000      2.59614
1996  8 21 18 24  5.970 1.040 35.81704  -117.70563  6.83200  0.01822      2.67817
1996  8 22 20 36 44.220 1.000 35.81683  -117.70550  6.84500  0.03448      3.77046
1996  8 23  8 36 42.570 2.090 35.81787  -117.70590  6.77900  0.10850      4.27046
1996  8 23 12 26 12.190 1.000 35.81820  -117.70589  6.79000  0.13907      4.42964
1996  8 23 20 51 46.970 1.880 35.81776  -117.70566  6.74900  0.10843      4.78071
1996  8 23 21 13  4.040 2.460 35.81823  -117.70595  6.77600  0.14682      4.79585
1996  8 23 23 39 43.880 1.000 35.81848  -117.70605  6.77400  0.17577      4.89741
1996  8 23 23 43 29.710 1.770 35.81696  -117.70570  6.82000  0.01778      4.90034
1996  8 24  0 55 45.180 2.160 35.81887  -117.70631  6.80100  0.21931      4.95015
1996  8 24  3 14 21.700 1.660 35.81830  -117.70605  6.73100  0.17385      5.04634
1996  8 24  3 47 16.350 1.750 35.81856  -117.70586  6.73900  0.19182      5.06929
1996  8 24  4 28 30.310 1.010 35.81610  -117.70501  6.80800  0.11137      5.09810
1996  8 24  7 13 38.230 1.000 35.81867  -117.70608  6.71300  0.21742      5.21284
1996  8 24 20 44 18.720 1.270 35.81857  -117.70618  6.77800  0.18739      5.77583
1996  8 25  3 10 53.730 1.140 35.81786  -117.70583  6.71300  0.14334      6.04390
1996  8 25 11  5 50.720 1.000 35.81924  -117.70838  6.83500  0.35822      6.37397
1996  8 25 11 16 56.930 1.930 35.81886  -117.70645  6.85800  0.22581      6.38179
1996  8 25 11 44 27.020 2.120 35.81857  -117.70632  6.85400  0.19141      6.40083
1996  8 25 22 39 16.110 1.000 35.81717  -117.70560  6.87200  0.05822      6.85542
1996  8 26  1 24 27.660 1.000 35.81400  -117.70430  6.88000  0.35802      6.97017
1996  8 27  1  2  3.340 2.540 35.81943  -117.70657  6.81900  0.28547      7.95454
1996  8 27 10  2 33.840 1.310 35.81879  -117.70653  6.87400  0.22517      8.33003
1996  8 27 11  8 16.630 2.150 35.81805  -117.70611  6.84500  0.13022      8.37544
1996  8 27 11 46 43.200 1.220 35.81775  -117.70609  6.90200  0.12912      8.40230
1996  8 27 12  6 31.390 1.000 35.81791  -117.70605  6.80900  0.11124      8.41597
1996  8 27 19 38 48.800 1.620 35.81842  -117.70641  6.88700  0.18942      8.73042
1996  9  1 16 53  4.040 1.540 35.81886  -117.70661  6.88800  0.23880     13.61519
1996  9  2  6 55 31.430 1.000 35.81870  -117.70689  7.10800  0.36752     14.20015
1996  9  2  9 29 49.870 1.180 35.81865  -117.70712  7.06900  0.34301     14.30708
1996  9  2  9 29 45.170 1.000 35.81838  -117.70691  7.16800  0.40244     14.30708
1996  9  2  9 30 15.310 1.000 35.81906  -117.70705  7.06900  0.36669     14.30757
1996  9  2 11 32 59.720 1.350 35.81858  -117.70714  7.03500  0.31491     14.39302
1996  9  2 16 49 47.260 1.580 35.81969  -117.70659  6.72700  0.32605     14.61274
1996  9  2 17 45 33.320 1.330 35.81820  -117.70673  7.06900  0.30492     14.65132
1996  9  2 17 49 37.940 1.220 35.81865  -117.70717  7.10000  0.36794     14.65425
1996  9  2 20 22 35.000 1.640 35.81842  -117.70683  7.01100  0.27598     14.76069
1996  9  2 20 37 58.340 1.000 35.81881  -117.70702  7.05900  0.34215     14.77144
1996  9  3  5 59 55.470 1.020 35.81844  -117.70690  7.06000  0.31574     15.16157
1996  9  3 18  1  8.090 1.000 35.81883  -117.70663  6.93800  0.25579     15.66255
1996  9  3 19  4 27.350 1.040 35.81520  -117.70484  6.88600  0.22140     15.70649
1996  9  4  8  9 32.620 1.730 35.81926  -117.70647  7.18700  0.45469     16.25142
1996  9  5 15 49 59.940 1.130 35.82043  -117.70697  6.64800  0.43631     17.57124
1996  9  5 16  8 42.990 1.330 35.81849  -117.70707  7.05400  0.32054     17.58442
1996  9  5 16 10  8.240 1.710 35.81831  -117.70679  7.08300  0.32357     17.58540
1996  9  5 16 11 57.230 1.100 35.81858  -117.70736  7.07500  0.35298     17.58638
1996  9  6  1 45  8.310 1.590 35.81866  -117.70672  6.92500  0.23900     17.98481
1996  9  6  5 53  3.070 1.000 35.81873  -117.70737  7.32900  0.57118     18.15669
1996  9  6  7 19 10.530 1.000 35.81781  -117.70750  7.18100  0.41471     18.21675
1996  9  6  7 45 51.070 1.000 35.81815  -117.70634  6.90800  0.17234     18.23530
1996  9  6  8 30 36.540 1.180 35.81550  -117.70514  6.94900  0.21635     18.26606
1996  9  6 16 22 36.750 2.070 35.81850  -117.70663  6.97400  0.24910     18.59370
1996  9  6 16 31 24.710 1.780 35.81767  -117.70635  6.93400  0.15719     18.60005
1996  9  6 16 52 29.950 1.950 35.81807  -117.70626  6.96300  0.19908     18.61470
1996  9  6 17 18 11.650 1.450 35.81804  -117.70654  6.98700  0.22458     18.63276
1996  9  6 20 32 43.170 1.200 35.81767  -117.70645  6.84000  0.11378     18.76753
1996  9  6 20 32 27.000 1.000 35.81844  -117.70638  6.91400  0.20192     18.76753
1996  9  6 21 25 46.640 1.190 35.81769  -117.70739  7.05500  0.30158     18.80464
1996  9  6 22 42 33.930 1.110 35.81799  -117.70635  7.05500  0.27231     18.85786
1996  9  6 22 44  7.030 2.030 35.81803  -117.70639  6.99200  0.22275     18.85884
1996  9  6 23 13 12.960 1.010 35.81757  -117.70615  6.97100  0.17550     18.87886
1996  9  6 23 22  4.990 1.710 35.81739  -117.70599  6.97000  0.16444     18.88520
1996  9  6 23 54 19.690 1.200 35.81744  -117.70599  6.92700  0.12742     18.90767
1996  9  6 23 54 50.990 1.000 35.81729  -117.70596  6.90000  0.09731     18.90815
1996  9  7  0  4 28.170 1.000 35.81753  -117.70631  6.96300  0.17255     18.91450
1996  9  7  0 21 46.990 1.000 35.81687  -117.70567  6.89500  0.08067     18.92671
1996  9  7  1 19 58.900 1.000 35.81730  -117.70573  6.86400  0.05993     18.96724
1996  9  7  1 59 40.800 1.000 35.81720  -117.70586  6.92200  0.11128     18.99458
1996  9  7  4  6 28.160 1.680 35.81725  -117.70599  6.96600  0.15734     19.08296
1996  9  7  6 42  5.830 1.000 35.81770  -117.70621  7.07200  0.27329     19.19087
1996  9  7  7 23 51.450 1.000 35.81923  -117.70686  7.11500  0.40545     19.21968
1996  9  7  8 54  9.400 1.000 35.82018  -117.70674  6.75700  0.37402     19.28267
1996  9  7  9 15 55.650 1.000 35.81630  -117.70520  6.92100  0.13391     19.29780
1996  9  8 18 27 29.690 1.000 35.81745  -117.70605  7.05400  0.24671     20.68061
1996  9  8 19 12  1.660 1.090 35.81612  -117.70545  6.87200  0.11330     20.71138
1996  9  8 20 56 19.150 1.940 35.81879  -117.70629  6.80100  0.21040     20.78413
1996  9 10  9 30 48.040 1.000 35.82034  -117.70733  7.14300  0.51948     22.30806
1996  9 10 20  4 48.200 1.440 35.81691  -117.70573  6.96900  0.15354     22.74800
1996  9 10 20 41 45.440 1.340 35.81695  -117.70518  6.87400  0.06531     22.77388
1996  9 10 21 14 26.170 2.380 35.81697  -117.70577  6.97000  0.15470     22.79683
1996  9 10 21 21 24.780 1.020 35.81811  -117.70671  7.07100  0.30179     22.80122
1996  9 10 22  7 16.840 1.950 35.81700  -117.70562  6.86800  0.05176     22.83345
1996  9 10 22  8 59.180 1.180 35.81621  -117.70537  6.85400  0.09701     22.83442
1996  9 10 23 16  5.640 1.000 35.81610  -117.70497  6.96700  0.18761     22.88130
1996  9 11  3 46 46.820 1.000 35.81951  -117.70744  6.88900  0.33524     23.06929
1996  9 11  3 56  0.540 1.000 35.81767  -117.70602  6.88800  0.11146     23.07563
1996  9 11  7  0 29.520 1.000 35.81781  -117.70614  6.92700  0.15197     23.20356
1996  9 11  7  4 24.620 1.000 35.81804  -117.70637  6.91100  0.16658     23.20649
1996  9 11 16 56 27.290 1.240 35.81758  -117.70628  7.08700  0.28566     23.61763
1996  9 11 16 58  1.110 1.040 35.81825  -117.70636  6.87600  0.16762     23.61860
1996  9 11 17  4  2.270 1.040 35.81813  -117.70630  6.90800  0.16949     23.62251
1996  9 11 17 15 45.320 1.750 35.81837  -117.70658  6.90800  0.20088     23.63081
1996  9 11 17 17 41.530 1.690 35.81872  -117.70673  6.94300  0.25318     23.63227
1996  9 12  6 58 27.980 1.730 35.81752  -117.70616  7.05500  0.25134     24.20210
1996  9 12  7 23 52.090 1.560 35.81627  -117.70525  6.90800  0.12509     24.21968
1996  9 12  9 27 55.300 1.000 35.81661  -117.70530  6.87600  0.07654     24.30610
1996  9 13  2 35 11.730 1.240 35.81775  -117.70649  7.07300  0.28259     25.01948
1996  9 13 13 22 21.840 1.390 35.81884  -117.70720  7.05800  0.34993     25.46870
1996  9 13 16  5 15.390 1.140 35.81731  -117.70616  7.09500  0.28587     25.58198
1996  9 13 22  3  8.660 1.270 35.81546  -117.70505  6.97600  0.23840     25.83052
1996  9 13 22 17 42.620 1.060 35.81570  -117.70515  6.98500  0.22487     25.84077
1996  9 14  1 43 44.390 1.060 35.81759  -117.70618  7.09300  0.28962     25.98384
1996  9 15 10 57 58.960 1.000 35.81546  -117.70526  6.94000  0.21304     27.36860
1996  9 16 10 21 27.750 1.000 35.81865  -117.70712  7.12500  0.38602     28.34321
1996  9 16 15 30 12.340 1.260 35.81910  -117.70749  7.14700  0.44103     28.55757
