2000  6  7  6  8  7.150 1.200 34.37712  -118.85459 12.26600  0.00000      1.84175
2000  6  7  6 26 25.720 1.950 34.37691  -118.85473 12.23700  0.03924      1.85444
2000  6  7  8 37 31.660 1.200 34.38044  -118.85371 12.52400  0.45760      1.94526
2000  6  7  8 38 12.780 1.000 34.37974  -118.85360 12.48200  0.37424      1.94575
2000  6  7 11 26 18.960 1.570 34.37594  -118.85645 12.18200  0.23133      2.06245
2000  6  7 14 18  2.610 1.100 34.37632  -118.85764 12.01800  0.38399      2.18159
2000  6  7 14 19  7.820 1.200 34.37938  -118.85563 12.40300  0.30142      2.18257
2000  6  7 14 19 46.790 1.780 34.37927  -118.85555 12.41400  0.29435      2.18306
2000  6  7 14 27 40.100 1.100 34.37939  -118.85450 12.44800  0.31133      2.18843
2000  6  7 14 27 59.980 1.100 34.37883  -118.85492 12.36500  0.21654      2.18843
2000  6  7 17 39 28.600 1.820 34.37785  -118.85500 12.28500  0.09115      2.32173
2000  6  7 18 17 10.650 1.730 34.37989  -118.85641 12.46500  0.40261      2.34761
2000  6  7 18 36 37.840 1.530 34.38073  -118.85648 12.50800  0.49954      2.36128
2000  6  8  2 43 12.980 2.150 34.37832  -118.85428 12.30900  0.14310      2.69917
2000  6  8  2 49 14.680 1.940 34.37851  -118.85364 12.33600  0.19107      2.70356
2000  6  8  3 13  8.650 1.200 34.37919  -118.85740 12.39200  0.36774      2.72017
2000  6  8  7  1 25.150 1.200 34.37849  -118.85764 12.32600  0.32375      2.87837
2000  6  8  8 23 10.760 1.200 34.37804  -118.85736 12.26000  0.27380      2.93550
2000  6  8  8 33 20.020 1.500 34.37701  -118.85306 12.23300  0.14496      2.94233
2000  6  8  8 33 24.310 1.960 34.37567  -118.85513 12.18000  0.18932      2.94233
2000  6  8  8 47 16.390 1.890 34.37629  -118.85634 12.24300  0.18627      2.95210
2000  6  8  8 48 43.530 2.070 34.37646  -118.85612 12.21200  0.16668      2.95308
2000  6  8  8 51 14.560 2.040 34.37617  -118.85713 12.23800  0.25676      2.95503
2000  6  8  9  0  3.790 1.980 34.37745  -118.85636 12.31700  0.17384      2.96089
2000  6  8  9  2 48.700 1.760 34.37650  -118.85378 12.16600  0.14241      2.96284
2000  6  8  9 48 19.790 1.990 34.37838  -118.85584 12.33600  0.19389      2.99458
2000  6  8 10  5 59.320 1.560 34.37764  -118.85717 12.23200  0.24567      3.00679
2000  6  8 10 17 56.750 1.780 34.37920  -118.85299 12.36000  0.28989      3.01509
2000  6  8 10 18 18.220 2.020 34.37921  -118.85382 12.26600  0.24311      3.01509
2000  6  9  5 46 13.830 1.760 34.37838  -118.85357 12.26300  0.16863      3.82612
2000  6  9  6 38 37.580 1.700 34.37732  -118.85451 12.18000  0.08917      3.86274
2000  6  9  6 38 45.140 2.280 34.37767  -118.85391 12.25300  0.08832      3.86274
2000  6  9  6 42  8.060 2.500 34.37671  -118.85509 12.19900  0.09269      3.86519
2000  6  9  6 42 29.760 2.000 34.37474  -118.85600 12.21600  0.29859      3.86519
2000  6  9  6 42 46.650 2.780 34.37805  -118.85594 12.34400  0.17939      3.86567
2000  6  9  7 34 35.100 1.920 34.37899  -118.85237 12.33700  0.29994      3.90181
2000  6  9  8  2 26.260 2.330 34.37852  -118.85280 12.32900  0.23552      3.92085
2000  6  9 10  3  1.490 1.930 34.38013  -118.85836 12.44800  0.51446      4.00483
2000  6  9 10  8 17.430 1.560 34.38029  -118.85934 12.44800  0.58916      4.00825
2000  6 10  0 22 44.640 2.200 34.37911  -118.85172 12.35700  0.35584      4.60151
2000  6 10  1  7 28.840 1.710 34.37906  -118.85125 12.31800  0.37843      4.63276
2000  6 10  4 56 16.470 1.600 34.37962  -118.85127 12.34200  0.41929      4.79146
2000  6 10 10 26 44.720 1.990 34.38021  -118.85116 12.37100  0.47821      5.02095
2000  6 10 10 49  4.950 2.410 34.37797  -118.85242 12.29100  0.22288      5.03657
2000  6 11  0 23  3.760 1.530 34.37720  -118.85215 12.14600  0.25482      5.60200
2000  6 11 14 35 28.820 2.070 34.37819  -118.85085 12.23600  0.36497      6.19380
2000  6 12  7 21 11.400 1.520 34.37857  -118.85896 12.31700  0.43460      6.89204
2000  6 12  8  8 43.920 2.030 34.37781  -118.85900 12.31900  0.41494      6.92524
2000  6 12  8 51 59.420 1.100 34.37705  -118.85883 12.26700  0.38876      6.95552
2000  6 12  8 53 52.730 1.920 34.37661  -118.85877 12.24700  0.38841      6.95649
2000  6 12  9 26 56.580 1.600 34.38038  -118.85706 12.49300  0.48386      6.97944
2000  6 13  1 39 16.820 1.880 34.37928  -118.85876 12.39100  0.46812      7.65474
2000  6 13  1 39 25.480 1.500 34.37986  -118.85967 12.44400  0.58439      7.65474
2000  6 13  1 45 23.090 2.070 34.38073  -118.85860 12.51300  0.59744      7.65913
2000  6 13  3 50  6.120 1.930 34.37998  -118.85961 12.54700  0.62575      7.74556
2000  6 13  4 35 17.400 1.870 34.37931  -118.86012 12.41200  0.58100      7.77730
2000  6 13  5  0 37.470 1.670 34.37827  -118.86035 12.38500  0.55641      7.79487
2000  6 13  8  7 18.550 1.400 34.38018  -118.86061 12.51800  0.69553      7.92427
2000  6 14  1 13 31.030 1.300 34.37694  -118.85954 12.30500  0.45620      8.63716
2000  6 14  1 37 41.960 1.590 34.37601  -118.85875 12.26600  0.40032      8.65376
2000  6 14  1 48 15.490 1.610 34.37714  -118.86002 12.30700  0.49974      8.66108
2000  6 14  1 58  4.750 1.880 34.37706  -118.85764 12.30700  0.28237      8.66792
2000  6 14  4 43 56.730 1.700 34.37612  -118.85711 12.21900  0.26012      8.78315
2000  6 14  4 45 15.990 1.860 34.37617  -118.85724 12.31600  0.26885      8.78413
2000  6 14 13 31 20.470 1.770 34.37614  -118.86006 12.26300  0.51364      9.14937
2000  6 14 13 31 51.810 1.870 34.37606  -118.85957 12.23400  0.47308      9.14985
2000  6 14 13 39  5.030 1.400 34.37561  -118.85909 12.19600  0.45139      9.15474
2000  6 14 15 21 39.020 2.010 34.37661  -118.86049 12.34700  0.54997      9.22603
2000  6 14 15 56 24.520 1.500 34.37759  -118.85976 12.35100  0.48403      9.24995
2000  6 15  8 47 29.560 1.850 34.37671  -118.86098 12.33300  0.59152      9.95210
2000  6 15  8 50  9.230 1.550 34.37752  -118.86160 12.34700  0.65017      9.95405
2000  6 15 12 27 10.120 1.780 34.37783  -118.86095 12.42400  0.60916     10.10493
2000  6 15 14 33  6.620 1.920 34.37963  -118.86104 12.47000  0.68451     10.19233
2000  6 15 21 41 56.760 1.870 34.37994  -118.86071 12.46100  0.67201     10.49019
2000  6 16 12  1 31.000 2.020 34.37641  -118.85270 12.27900  0.19132     11.08687
2000  6 16 12  3 16.270 2.130 34.37574  -118.85420 12.22600  0.16275     11.08833
2000  6 16 12  8 28.030 2.180 34.37773  -118.85224 12.17300  0.24461     11.09175
2000  6 16 12 18  3.050 1.600 34.37648  -118.85352 12.17300  0.15316     11.09858
2000  6 16 13 27 53.730 1.690 34.37951  -118.85085 12.35400  0.44324     11.14692
2000  6 16 13 30 45.150 1.200 34.37900  -118.85138 12.36300  0.37439     11.14888
2000  6 17 14 37 46.290 1.300 34.37887  -118.85088 12.27300  0.39240     12.19526
2000  6 17 18 51 54.630 1.700 34.37607  -118.85264 12.22600  0.21809     12.37202
2000  6 17 21  6  5.180 1.850 34.37858  -118.85171 12.28600  0.31100     12.46528
2000  6 18  1  0 49.280 1.300 34.37497  -118.85212 12.22000  0.33337     12.62837
2000  6 21  6 22 16.040 1.400 34.37616  -118.85167 12.16200  0.30720     15.85151
2000  6 21  6 23 38.210 1.000 34.37688  -118.84892 12.56000  0.59839     15.85249
2000  6 21  6 23 53.080 1.100 34.37627  -118.85259 12.05200  0.29737     15.85249
2000  6 21  6 25  7.530 1.700 34.37541  -118.85288 12.13300  0.28049     15.85347
2000  6 21  6 25 21.170 1.840 34.37587  -118.85286 12.11500  0.25982     15.85347
2000  6 21  9 58 36.490 1.000 34.38013  -118.85264 12.49200  0.44204     16.00142
2000  6 21 10 19 50.380 1.500 34.37885  -118.85349 12.37100  0.24137     16.01655
2000  6 21 10 19 56.740 1.750 34.38008  -118.85355 12.37300  0.35905     16.01655
2000  6 21 15 48 14.880 1.200 34.37830  -118.85339 12.44900  0.25071     16.24458
2000  6 22 10 35 52.940 1.400 34.37719  -118.85346 12.31500  0.11479     17.02729
2000  6 23 10 52 30.820 1.610 34.37770  -118.85085 12.17400  0.36164     18.03901
2000  6 24  7 11 11.010 1.750 34.37712  -118.85002 12.20100  0.42492     18.88520
2000  6 24 17 35 29.550 1.100 34.37820  -118.85011 12.28700  0.42883     19.31880
2000  6 25 14 34 41.690 1.300 34.37844  -118.85067 12.31900  0.39267     20.19331
2000  6 25 16  9 44.570 1.200 34.37927  -118.85114 12.34000  0.40324     20.25923
