1987  7 31 22 39 27.080 1.500 35.77208  -118.35118  4.20400  0.00000      1.45901
1987  8  1 14 12 56.600 1.200 35.77258  -118.35146  4.16800  0.07099      2.10720
1987  8  1 19 47 40.490 1.400 35.76901  -118.35268  4.20800  0.36697      2.33962
1987  8  2  2 11 30.940 2.040 35.77137  -118.35179  4.15300  0.10867      2.60623
1987  8  2  6 53 30.070 1.460 35.76796  -118.35127  4.20800  0.45809      2.80203
1987  8  2  7 58  1.770 1.000 35.76858  -118.35233  4.18400  0.40295      2.84695
1987  8  2  9 30 44.020 1.000 35.76997  -118.35297  4.10700  0.30070      2.91116
1987  8  2 10 48 21.710 1.500 35.76906  -118.35316  4.13600  0.38609      2.96511
1987  8  2 11 44 29.660 1.000 35.76952  -118.35091  4.26400  0.29195      3.00417
1987  8  2 12  2 46.240 1.100 35.76963  -118.35139  4.44900  0.36670      3.01687
1987  8  2 17 18 30.820 2.130 35.76685  -118.35091  3.95600  0.63269      3.23611
1987  8  2 23  4 51.570 1.000 35.76876  -118.35250  4.15600  0.39062      3.47659
1987  8  3  1 36 16.330 1.570 35.76696  -118.35170  3.93900  0.62951      3.58181
1987  8  3  5 27  7.750 1.590 35.76783  -118.35275  4.03800  0.52037      3.74221
1987  8  3 16 36 47.730 1.400 35.76669  -118.35177  3.93400  0.65948      4.20706
1987  8  3 16 52 43.130 1.900 35.76974  -118.35297  4.05500  0.34025      4.21829
1987  8  3 23  1 20.020 1.700 35.76830  -118.35369  3.78300  0.63664      4.47415
1987  8  4 18 34 10.350 1.750 35.76783  -118.35249  3.97100  0.53984      5.28860
1987  8  4 19  1 10.120 1.000 35.77023  -118.35368  3.95600  0.39326      5.30740
1987  8  5  0  8  7.240 1.600 35.77011  -118.35336  3.94500  0.39174      5.52053
1987  8  6  7 54  9.640 2.550 35.76961  -118.35324  4.05900  0.36160      6.84426
1987  8  6  7 53 48.890 3.120 35.76741  -118.35168  3.89600  0.60522      6.84402
1987  8  6  7 55 28.710 1.950 35.77068  -118.35359  3.96600  0.35813      6.84500
1987  8  6  8  0 40.170 1.330 35.77040  -118.35120  4.21000  0.18662      6.84866
1987  8  6  8  8 20.680 1.000 35.77208  -118.35216  4.07300  0.15775      6.85403
1987  8  6  8  8 57.760 1.700 35.77145  -118.35197  4.14700  0.11432      6.85452
1987  8  6  8  8 47.830 1.390 35.77091  -118.35299  4.08400  0.24069      6.85427
1987  8  6  8 22 45.020 1.400 35.77062  -118.35488  4.05200  0.40126      6.86404
1987  8  6  8 44  8.850 1.640 35.76979  -118.35403  4.05800  0.38987      6.87893
1987  8  6  8 56 56.100 1.000 35.76901  -118.35400  3.95200  0.49443      6.88772
1987  8  6  9 45 52.900 1.500 35.77107  -118.35431  3.90900  0.42343      6.92190
1987  8  6  9 57 58.770 1.400 35.77108  -118.35406  4.09200  0.30391      6.93020
1987  8  6 10  1 35.930 1.300 35.76950  -118.35452  3.87600  0.52990      6.93264
1987  8  6 10 25 22.700 1.600 35.77168  -118.35464  3.89000  0.44454      6.94924
1987  8  6 10 44 21.230 1.400 35.77081  -118.35427  3.83000  0.48708      6.96243
1987  8  6 11  1 22.900 1.900 35.77091  -118.35411  4.02200  0.34655      6.97415
1987  8  6 11  4  7.930 1.940 35.76963  -118.35439  3.85600  0.52852      6.97610
1987  8  6 11  7 52.040 1.610 35.77019  -118.35447  3.47900  0.81108      6.97878
1987  8  6 11 10 55.660 1.300 35.76698  -118.35150  4.74600  0.78503      6.98074
1987  8  6 12 53  5.910 1.500 35.77176  -118.35460  3.92100  0.42023      7.05178
1987  8  6 15 25 19.680 1.600 35.76929  -118.35415  3.94500  0.48458      7.15750
1987  8  6 16 41  7.020 2.080 35.77220  -118.35200  4.13600  0.10087      7.21023
1987  8  6 18 55 37.190 2.500 35.76912  -118.35466  4.20500  0.45451      7.30349
1987  8  6 18 59 56.250 1.500 35.77187  -118.35548  3.02300  1.24322      7.30642
1987  8  6 19  0 12.910 1.300 35.76787  -118.35359  3.86500  0.61738      7.30666
1987  8  6 19 10 33.150 1.700 35.76580  -118.35253  4.21800  0.70873      7.31399
1987  8  6 19 12 20.000 1.480 35.77298  -118.35136  4.56900  0.37880      7.31521
1987  8  6 19 25 41.370 1.720 35.76940  -118.35507  3.51700  0.82671      7.32449
1987  8  6 19 32 50.680 2.090 35.76886  -118.35474  3.95700  0.54010      7.32937
1987  8  6 20 13  5.720 1.500 35.76855  -118.35383  3.82700  0.59400      7.35745
1987  8  6 21 36 23.570 1.400 35.76545  -118.35116  3.78700  0.84685      7.41531
1987  8  7  5 35 13.820 1.500 35.76200  -118.35034  4.08100  1.12991      7.74783
1987  8  7  6 36 59.840 1.710 35.77080  -118.35341  4.05200  0.28942      7.79055
1987  8  7  7 19 44.360 1.460 35.76978  -118.35338  4.01500  0.37465      7.82034
1987  8  7 10 45 42.800 1.300 35.76930  -118.35365  3.99500  0.43450      7.96340
1987  8  7 16  9 31.810 1.400 35.77382  -118.35294  4.23200  0.25201      8.18826
1987  8  8  8 36 40.710 2.220 35.76910  -118.35474  3.80600  0.60890      8.87380
1987  8  8  8 49 16.720 1.400 35.76834  -118.35431  3.88800  0.59344      8.88259
1987  8  8  9  3 45.600 1.550 35.77104  -118.35481  3.94100  0.43529      8.89260
1987  8  8  9 50 45.310 1.300 35.76512  -118.35302  3.96600  0.82631      8.92507
1987  8  8 10 45 20.030 1.200 35.76589  -118.35257  3.95200  0.74373      8.96316
1987  8  8 10 55 53.340 1.600 35.77267  -118.35145  4.14900  0.08907      8.97048
1987  8  8 11  5  6.440 1.300 35.76382  -118.35265  3.89000  0.97946      8.97683
1987  8  8 11 10 52.110 1.400 35.76387  -118.35191  3.97700  0.94298      8.98074
1987  8  8 11 17  2.450 1.550 35.76468  -118.35272  3.92900  0.87851      8.98513
1987  8  8 11 19 33.710 1.430 35.76392  -118.35148  4.03000  0.92414      8.98684
1987  8  8 11 30 35.870 1.200 35.76403  -118.35140  4.06800  0.90550      8.99441
1987  8  8 12  0 13.480 1.000 35.76150  -118.35110  3.93700  1.20598      9.01516
1987  8  8 12 16 26.280 1.740 35.76110  -118.35033  4.12000  1.22602      9.02639
1987  8  8 12 42 35.760 1.890 35.76588  -118.35190  3.92800  0.74521      9.04446
1987  8  8 12 54 19.420 2.350 35.76598  -118.35213  3.91200  0.74328      9.05276
1987  8  8 12 57 58.990 1.000 35.76526  -118.35240  3.95200  0.80666      9.05520
1987  8  8 12 58  9.430 1.000 35.76546  -118.35261  3.89400  0.80881      9.05520
1987  8  8 12 58 32.110 1.400 35.76573  -118.35282  4.00600  0.74774      9.05569
1987  8  8 14 38 53.210 1.350 35.76465  -118.35283  3.88300  0.89868      9.12527
1987  8  8 22 13 56.520 1.580 35.76493  -118.35328  3.84400  0.89297      9.44119
1987  8  9  0 48  4.970 1.670 35.76651  -118.35221  4.04600  0.64568      9.54836
1987  8  9  1 19 52.580 1.900 35.76567  -118.35217  3.87800  0.78880      9.57034
1987  8  9  3 12 43.160 3.410 35.76912  -118.35513  3.86500  0.59185      9.64871
1987  8  9  3 13 50.940 2.310 35.77131  -118.35261  3.99700  0.25847      9.64944
1987  8  9  3 14 39.270 3.400 35.77317  -118.35208  4.21500  0.14633      9.65017
1987  8  9  3 21 45.270 1.680 35.76479  -118.35078  3.98500  0.84039      9.65505
1987  8  9  3 52 17.210 2.090 35.76541  -118.35191  3.78700  0.85326      9.67629
1987  8  9  4 49 23.770 1.770 35.77013  -118.35445  3.93200  0.45603      9.71585
1987  8  9  5 30 42.400 1.430 35.76606  -118.35004  4.21800  0.67729      9.74465
1987  8  9  6 34 14.300 1.300 35.77420  -118.35075  4.22700  0.24016      9.78860
1987  8  9  6 47 25.410 2.440 35.77368  -118.35184  4.14600  0.19666      9.79788
1987  8  9  6 47  9.180 1.390 35.77365  -118.35165  4.16900  0.18315      9.79763
1987  8  9  6 55  5.740 2.440 35.77267  -118.35351  4.03300  0.27864      9.80325
1987  8  9  7  8  9.840 1.310 35.76895  -118.35094  4.33800  0.37326      9.81228
1987  8  9  8 21 57.510 1.390 35.77454  -118.35415  4.13100  0.38965      9.86355
1987  8  9  8 21 48.870 1.120 35.77447  -118.35381  4.10800  0.36907      9.86331
1987  8  9  8 22 26.530 2.070 35.76466  -118.35277  3.88900  0.89464      9.86379
1987  8  9  8 25 46.220 1.960 35.77472  -118.35406  4.02400  0.43127      9.86624
1987  8  9  8 25 36.250 1.350 35.77433  -118.35384  4.11900  0.35715      9.86599
1987  8  9  8 30 36.930 1.300 35.76529  -118.35303  3.92300  0.82242      9.86941
1987  8  9  8 31 13.550 1.000 35.76630  -118.35430  3.33000  1.12066      9.86990
1987  8  9  8 32 26.210 1.610 35.77287  -118.35396  3.87500  0.42245      9.87087
1987  8  9  8 51  3.680 1.200 35.76564  -118.35438  3.86600  0.84240      9.88381
1987  8  9  8 55  6.320 1.290 35.76460  -118.35035  4.30200  0.84091      9.88650
1987  8  9  9 32  0.590 1.500 35.76151  -118.35059  4.05500  1.18587      9.91213
1987  8  9  9 50  3.760 1.200 35.77331  -118.35473  3.86600  0.48539      9.92459
1987  8  9 11 19 19.080 1.000 35.77239  -118.35479  3.85300  0.47973      9.98660
1987  8  9 11 52 14.030 1.200 35.77077  -118.35560  3.81900  0.57284     10.00955
1987  8  9 12 38 53.400 1.400 35.77315  -118.35406  3.95300  0.38036     10.04202
1987  8  9 12 40 37.600 1.100 35.76599  -118.35695  3.48500  1.11634     10.04324
1987  8  9 12 40 43.570 1.500 35.77251  -118.35390  3.95000  0.35625     10.04324
1987  8  9 13  5 27.030 1.100 35.77402  -118.35522  4.07100  0.44379     10.06033
1987  8  9 13 38 34.760 1.300 35.77282  -118.35468  3.83300  0.49387     10.08328
1987  8  9 14 26 23.270 2.370 35.77399  -118.35128  4.20400  0.21283     10.11648
1987  8  9 14 57 34.330 1.330 35.77356  -118.35526  4.01200  0.44664     10.13821
1987  8  9 18 38 18.630 1.200 35.76102  -118.35197  3.80500  1.29453     10.29153
1987  8  9 19 36 20.480 1.200 35.77468  -118.35313  4.15800  0.34163     10.33181
1987  8  9 20 47 22.450 1.400 35.77211  -118.35527  3.84100  0.51773     10.38113
1987  8  9 22 12 23.090 1.860 35.77106  -118.35451  3.93400  0.41906     10.44021
1987  8 10  3 36  9.220 1.400 35.76422  -118.35780  3.49400  1.27467     10.66506
1987  8 10  5  1 21.810 1.400 35.77319  -118.35514  3.86100  0.51055     10.72415
1987  8 10  8  0 19.300 1.400 35.77099  -118.35564  3.82000  0.56926     10.84841
1987  8 10 20 51 27.680 1.100 35.77181  -118.35443  3.93600  0.39819     11.38406
1987  8 11  7 54 21.440 1.200 35.76646  -118.35065  4.09800  0.63549     11.84426
1987  8 12  0 50 14.010 1.400 35.77471  -118.35303  4.18400  0.33712     12.54983
1987  8 12  6 40 49.630 1.720 35.76680  -118.35143  4.18800  0.58756     12.79324
1987  8 12  6 58 56.310 2.170 35.76589  -118.35105  4.03500  0.70901     12.80593
1987  8 12  7  2 28.210 2.840 35.76552  -118.35178  3.92400  0.78329     12.80837
1987  8 12  7  3 51.370 1.700 35.76570  -118.35120  3.99000  0.74081     12.80935
1987  8 12  7  6 39.300 2.030 35.76719  -118.35280  3.98100  0.60540     12.81130
1987  8 12  7  8 17.320 1.000 35.76905  -118.35366  4.10100  0.41709     12.81228
1987  8 12  7  8 19.860 2.220 35.76854  -118.35416  3.88000  0.57618     12.81228
1987  8 12  7 15 51.910 1.640 35.76672  -118.35542  4.06100  0.72260     12.81765
1987  8 12  7 16 37.590 1.600 35.76294  -118.35195  3.88300  1.06786     12.81814
1987  8 12  7 25 55.320 1.650 35.76722  -118.35627  3.90200  0.77057     12.82449
1987  8 12  8 34 27.660 1.500 35.76733  -118.35594  3.70500  0.84410     12.87210
1987  8 12  8 36 47.720 1.930 35.76812  -118.35661  4.11700  0.66458     12.87380
1987  8 12 16 40 38.880 1.500 35.76666  -118.35160  4.13200  0.60826     13.20974
1987  8 13 10 24 43.590 3.620 35.76373  -118.35258  3.85000  1.00162     13.94876
1987  8 13 11 28 19.550 1.950 35.76362  -118.35242  3.82000  1.02211     13.99294
1987  8 13 13  9 54.740 1.830 35.76308  -118.35240  3.73200  1.11173     14.06350
1987  8 15  9 33 37.650 1.000 35.77469  -118.35087  4.22500  0.29242     15.91335
1987  8 15 12 49 21.580 1.210 35.77406  -118.35236  4.14800  0.25092     16.04910
