1989  5 17  4 42 31.900 1.200 35.48049  -118.45462  1.56800  0.00000      2.01143
1989  5 17  7 42 54.960 1.500 35.48021  -118.45428  1.54100  0.05121      2.13667
1989  5 17  9 59 49.540 1.000 35.48069  -118.45559  1.60400  0.09749      2.23164
1989  5 17 12  8 45.970 1.000 35.48008  -118.45518  1.63200  0.09371      2.32124
1989  5 17 23 53 30.750 1.700 35.48098  -118.45434  1.54000  0.06608      2.81074
1989  5 18  2 34 48.430 1.830 35.48105  -118.45400  1.51100  0.10096      2.92256
1989  5 18  2 37 53.540 1.300 35.48053  -118.45379  1.47800  0.11735      2.92476
1989  5 18  2 42 30.960 1.440 35.47998  -118.45318  1.45700  0.18007      2.92793
1989  5 18  3 59 43.220 1.270 35.47978  -118.45310  1.47900  0.18141      2.98164
1989  5 18  4 48 59.360 1.000 35.47947  -118.45330  1.57600  0.16493      3.01582
1989  5 18  6 49 54.350 2.790 35.47972  -118.45455  1.57500  0.08618      3.09980
1989  5 18  6 51 37.680 2.340 35.48071  -118.45541  1.63900  0.10348      3.10103
1989  5 18  7 35 32.280 1.000 35.48079  -118.45300  1.46200  0.18384      3.13154
1989  5 18  7 43 42.180 1.110 35.47985  -118.45134  1.36800  0.36499      3.13716
1989  5 18  8  7 14.950 1.000 35.48099  -118.45296  1.43200  0.21027      3.15352
1989  5 18  8 34 37.370 1.000 35.47990  -118.45587  1.68100  0.17296      3.17256
1989  5 18  8 35 13.920 1.300 35.47986  -118.45607  1.73400  0.22334      3.17305
1989  5 18  8 44 17.820 1.560 35.48093  -118.45242  1.34100  0.30531      3.17915
1989  5 18  9 30  3.010 1.600 35.47995  -118.45102  1.29000  0.43279      3.21089
1989  5 18  9 52 25.470 2.110 35.48110  -118.45284  1.41300  0.23284      3.22651
1989  5 18 10 32 21.130 1.000 35.48165  -118.45331  1.57100  0.17490      3.25435
1989  5 18 10 55 30.060 1.000 35.48120  -118.45184  1.34300  0.34617      3.27046
1989  5 18 11 22 32.370 1.400 35.47970  -118.45061  1.33900  0.43839      3.28901
1989  5 18 13 30 49.480 1.700 35.48195  -118.45464  1.55400  0.16274      3.37812
1989  5 18 14 19 33.720 2.600 35.48099  -118.45357  1.42600  0.17954      3.41206
1989  5 18 15  6 50.300 1.100 35.48152  -118.45180  1.39500  0.32864      3.44478
1989  5 18 15  8 13.710 1.300 35.48225  -118.45213  1.33900  0.37568      3.44575
1989  5 18 15 37  1.020 2.640 35.48225  -118.45194  1.25400  0.44215      3.46577
1989  5 18 15 38  9.910 1.000 35.48174  -118.45023  1.23400  0.53664      3.46675
1989  5 18 16  3 33.840 1.410 35.48247  -118.45325  1.45800  0.27564      3.48433
1989  5 18 16  5 31.530 1.600 35.48008  -118.45100  1.28600  0.43508      3.48555
1989  5 18 23 34 58.740 1.500 35.48218  -118.45034  1.19200  0.57120      3.79780
1989  5 19  1  5 24.410 1.100 35.47867  -118.45244  1.49800  0.29133      3.86055
1989  5 19  1 37  0.860 1.500 35.48363  -118.45341  1.32400  0.43975      3.88252
1989  5 19  4 16  7.650 1.000 35.48346  -118.45354  1.39400  0.38570      3.99312
1989  5 19  5 26  5.320 1.130 35.48299  -118.45102  1.13300  0.61058      4.04170
1989  5 19  5 57 30.910 1.000 35.47932  -118.45479  1.64600  0.15252      4.06343
1989  5 19  9 54 48.100 1.000 35.48298  -118.45089  1.15200  0.60311      4.22822
1989  5 19 10 58 38.710 1.080 35.48188  -118.45107  1.25800  0.47237      4.27241
1989  5 19 10 59 16.100 1.000 35.48177  -118.45102  1.28700  0.45336      4.27290
1989  5 19 11 38 10.690 1.300 35.48203  -118.45155  1.32100  0.40882      4.30000
1989  5 19 11 41 30.760 1.000 35.48309  -118.45222  1.27900  0.46253      4.30220
1989  5 19 12 10 27.410 1.710 35.48174  -118.45061  1.15500  0.56725      4.32246
1989  5 19 17 56 41.870 1.000 35.48276  -118.45032  1.10200  0.65781      4.56294
1989  5 19 21 43  8.020 2.180 35.48286  -118.45320  1.37300  0.35183      4.72017
1989  5 19 23 56 26.850 2.130 35.48347  -118.45255  1.27100  0.48245      4.81270
1989  5 20  3 47 39.950 1.000 35.47734  -118.45442  1.68200  0.36884      4.97334
1989  5 20  4 30 56.920 1.410 35.47752  -118.45447  1.67800  0.34842      5.00337
1989  5 20  6 42 31.020 1.260 35.47816  -118.45379  1.57900  0.26995      5.09468
1989  5 20  7  8 42.830 2.690 35.47811  -118.45415  1.59700  0.26952      5.11274
1989  5 20  7 10 21.070 1.000 35.47530  -118.45980  1.33000  0.78127      5.11397
1989  5 20  7 42 31.190 1.300 35.47691  -118.45385  1.64600  0.41164      5.13643
1989  5 20  7 55 39.460 2.180 35.47958  -118.45583  1.70300  0.20166      5.14546
1989  5 20  8  6 11.940 1.000 35.48029  -118.45295  1.48300  0.17505      5.15278
1989  5 20  8 50 16.610 1.000 35.47583  -118.45453  1.94100  0.63862      5.18330
1989  5 20  9 52 43.560 1.000 35.47681  -118.45351  1.72300  0.44897      5.22676
1989  5 20 10  0 48.350 1.400 35.47960  -118.45059  1.30600  0.45951      5.23237
1989  5 20 10  7 15.060 1.030 35.47683  -118.45436  1.73200  0.43963      5.23677
1989  5 20 20 28  1.140 1.210 35.47758  -118.45544  1.80500  0.40782      5.66792
1989  5 20 22 20 22.560 1.630 35.48378  -118.45330  1.35000  0.44212      5.74605
1989  5 21  3 30 28.580 1.000 35.47693  -118.45640  1.88900  0.53480      5.96138
1989  5 21 21 32 58.000 1.200 35.47953  -118.45475  1.64000  0.12945      6.71309
1989  5 21 22 14 10.930 1.600 35.47639  -118.46244  2.57600  1.31352      6.74165
1989  5 22  0 55 58.360 1.500 35.47637  -118.46075  2.39900  1.09910      6.85396
1989  5 22  2 21 44.850 1.200 35.47723  -118.46075  2.34300  1.01968      6.91353
1989  5 22 10  9 25.370 1.100 35.47480  -118.45430  1.89000  0.71059      7.23823
1989  5 22 11 22 22.550 1.030 35.47557  -118.46092  2.49300  1.21710      7.28901
1989  5 23  8 13 58.710 1.200 35.47478  -118.45657  1.28400  0.71773      8.15815
1989  5 23  8 33 21.600 1.110 35.47796  -118.45995  2.04400  0.73450      8.17158
1989  5 23 22 26  4.720 1.500 35.47352  -118.45631  1.29900  0.83492      8.74995
1989  5 24  5 43 36.980 1.600 35.47373  -118.45573  1.21200  0.83803      9.05366
1989  5 24  6 18 45.840 1.130 35.47337  -118.45523  1.22100  0.86646      9.07808
1989  5 24  7 31 28.390 1.100 35.47884  -118.46104  2.54400  1.15061      9.12861
1989  5 24  8 11  7.360 1.400 35.47399  -118.45487  1.13600  0.84226      9.15620
1989  5 24  8 19  5.020 2.130 35.47305  -118.45428  1.03100  0.98685      9.16182
1989  5 24  9  1 30.140 1.000 35.47478  -118.45496  1.55400  0.63593      9.19111
1989  5 24 10 38 27.160 1.000 35.48451  -118.45226  1.18700  0.62457      9.25850
1989  5 24 10 38 50.010 1.000 35.47450  -118.45644  1.18800  0.78456      9.25874
1989  5 24 12 51 43.610 1.160 35.47834  -118.46076  2.42400  1.04873      9.35103
1989  5 24 15 16 24.620 1.200 35.47895  -118.46064  2.41800  1.02464      9.45161
1989  5 24 16 20  4.760 1.700 35.47458  -118.45750  1.36900  0.73475      9.49580
1989  5 24 16 48 30.840 1.100 35.47331  -118.45706  1.36900  0.85234      9.51558
1989  5 24 18 16 55.530 1.100 35.47395  -118.45896  1.49800  0.82991      9.57686
1989  5 24 18 29 39.910 1.300 35.47121  -118.45617  1.42200  1.05170      9.58564
1989  5 24 22  8 41.770 1.730 35.47240  -118.45752  1.46500  0.94287      9.73774
1989  5 24 23 24 23.690 1.930 35.47299  -118.45878  1.55200  0.91558      9.79048
1989  5 25  0 13  3.350 2.030 35.47301  -118.45921  1.64300  0.93304      9.82417
1989  5 25  0 27 55.540 1.400 35.47260  -118.45869  1.64900  0.95499      9.83442
1989  5 25  0 40 59.750 1.880 35.47245  -118.45890  1.68400  0.98136      9.84370
1989  5 25  0 56 46.600 2.040 35.47512  -118.45633  1.16000  0.73972      9.85444
1989  5 25  1 26  5.410 1.200 35.47042  -118.45662  1.47400  1.13816      9.87495
1989  5 25  3 47 44.590 1.360 35.47368  -118.45892  1.52600  0.85294      9.97334
1989  5 25  4  9  6.390 1.300 35.46936  -118.45578  1.47000  1.24590      9.98823
1989  5 25  5 16 55.260 1.000 35.47040  -118.45809  1.67000  1.16952     10.03511
1989  5 25  6  4 36.840 1.400 35.46799  -118.45544  1.21300  1.43643     10.06831
1989  5 25  6  9  6.690 1.200 35.46870  -118.45676  1.55000  1.32534     10.07148
1989  5 25  6 30 52.130 1.000 35.47023  -118.45778  1.59300  1.17647     10.08662
1989  5 25  6 44 45.940 1.700 35.47808  -118.45789  1.31600  0.47276     10.09614
1989  5 25  7 12 56.600 1.220 35.47817  -118.45708  1.25100  0.46560     10.11567
1989  5 25  8 17 58.120 1.740 35.47779  -118.45789  1.31200  0.49381     10.16084
1989  5 25  8 50 15.790 1.680 35.46870  -118.45626  1.51600  1.32044     10.18330
1989  5 25  9  7 54.230 1.500 35.47867  -118.45749  1.26800  0.44558     10.19551
1989  5 25  9 38  5.360 1.000 35.47890  -118.45750  1.17700  0.50211     10.21650
1989  5 25 11 41 41.430 1.080 35.47747  -118.45687  1.47800  0.40325     10.30244
1989  5 25 16 41 59.190 1.400 35.47205  -118.45552  1.33600  0.97044     10.51094
1989  5 26  0 10 19.560 1.200 35.47470  -118.45966  1.57100  0.78953     10.82222
1989  5 26  6 39 29.200 1.000 35.47532  -118.45918  1.30100  0.75682     11.09248
1989  5 26  6 40  1.970 1.000 35.47501  -118.45961  1.38200  0.78126     11.09297
1989  5 26  9 56  2.480 2.420 35.47560  -118.45919  1.32500  0.72533     11.22896
1989  5 26 10 21 31.360 1.000 35.47643  -118.45963  1.07800  0.80641     11.24678
1989  5 26 11 11 50.590 1.000 35.47734  -118.45735  1.23300  0.54451     11.28169
1989  5 26 12  3 46.140 1.460 35.47786  -118.45718  1.23100  0.50282     11.31782
1989  5 26 12 25 34.510 1.000 35.47744  -118.45683  1.22000  0.52606     11.33296
1989  5 26 12 39 13.880 1.150 35.47692  -118.45721  1.30800  0.52926     11.34248
1989  5 27 20 44 38.530 1.100 35.47700  -118.45970  1.38000  0.63126     12.67939
1989  5 28 15 22  1.220 1.000 35.47880  -118.45720  1.65000  0.31071     13.45552
1989  5 29 12 36 57.910 1.100 35.47650  -118.45070  1.95000  0.68438     14.34077
1989  5 29 12 45 49.210 1.400 35.47586  -118.45480  1.81900  0.57305     14.34688
1989  5 29 13 44 25.660 1.810 35.47609  -118.45538  1.76400  0.53182     14.38765
1989  5 29 16 15 48.970 1.300 35.46880  -118.45350  2.05000  1.39024     14.49287
1989  5 29 21 23  9.390 2.550 35.47677  -118.45354  1.61700  0.42824     14.70625
1989  5 30  6 24 24.740 1.000 35.47980  -118.45480  1.19000  0.38605     15.08198
1989  5 30  9  0 58.590 1.200 35.47580  -118.45480  1.58000  0.52213     15.19087
1989  5 30 13 45 38.050 1.400 35.48018  -118.45606  1.68400  0.17828     15.38838
1989  5 31 14 51 57.030 2.200 35.48381  -118.44971  0.94000  0.85328     16.43452
1989  5 31 18 27 55.700 1.300 35.48396  -118.44966  0.92800  0.87128     16.58442
1989  6  1 23 59 18.290 1.670 35.48290  -118.45287  1.83200  0.40783     17.81465
1989  6  2  2 40 41.720 1.200 35.48109  -118.45374  1.89200  0.34011     17.92671
1989  6  3 10 24 53.300 1.000 35.47220  -118.45300  1.48000  0.93782     19.24897
1989  6  6  7 27 14.360 1.000 35.47020  -118.46080  0.97000  1.40717     22.12568
