1995  9 10  8  4 28.815 1.000 -5.81240   -36.89350  1.80400  0.00000     11.82617
1995  9 10 15 30 36.223 1.000 -5.81210   -36.89170  1.84300  0.20573     12.13623
1995  9 11  4 50  6.643 1.000 -5.81210   -36.89180  1.89800  0.21303     12.69141
1995  9 14 12 32 19.067 1.000 -5.81470   -36.89420  1.74100  0.27445     16.01221
1995  9 18 12 20 18.205 1.000 -5.81760   -36.89700  1.97100  0.71549     20.00391
1995  9 19  4 29 48.469 1.000 -5.81600   -36.89650  2.03000  0.56676     20.67725
1995  9 24 23 16 28.283 1.000 -5.81600   -36.89640  1.78800  0.51306     26.45947
1995  9 30 11 20  7.704 1.000 -5.81560   -36.89910  1.61000  0.74020     31.96191
1995 10  3  4 57 27.474 1.000 -5.81720   -36.89690  1.88400  0.65776     34.69629
1995 10  4  7 43  1.937 1.000 -5.81400   -36.89480  1.91400  0.25356     35.81152
1995 10  4 11  0 22.345 1.000 -5.81770   -36.89690  1.94200  0.71251     35.94824
1995 10  5 17 44 53.116 1.000 -5.81670   -36.89760  1.93200  0.67107     37.22949
1995 10  5 23 25 52.751 1.000 -5.81770   -36.89770  1.93600  0.76193     37.46582
1995 10  6  8 39 22.922 1.000 -5.81590   -36.89510  1.69600  0.44085     37.85059
1995 10  6 11 27 16.837 1.000 -5.81720   -36.89650  2.05600  0.67699     37.96680
1995 10  6 13 42 24.572 1.000 -5.81720   -36.89690  1.96900  0.67341     38.06104
1995 10  7  6 35 36.524 1.000 -5.81630   -36.89580  1.94800  0.52298     38.76465
1995 10  7 10 50 29.931 1.000 -5.81660   -36.89600  1.99900  0.57661     38.94141
1995 10  7 14  2 13.103 1.000 -5.81670   -36.89600  1.99300  0.58372     39.07471
1995 10  7 15 39 57.162 1.000 -5.81490   -36.89480  2.10000  0.43060     39.14258
1995 10  7 17 27 38.766 1.000 -5.81790   -36.89860  1.92800  0.84110     39.21729
1995 10  9  0 50 19.872 1.000 -5.81400   -36.89520  1.88500  0.27104     40.52490
1995 10  9  4 14 52.590 1.000 -5.81490   -36.89560  1.93500  0.38498     40.66650
1995 10  9  7 28 51.501 1.000 -5.81650   -36.89640  1.92600  0.57054     40.80127
1995 10  9  9 17 27.783 1.000 -5.81590   -36.89550  1.98800  0.48386     40.87695
1995 10  9 19 59 20.125 1.000 -5.81620   -36.89600  1.82000  0.50510     41.32275
1995 10  9 21 52 13.914 1.000 -5.81820   -36.89810  1.92400  0.83016     41.40088
1995 10 10  9 10 43.129 1.000 -5.81850   -36.89710  1.74800  0.78827     41.87207
1995 10 10 11 59 44.724 1.000 -5.81680   -36.89640  2.10200  0.65646     41.98975
1995 10 10 12 35 44.705 1.000 -5.81620   -36.89630  1.87000  0.52790     42.01465
1995 10 10 12 53 23.821 1.000 -5.81650   -36.89610  1.85700  0.54153     42.02686
1995 10 10 13 10 20.131 1.000 -5.81670   -36.89600  1.98000  0.57964     42.03857
1995 10 10 18 21 12.465 1.000 -5.81710   -36.89650  2.06100  0.67012     42.25439
1995 10 11 17 25  7.892 1.000 -5.81340   -36.89320  1.70200  0.15452     43.21533
1995 10 11 18 54 45.703 1.000 -5.81690   -36.89490  1.94700  0.54293     43.27783
1995 10 11 19 23 44.601 1.000 -5.81620   -36.89610  2.03500  0.56074     43.29785
1995 10 11 20  5 58.762 1.000 -5.81760   -36.89790  1.96400  0.77228     43.32715
1995 10 11 23 25 56.485 1.000 -5.81510   -36.89480  1.89400  0.34464     43.46631
1995 10 12 20 22 11.841 1.000 -5.81920   -36.89860  2.03100  0.97019     44.33838
1995 10 13  2 30 41.230 1.000 -5.81730   -36.89670  2.20300  0.76245     44.59424
1995 10 13  2 31 31.319 1.000 -5.81760   -36.89740  2.07900  0.77189     44.59473
1995 10 13  2 47 21.184 1.000 -5.81780   -36.89700  2.17600  0.80541     44.60596
1995 10 13  5 26 47.766 1.000 -5.81780   -36.89770  2.10900  0.81819     44.71680
1995 10 13  5 38 39.953 1.000 -5.81770   -36.89730  2.13300  0.79501     44.72510
1995 10 13 13 30 26.548 1.000 -5.81760   -36.89780  1.93100  0.75920     45.05273
1995 10 13 16  8 10.836 1.000 -5.81720   -36.89650  2.06400  0.68001     45.16211
1995 10 13 19 28 26.405 1.000 -5.81750   -36.89750  1.88700  0.72385     45.30127
1995 10 14 13 38 33.210 1.000 -5.81570   -36.89570  1.72900  0.44641     46.05811
1995 10 15  0 40 42.659 1.000 -5.81890   -36.89840  1.68600  0.91095     46.51807
1995 10 15  3 21  1.051 1.000 -5.81740   -36.89760  1.67600  0.72857     46.62939
1995 10 15  6 58 33.378 1.000 -5.81780   -36.89690  2.13900  0.78367     46.78027
1995 10 15 15 28 12.028 1.000 -5.81530   -36.89510  1.95400  0.39714     47.13428
1995 10 17 20  8  9.656 1.000 -5.81830   -36.89800  2.10200  0.87548     49.32861
1995 10 17 20 35 28.872 1.000 -5.81870   -36.89840  2.02500  0.91271     49.34766
1995 10 18  6 27 53.864 1.000 -5.81560   -36.89530  1.77200  0.40894     49.75928
1995 10 19 23 35  9.550 1.000 -5.81780   -36.89650  2.00400  0.71448     51.47266
1995 10 20 10 45 24.105 1.000 -5.81710   -36.89610  2.03000  0.63776     51.93799
1995 10 20 12 12 16.684 1.000 -5.81600   -36.89600  1.84700  0.48831     51.99805
1995 10 20 17 25  3.746 1.000 -5.81560   -36.89700  2.11300  0.60979     52.21533
1995 10 27  5  1  1.878 1.000 -5.81460   -36.89440  1.86900  0.27192     58.69873
1995 10 27 13 24 31.140 1.000 -5.81460   -36.89540  1.95800  0.35727     59.04834
1995 10 27 14 28 50.380 1.000 -5.81550   -36.89600  1.75000  0.44507     59.09326
1995 10 27 16  2 18.949 1.000 -5.81560   -36.89510  1.86200  0.40153     59.15820
1995 10 27 20 44  1.113 1.000 -5.81570   -36.89500  1.85100  0.40538     59.35352
1995 10 27 20 53 41.138 1.000 -5.81520   -36.89570  1.83000  0.39575     59.36035
1995 10 28 19 59 26.257 1.000 -5.82030   -36.89850  1.82100  1.03799     60.32275
1995 10 29  9 20 24.811 1.000 -5.81710   -36.89730  2.12800  0.74472     60.87891
1995 10 29  9 28 21.226 1.000 -5.81730   -36.89620  2.21800  0.74646     60.88428
1995 10 29 19  9 45.731 1.000 -5.81990   -36.89840  2.12300  1.04436     61.28809
1995 10 29 20 58 19.427 1.000 -5.81720   -36.89790  2.16300  0.80640     61.36377
1995 11  5 23 49 23.477 1.000 -5.81880   -36.89820  1.83900  0.88192     68.48242
1995 11  6 22 17  3.463 1.000 -5.81590   -36.89690  2.09700  0.61535     69.41846
1995 11  6 23 39 34.750 1.000 -5.81550   -36.89510  1.77500  0.38843     69.47559
1995 11 11  2  5 26.674 1.000 -5.81980   -36.89780  1.96500  0.96379     73.57666
1995 11 15 15 52 56.397 1.000 -5.81590   -36.90290  2.42100  1.26996     78.15137
1995 11 15 16 53 41.692 1.000 -5.81670   -36.90050  2.59300  1.20436     78.19385
1995 11 16  7  3 47.637 1.000 -5.81600   -36.89490  1.78100  0.42977     78.78418
1995 11 19  2 38 49.027 1.000 -5.81810   -36.89750  1.77600  0.77328     81.60010
1995 11 22 14 20 42.581 1.000 -5.81260   -36.89500  2.67400  0.88593     85.08740
1995 11 25 18  8 28.279 1.000 -5.81580   -36.89570  1.81100  0.44942     88.24561
1995 11 25 18 43 43.241 1.000 -5.81890   -36.89870  1.81500  0.92363     88.27002
1995 11 25 19  4 35.252 1.000 -5.81840   -36.89700  1.77100  0.77193     88.28467
1995 11 26  0 53 46.300 1.000 -5.81720   -36.89760  1.83400  0.70080     88.52686
1995 11 26  3 39 46.508 1.000 -5.81920   -36.89750  1.97400  0.89223     88.64258
1995 11 26  5 30  5.312 1.000 -5.81650   -36.89630  1.75300  0.55345     88.71875
1995 11 27  1 30 43.296 1.000 -5.81730   -36.89530  1.78900  0.58019     89.55273
1995 11 27 15  2  5.814 1.000 -5.81870   -36.89690  2.10000  0.84834     90.11621
1995 11 27 15  2 39.763 1.000 -5.81790   -36.89850  1.95200  0.83752     90.11670
1995 11 28  4 13 32.539 1.000 -5.81380   -36.89390  1.77800  0.16387     90.66602
1995 11 28 22 28 48.584 1.000 -5.81100   -36.89150  1.76200  0.27413     91.42627
1995 11 28 22 29 44.370 1.000 -5.81250   -36.89200  1.80200  0.16664     91.42725
1995 12  1 19 24 16.937 1.000 -5.81540   -36.89530  1.74200  0.39336     94.29834
1995 12  1 22 25 38.012 1.000 -5.81860   -36.89770  1.66600  0.84271     94.42432
1995 12  2  9 35 12.597 1.000 -5.81410   -36.89410  2.48000  0.70504     94.88916
1995 12  2 12  2 28.717 1.000 -5.81310   -36.89520  2.55100  0.77415     94.99170
1995 12  2 19 44 28.176 1.000 -5.81450   -36.89490  2.36200  0.62438     95.31250
1995 12  5 14 36  2.752 1.000 -5.82120   -36.89770  1.89200  1.08672     98.09814
1995 12  5 23 51  7.594 1.000 -5.81570   -36.89470  1.78800  0.39040     98.48340
1995 12  6 17  9  3.870 1.000 -5.81990   -36.89810  1.84500  0.97774     99.20459
1995 12 12  5 30  1.969 1.000 -5.82060   -36.89830  1.84800  1.05590    104.71875
1995 12 13  1  0  6.745 1.000 -5.81210   -36.89640  1.85100  0.32570    105.53125
1995 12 15 13 54 49.490 1.000 -5.82010   -36.89780  1.93400  0.98784    108.06934
1995 12 17  0 32  6.435 1.000 -5.81540   -36.89410  1.77400  0.34144    109.51221
1995 12 17  6 46 32.714 1.000 -5.81300   -36.89590  1.95800  0.31401    109.77197
1995 12 17 22 27 48.447 1.000 -5.81460   -36.89590  1.88900  0.37080    110.42578
1995 12 18  0 36 59.655 1.000 -5.81690   -36.89420  2.22200  0.65654    110.51562
1996  1  2 19 40 35.296 1.000 -5.81560   -36.89540  1.77700  0.41404    126.30957
1996  1  5  1 52 29.541 1.000 -5.82030   -36.89760  1.79100  0.98849    128.56787
1996  1  6  1 17 11.299 1.000 -5.81580   -36.89740  2.13600  0.66260    129.54346
1996  1  6 17 48 15.281 1.000 -5.82070   -36.89690  1.90200  1.00136    130.23145
1996  1  7 20 34 16.680 1.000 -5.81850   -36.90000  1.59800  1.00968    131.34668
1996  1 10 23 15 53.356 1.000 -5.81620   -36.89500  1.96900  0.48291    134.45898
