1994  7 15  3 24 47.430 1.430 34.05184  -117.50980  3.38000  0.00000      2.79482
1994  7 15  6  7  2.870 1.190 34.05232  -117.50953  3.45800  0.09765      2.90762
1994  7 15  6 26 16.040 1.330 34.05215  -117.51002  3.30500  0.08480      2.92080
1994  7 15 15  5 21.430 1.210 34.05141  -117.50922  3.50600  0.14545      3.28164
1994  7 15 15 34  1.940 1.490 34.05081  -117.50900  3.30800  0.15428      3.30117
1994  7 15 21 59  3.580 2.100 34.05297  -117.50935  3.35700  0.13431      3.56875
1994  7 16  0  9 56.060 1.050 34.05391  -117.51009  3.59800  0.31798      3.65957
1994  7 16  0 41 20.650 1.370 34.05323  -117.50956  3.65900  0.31961      3.68154
1994  7 16  7 29 48.890 1.000 34.05212  -117.50974  3.38600  0.03212      3.96523
1994  7 16 12 37 35.590 1.420 34.05403  -117.51083  3.30400  0.27202      4.17861
1994  7 17  5  8 31.190 1.140 34.05113  -117.50956  3.20000  0.19799      4.86709
1994  7 17 12 38  2.300 1.020 34.05364  -117.51159  3.14100  0.35202      5.17910
1994  7 17 13 30 41.170 1.130 34.05264  -117.51074  3.08200  0.32256      5.21572
1994  7 17 19 32 31.070 1.000 34.05500  -117.51231  3.12500  0.49149      5.46719
1994  7 17 19 37 15.420 1.020 34.05495  -117.51125  3.02900  0.51050      5.47012
1994  7 17 20  5 17.700 1.290 34.05459  -117.51173  3.03400  0.49421      5.48965
1994  7 17 21 16 20.550 1.450 34.05420  -117.51146  3.05800  0.44232      5.53897
1994  7 17 23  1 21.080 1.240 34.05592  -117.51247  3.17600  0.55429      5.61221
1994  7 17 23  8 19.440 1.330 34.05264  -117.51031  3.09200  0.30480      5.61709
1994  7 18  2 55 25.010 1.150 34.05456  -117.51151  3.36600  0.34120      5.77432
1994  7 18  3 43 27.130 1.070 34.05552  -117.51185  3.32000  0.45426      5.80801
1994  7 18  3 46 23.080 1.400 34.05375  -117.51007  3.44100  0.22210      5.80996
1994  7 18  3 46 35.360 1.430 34.05318  -117.51037  3.36800  0.15812      5.80996
1994  7 18  4 10 29.220 1.250 34.05476  -117.51109  3.42000  0.34762      5.82656
1994  7 18  4 16 42.920 1.010 34.05153  -117.50979  3.17500  0.20792      5.83096
1994  7 18  5  3 18.370 1.000 34.05654  -117.51245  3.41800  0.57794      5.86318
1994  7 18  9  6 57.590 2.170 34.05124  -117.50951  3.08700  0.30178      6.03262
1994  7 18 10 59 49.460 1.880 34.05532  -117.51234  3.04600  0.56177      6.11074
1994  7 18 11  1 14.870 1.360 34.05594  -117.51254  3.22500  0.54318      6.11172
1994  7 18 11 14 44.320 1.000 34.05445  -117.51332  2.96700  0.59984      6.12148
1994  7 18 11 28 31.940 1.350 34.05235  -117.51015  3.26500  0.13184      6.13076
1994  7 18 11 35 54.440 1.170 34.05615  -117.51248  3.28800  0.54611      6.13613
1994  7 18 14 12  9.600 2.140 34.05537  -117.51139  2.91300  0.62727      6.24453
1994  7 18 14 28 36.590 1.180 34.05724  -117.51359  3.45300  0.69785      6.25576
1994  7 18 16 55 29.750 1.400 34.05544  -117.51225  3.36900  0.45927      6.35781
1994  7 18 17 22 54.160 1.160 34.05637  -117.51223  3.43700  0.55380      6.37686
1994  7 18 20 59 33.950 1.150 34.05619  -117.51190  3.46100  0.52712      6.52725
1994  7 19  1  2 45.120 1.070 34.05475  -117.51223  2.88500  0.63208      6.69619
1994  7 19  4 13 25.270 2.200 34.05197  -117.51019  2.95700  0.42478      6.82852
1994  7 19  6  2  3.420 1.000 34.05010  -117.51040  3.01200  0.41951      6.90420
1994  7 19 13 12 11.740 1.370 34.05369  -117.51155  3.14900  0.34883      7.20303
1994  7 20  0  5 17.500 1.520 34.05088  -117.50945  3.04200  0.35597      7.65664
1994  7 20 16 49  5.210 1.210 34.05661  -117.51279  3.11900  0.65162      8.35342
1994  7 20 22 24 39.110 2.070 34.05330  -117.51165  2.81000  0.61648      8.58633
1994  7 21  0 43  8.010 1.360 34.05236  -117.51122  2.75600  0.64017      8.68252
1994  7 21  1 18 32.270 1.660 34.05340  -117.51219  2.76700  0.67380      8.70742
1994  7 21  2 39 17.500 1.000 34.05199  -117.51025  2.89800  0.48403      8.76357
1994  7 21  2 40 26.600 1.190 34.05215  -117.51053  2.84300  0.54218      8.76406
1994  7 21  4 34  5.440 1.330 34.05394  -117.51129  3.02700  0.44472      8.84316
1994  7 21  7 36 46.750 1.210 34.05206  -117.51042  3.10200  0.28474      8.97012
1994  7 21  9 43 11.080 1.370 34.05670  -117.51330  3.50200  0.64033      9.05752
1994  7 21 21 18 40.900 1.410 34.05366  -117.51034  2.79300  0.62283      9.54092
1994  7 22  9 16  9.480 1.050 34.05906  -117.51537  2.78300  1.12395     10.03897
1994  7 23 15 58 21.630 1.180 34.05435  -117.51184  2.80000  0.67039     11.31826
1994  7 23 17  6 17.740 1.530 34.05876  -117.51434  3.24900  0.88546     11.36563
1994  7 23 20 45 20.190 1.530 34.05754  -117.51335  3.17200  0.74252     11.51748
1994  7 23 21  3 37.110 1.830 34.05696  -117.51299  3.24800  0.65420     11.53018
1994  7 23 21 30 17.450 1.270 34.05726  -117.51268  3.44000  0.66060     11.54873
1994  7 23 21 31  0.030 1.600 34.05623  -117.51263  3.32500  0.55538     11.54922
1994  7 23 22 23  6.480 1.650 34.05515  -117.51158  3.41300  0.40397     11.58535
1994  7 23 22 23 25.770 1.570 34.05595  -117.51243  3.46100  0.52287     11.58584
1994  7 23 22 35 30.070 1.110 34.05481  -117.51337  2.93100  0.64670     11.59414
1994  7 24  0 10 16.560 1.530 34.05423  -117.51094  3.37500  0.28548     11.66006
1994  7 24  0 39 57.950 1.200 34.05487  -117.51140  3.29000  0.37803     11.68057
1994  7 24  2  1 34.910 1.000 34.05235  -117.51083  3.31400  0.12849     11.73721
1994  7 24  3 20 46.930 1.850 34.05709  -117.51337  3.14700  0.70902     11.79238
1994  7 24  4  9 25.680 1.740 34.05680  -117.51305  3.03200  0.71734     11.82607
1994  7 24  5 21 14.400 1.190 34.05517  -117.51173  3.66900  0.50157     11.87588
1994  7 24  5 21  1.810 1.170 34.05549  -117.51182  3.67400  0.53414     11.87588
1994  7 24  5 39 22.900 1.380 34.05704  -117.51334  3.54700  0.68447     11.88857
1994  7 24  6 26  8.020 1.570 34.05451  -117.51107  3.59300  0.38304     11.92080
1994  7 24  7 50 59.330 1.000 34.05347  -117.51119  3.57900  0.29796     11.97988
1994  7 24  8 17 59.440 1.000 34.05367  -117.50986  3.61400  0.30990     11.99844
1994  7 24  8 18 47.750 1.000 34.05405  -117.50971  3.61500  0.34004     11.99893
1994  7 24  8 19 14.840 1.000 34.05350  -117.51061  3.58400  0.28494     11.99941
1994  7 24  8 41  5.390 1.220 34.05464  -117.51091  3.53300  0.36141     12.01455
1994  7 24  9  2 17.350 1.000 34.05355  -117.51038  3.48600  0.22405     12.02920
1994  7 24  9 18 43.600 1.880 34.05207  -117.50889  3.57500  0.21421     12.04092
1994  7 24  9 31 11.720 1.290 34.05502  -117.51144  3.51400  0.40666     12.04922
1994  7 24  9 47 21.350 1.620 34.05202  -117.50980  3.56000  0.18111     12.06045
1994  7 24  9 56  9.120 1.260 34.05467  -117.51123  3.41900  0.34260     12.06680
1994  7 24 10  5 10.180 1.090 34.05725  -117.51440  3.46000  0.73965     12.07314
1994  7 24 10 26 45.260 1.000 34.05326  -117.50949  3.58300  0.25873     12.08779
1994  7 24 11 13 51.370 1.130 34.05466  -117.51406  3.16400  0.54615     12.12051
1994  7 24 11 13 43.250 1.000 34.05406  -117.51440  3.30300  0.49564     12.12051
1994  7 24 11 20 44.080 1.280 34.05201  -117.50955  3.37900  0.02991     12.12539
1994  7 24 11 41  3.990 1.000 34.05333  -117.51077  3.37600  0.18792     12.13955
1994  7 24 13  3 31.740 1.000 34.05753  -117.51392  3.53600  0.75349     12.19668
1994  7 24 13 34 13.290 2.570 34.05679  -117.51339  3.55600  0.66519     12.21816
1994  7 24 13 57 59.320 1.790 34.05614  -117.51289  3.63600  0.61221     12.23477
1994  7 24 14 15 33.980 1.300 34.05259  -117.51034  3.22100  0.18600     12.24697
1994  7 24 14 18 54.880 1.410 34.05536  -117.51183  3.71400  0.54710     12.24941
1994  7 24 14 39 51.940 1.090 34.05563  -117.51213  3.58600  0.51530     12.26357
1994  7 24 15 15 46.560 1.490 34.05671  -117.51319  3.77200  0.73734     12.28848
1994  7 24 16 22 35.070 1.000 34.05295  -117.51241  2.67100  0.75872     12.33486
1994  7 24 16 35  3.810 1.000 34.05833  -117.51339  3.60800  0.82547     12.34365
1994  7 24 19 45 59.100 1.050 34.05764  -117.51351  3.63500  0.77304     12.47647
1994  7 24 19 54  9.430 1.230 34.05798  -117.51386  3.67400  0.83184     12.48184
1994  7 24 20  7 49.590 1.020 34.05681  -117.51210  4.14600  0.96759     12.49160
1994  7 24 21  6 23.800 1.000 34.05948  -117.51459  3.29600  0.96023     12.53213
1994  7 25  2 28 30.760 1.090 34.05505  -117.51402  2.59300  0.94745     12.75576
1994  7 25  4 52  3.570 1.110 34.05951  -117.51422  3.34300  0.94553     12.85537
1994  7 25  6 29  4.950 1.000 34.05396  -117.51485  2.57100  0.96226     12.92275
1994  7 25  7 22 55.110 1.330 34.05564  -117.51226  3.80400  0.63992     12.96035
1994  7 25 10 55  1.670 1.000 34.05822  -117.51400  3.65800  0.85431     13.10781
1994  7 25 16 18 38.670 2.390 34.05438  -117.51133  3.80700  0.53068     13.33242
1994  7 25 17  0 37.500 2.190 34.05604  -117.51289  3.71800  0.64275     13.36172
1994  7 25 18 19 26.110 1.700 34.05440  -117.51308  2.54600  0.93148     13.41641
1994  7 26  0 33 12.910 1.090 34.05401  -117.51228  2.59900  0.84867     13.67568
1994  7 26  1 16 12.580 1.110 34.05446  -117.51492  2.72900  0.85497     13.70547
1994  7 26  1 47 26.290 1.180 34.05365  -117.51054  3.77800  0.45102     13.72744
1994  7 26  1 49 26.020 1.580 34.05307  -117.50999  3.82400  0.46480     13.72891
1994  7 26  1 55 25.960 1.000 34.05252  -117.51069  3.82900  0.46245     13.73281
1994  7 26  7 34 24.050 2.010 34.05526  -117.51348  2.76700  0.79693     13.96816
1994  7 26  7 39  1.180 1.620 34.05475  -117.51340  2.64100  0.87190     13.97158
1994  7 26  8 16  0.210 1.210 34.05408  -117.51289  2.67700  0.79811     13.99697
1994  7 26 13 38 13.550 1.090 34.05257  -117.51445  3.42300  0.43746     14.22109
1994  7 26 14 37 37.690 1.770 34.05302  -117.51266  2.65700  0.78034     14.26211
1994  7 26 14 38 47.950 1.750 34.05334  -117.51235  2.71700  0.72271     14.26309
1994  7 26 15 10 41.830 1.900 34.05416  -117.51340  2.57200  0.91046     14.28506
1994  7 26 16  6  6.860 1.260 34.05211  -117.51121  2.69300  0.69962     14.32363
1994  7 26 17 33 38.320 1.290 34.05755  -117.51418  2.42800  1.21309     14.38467
1994  7 26 17 53 43.050 1.430 34.05032  -117.50624  2.61100  0.85303     14.39834
1994  7 26 18  3 32.440 1.250 34.05362  -117.51405  2.41000  1.06459     14.40518
1994  7 26 18 16 32.660 1.330 34.05559  -117.51474  2.51300  1.06385     14.41445
1994  7 26 21 28  7.750 1.890 34.05067  -117.50973  2.82200  0.57301     14.54727
1994  7 26 21 40 19.730 1.990 34.05074  -117.50980  2.78400  0.60847     14.55557
1994  7 26 22 14 49.920 1.230 34.05002  -117.50627  2.39100  1.06063     14.57949
1994  7 26 22 28 33.410 1.880 34.05200  -117.51067  2.83700  0.54915     14.58926
1994  7 27  2 21 25.610 1.850 34.05833  -117.51379  3.31700  0.81151     14.75088
1994  7 27  2 24 49.850 3.420 34.05866  -117.51440  3.73400  0.93743     14.75332
1994  7 27  2 34 18.010 1.670 34.05934  -117.51562  3.58300  1.01150     14.75967
1994  7 27  2 37  7.040 2.380 34.05818  -117.51442  3.66900  0.87222     14.76162
1994  7 27  6 43 49.370 1.160 34.05267  -117.51302  2.47900  0.95310     14.93301
1994  7 27  7 13  0.240 1.050 34.05405  -117.51154  3.04600  0.44444     14.95352
1994  7 27  7 19 10.540 1.000 34.05493  -117.51202  3.13300  0.46975     14.95791
1994  7 27  7 18 54.790 1.320 34.05477  -117.51195  3.05100  0.50321     14.95742
1994  7 27  7 19 55.880 1.000 34.05486  -117.51160  3.09000  0.47314     14.95840
1994  7 27  7 46 14.880 1.210 34.05499  -117.51206  2.95300  0.58991     14.97647
1994  7 27  7 47 52.840 1.000 34.05552  -117.51192  2.90800  0.65405     14.97744
1994  7 27  8 54 48.780 1.020 34.05307  -117.51009  3.50600  0.18761     15.02432
1994  7 27  9 11 57.530 1.000 34.05340  -117.51080  3.01600  0.41338     15.03604
1994  7 27  9 51 56.910 1.140 34.05379  -117.51028  3.55700  0.28315     15.06387
1994  7 27  9 52 56.350 1.240 34.05272  -117.51075  3.04800  0.35681     15.06436
1994  7 27 11 32 40.530 1.220 34.04875  -117.50886  2.54500  0.90707     15.13369
1994  7 27 12  1 20.970 1.790 34.05169  -117.51215  2.45600  0.94902     15.15371
1994  7 27 12 11 50.370 1.360 34.06047  -117.51484  3.39200  1.06579     15.16104
1994  7 27 15 14 37.600 1.160 34.05583  -117.51525  3.82100  0.80188     15.28799
1994  7 27 16  1 12.930 2.500 34.05816  -117.51316  3.81900  0.88392     15.32022
1994  7 27 16  7 31.360 1.380 34.05880  -117.51379  3.98400  1.04762     15.32461
1994  7 27 17 50 40.210 1.420 34.05177  -117.51287  2.41100  1.00930     15.39639
1994  7 27 20 49  3.790 1.910 34.04991  -117.50862  2.61400  0.80298     15.51992
1994  7 27 20 51 22.370 1.420 34.04956  -117.50833  2.48500  0.94010     15.52188
1994  7 27 21  6  1.910 1.350 34.04874  -117.50853  2.48300  0.96808     15.53213
1994  7 27 21 37 38.240 1.190 34.05151  -117.51198  2.37000  1.03031     15.55410
1994  7 27 22  5 12.750 1.810 34.05153  -117.51168  2.54300  0.85536     15.57314
1994  7 27 22  8 23.160 1.180 34.05148  -117.51141  2.52100  0.87266     15.57510
1994  7 27 22 18 43.370 1.620 34.04819  -117.50885  2.34000  1.11990     15.58242
1994  7 27 23 20 33.390 1.000 34.05928  -117.51606  3.26200  1.01493     15.62539
1994  7 28  3 22 51.720 1.330 34.04932  -117.50974  2.50300  0.92072     15.79385
1994  7 28  4 31 47.970 2.810 34.05140  -117.51332  2.22300  1.20258     15.84170
1994  7 28  5 27 17.690 1.000 34.05116  -117.51286  2.28800  1.13019     15.87979
1994  7 28  5 28  9.900 1.030 34.04955  -117.50932  2.56600  0.85415     15.88076
1994  7 28  5 34 53.200 1.260 34.05118  -117.51141  2.28500  1.10746     15.88516
1994  7 28  5 36 37.310 1.000 34.05210  -117.50947  1.74500  1.63555     15.88662
1994  7 28  5 38 19.110 1.900 34.05104  -117.51140  2.19900  1.19338     15.88760
1994  7 28  6 10 19.490 1.400 34.05084  -117.51089  2.36300  1.02794     15.91006
1994  7 28  6 11 20.660 1.600 34.05006  -117.51012  2.05500  1.34001     15.91055
1994  7 28  6 11  6.590 1.970 34.05062  -117.51070  2.22800  1.16287     15.91055
1994  7 28  6 11 51.570 1.000 34.05062  -117.50925  2.23900  1.15021     15.91104
1994  7 28  6 32 34.130 1.210 34.05135  -117.51207  2.29000  1.11120     15.92520
1994  7 28  6 34  3.020 1.000 34.04911  -117.50888  2.59200  0.84877     15.92617
1994  7 28  6 44 52.200 2.690 34.05063  -117.51109  2.08900  1.30338     15.93398
1994  7 28  6 56 24.620 1.720 34.05312  -117.51160  2.23100  1.16946     15.94180
1994  7 28  9  2 39.670 2.150 34.04874  -117.50930  2.28000  1.15370     16.02969
1994  7 28  9 10 14.230 1.210 34.04770  -117.50877  2.19700  1.27307     16.03506
1994  7 28  9 37 47.890 1.210 34.04984  -117.51099  2.41600  0.99530     16.05410
1994  7 28 10 36 31.200 1.080 34.05459  -117.51404  2.57600  0.94421     16.09463
1994  7 28 13  4 35.340 1.000 34.04912  -117.50834  2.49600  0.94399     16.19766
1994  7 28 14 13  0.310 1.060 34.05472  -117.51324  2.80900  0.72715     16.24502
1994  7 28 21  8 40.290 1.200 34.05179  -117.51143  2.86800  0.53339     16.53359
1994  7 28 21 12 39.380 1.290 34.04770  -117.50935  2.25300  1.21825     16.53652
1994  7 28 21 27 49.180 1.300 34.05135  -117.51113  2.54400  0.84663     16.54727
1994  7 28 21 28 41.860 1.380 34.05247  -117.51076  2.72900  0.66063     16.54775
1994  7 28 21 57 53.610 1.060 34.05221  -117.51093  2.63500  0.75329     16.56777
1994  7 28 22 41 24.640 1.300 34.05157  -117.51022  2.73500  0.64682     16.59805
1994  7 28 23 57 38.320 1.460 34.05000  -117.50994  2.58900  0.81719     16.65127
1994  7 29  0  8 51.510 1.370 34.05371  -117.51194  2.75200  0.68998     16.65908
1994  7 29  0 33 35.930 1.370 34.05098  -117.50977  2.62100  0.76505     16.67617
1994  7 29  1 26  8.120 1.680 34.04958  -117.50981  2.45500  0.95857     16.71279
1994  7 29  1 39 28.990 1.110 34.04771  -117.50970  2.40900  1.07427     16.72158
1994  7 29  2 31 35.660 1.410 34.04848  -117.50957  2.73000  0.75012     16.75820
1994  7 29  2 32 38.120 1.000 34.05874  -117.51474  3.51500  0.90138     16.75869
1994  7 29  6 33 15.960 1.670 34.05980  -117.51445  3.81600  1.07511     16.92568
1994  7 29 14  3 20.230 2.490 34.05311  -117.51248  2.11400  1.29737     17.23818
1994  7 29 15 12 31.230 1.310 34.05210  -117.51151  1.96700  1.42201     17.28652
1994  7 29 15 46  6.940 1.370 34.05643  -117.51318  3.86400  0.76920     17.30996
1994  7 29 16 29 17.180 1.260 34.05631  -117.51285  3.89600  0.76903     17.33975
1994  7 29 16 43 21.880 1.260 34.05075  -117.50961  2.69200  0.69884     17.34951
1994  7 29 23  5 25.790 1.850 34.05571  -117.51257  3.84200  0.68078     17.61465
1994  7 29 23 50 35.340 1.230 34.05593  -117.51115  3.94800  0.73785     17.64639
1994  7 30  2 57 27.930 1.000 34.04893  -117.50652  1.91700  1.52867     17.77578
1994  7 30 11 13 39.750 1.200 34.05563  -117.51337  2.25600  1.24435     18.12051
1994  7 30 17  1 43.650 1.000 34.05544  -117.51572  2.34900  1.23281     18.36221
1994  7 30 17 22 10.540 1.040 34.05556  -117.51162  4.04000  0.79657     18.37637
1994  7 31  7 11 17.470 1.000 34.05840  -117.51418  2.48800  1.22056     18.95205
1994  7 31  8  5  2.380 1.150 34.05677  -117.51505  2.63500  1.04360     18.98965
1994  7 31  9 53 49.300 1.710 34.05936  -117.51459  3.26500  0.95184     19.06533
1994  7 31 11 22 57.270 1.000 34.05861  -117.51574  3.19800  0.94782     19.12686
1994  7 31 14 27 48.750 1.000 34.05942  -117.51172  4.00300  1.06268     19.25527
1994  7 31 14 59 14.600 1.000 34.05663  -117.51264  4.15300  0.97432     19.27725
1994  7 31 15 43 22.440 1.250 34.04878  -117.50908  2.89900  0.59321     19.30801
1994  7 31 16 58 53.190 1.140 34.04873  -117.50884  3.01800  0.50871     19.36025
1994  8  1  0 47 57.910 2.460 34.04857  -117.50904  2.86700  0.63294     19.68594
1994  8  1  1 39 30.580 1.110 34.05439  -117.51490  2.73700  0.84524     19.72207
1994  8  1 19 59 18.960 1.280 34.04981  -117.50760  2.18600  1.23207     20.48574
1994  8  2  3  5 16.220 1.070 34.05315  -117.50894  3.12000  0.30852     20.78115
1994  8  2  5  5 14.570 1.000 34.05655  -117.51280  3.98600  0.84711     20.86465
1994  8  2  6 27  9.050 1.280 34.05560  -117.51201  3.99200  0.76831     20.92178
1994  8  2 13 50 41.940 1.000 34.05783  -117.51426  3.07100  0.84100     21.22939
1994  8  2 14 23 47.980 1.050 34.05763  -117.51335  3.07600  0.78292     21.25283
1994  8  2 16 19 32.530 1.970 34.05555  -117.51190  3.34300  0.45694     21.33291
1994  8  2 16 22 26.010 1.380 34.05603  -117.51228  3.48800  0.52997     21.33486
1994  8  2 19  7 32.970 1.200 34.05627  -117.51243  3.28900  0.55584     21.44961
1994  8  2 19 10 24.160 1.000 34.05532  -117.51228  3.19300  0.48656     21.45156
1994  8  2 19 10  8.310 1.390 34.05566  -117.51228  3.16900  0.52630     21.45156
1994  8  2 19 13  6.900 1.510 34.05578  -117.51265  3.16500  0.55348     21.45352
1994  8  3  4 47 56.480 1.860 34.05782  -117.51385  3.56200  0.78306     21.85293
1994  8  3  9  0 35.120 1.050 34.05211  -117.51093  2.59600  0.79137     22.02822
1994  8  3 12 18 33.280 1.270 34.05067  -117.51040  2.39500  0.99506     22.16543
1994  8  4  2 26 56.370 1.240 34.05694  -117.51302  2.84400  0.83458     22.75479
1994  8  4  2 48 10.980 1.100 34.05661  -117.51312  2.85500  0.80638     22.76943
1994  8  4  4  4 22.950 1.130 34.05645  -117.51295  2.99400  0.70368     22.82266
1994  8  4  4  4 37.010 1.000 34.05702  -117.51335  2.98400  0.77111     22.82266
1994  8  4  4 33 12.460 1.020 34.05664  -117.51565  3.15700  0.78999     22.84268
1994  8  4  6  8 49.830 1.190 34.05485  -117.51208  2.84600  0.66398     22.90908
1994  8  4  9 12 45.160 1.000 34.05706  -117.51323  2.82900  0.86016     23.03652
1994  8  4 10 17 15.730 1.000 34.04871  -117.51080  2.92000  0.58415     23.08145
1994  8  4 10 20 14.680 1.050 34.04883  -117.51034  2.56600  0.88158     23.08340
1994  8  6  4 19 13.070 1.180 34.04945  -117.51007  2.29400  1.11834     24.83291
1994  8  6 18  5 43.350 2.730 34.05933  -117.51454  3.90200  1.07523     25.40664
1994  8  6 18 29 25.900 1.420 34.05801  -117.51516  4.04600  1.07567     25.42324
1994  8  7  4 30 31.600 1.210 34.05838  -117.51513  3.40600  0.87727     25.84072
1994  8  8 12 11 41.780 1.140 34.05805  -117.51382  3.49700  0.79140     27.16104
1994  8  8 18 49 11.660 1.230 34.05563  -117.51113  1.77600  1.66285     27.43691
1994  8  8 22 45 58.640 1.290 34.05067  -117.51256  1.59300  1.80963     27.60147
1994  8  9  8 55  0.710 1.000 34.06206  -117.51196  3.95500  1.28878     28.02432
1994  8 11  9 49  7.330 2.080 34.05930  -117.51409  3.95600  1.08409     30.06191
1994  8 11 16 47  3.640 1.330 34.04988  -117.51266  1.56700  1.84486     30.35195
1994  8 12  2 10 19.560 1.020 34.05909  -117.51398  4.20700  1.21684     30.74307
