1984  8 12 22 32 28.720 1.000 35.99164  -117.78233  3.43900  0.00000      0.21904
1984  8 12 22 39  5.200 1.100 35.99203  -117.78288  3.64800  0.21925      0.22368
1984  8 12 22 44 24.580 1.000 35.99176  -117.78302  3.63100  0.20236      0.22734
1984  8 13  1 35 45.530 1.400 35.99208  -117.78217  3.53600  0.10969      0.34636
1984  8 13  5 24  8.920 1.000 35.98890  -117.78071  3.75800  0.46451      0.50493
1984  8 13  6 34 14.100 1.000 35.99217  -117.78165  3.48900  0.09873      0.55364
1984  8 13  9  5 12.890 1.200 35.99181  -117.78305  3.62100  0.19401      0.65850
1984  8 13  9 24 15.160 2.630 35.99196  -117.78275  3.47600  0.06395      0.67168
1984  8 13  9 33 50.560 1.000 35.98990  -117.78243  3.54100  0.21879      0.67839
1984  8 13  9 40 22.390 1.000 35.98967  -117.78208  3.69000  0.33386      0.68291
1984  8 13 10  6 14.000 1.000 35.99250  -117.78072  3.65000  0.27307      0.70085
1984  8 13 10 12 48.740 1.900 35.99201  -117.78311  3.74300  0.31471      0.70537
1984  8 13 10 16 41.530 1.500 35.99002  -117.78273  3.51100  0.19714      0.70806
1984  8 13 10 20  2.350 1.500 35.99286  -117.78133  3.54900  0.19691      0.71038
1984  8 13 10 25  8.640 1.000 35.99162  -117.78188  3.67900  0.24333      0.71392
1984  8 13 10 25 25.500 1.000 35.99112  -117.78329  3.63000  0.21729      0.71416
1984  8 13 10 40 28.710 1.000 35.98975  -117.78265  3.77500  0.39729      0.72466
1984  8 13 10 41 37.870 1.700 35.98978  -117.78281  3.60500  0.26844      0.72539
1984  8 13 10 44 33.320 1.000 35.99018  -117.78209  3.52800  0.18618      0.72747
1984  8 13 10 54 53.600 1.000 35.98977  -117.78231  3.44200  0.20804      0.73467
1984  8 13 13  2 59.880 1.200 35.99110  -117.78387  3.38800  0.15940      0.82354
1984  8 13 13 18 16.590 1.800 35.99347  -117.78146  3.33100  0.24336      0.83416
1984  8 13 13 21 25.470 1.200 35.99104  -117.78375  3.41500  0.14623      0.83635
1984  8 13 13 27  9.800 1.000 35.99165  -117.78367  3.42400  0.12106      0.84038
1984  8 13 13 44 19.850 1.000 35.98940  -117.78455  3.62100  0.36772      0.85234
1984  8 13 13 48 54.580 1.000 35.99124  -117.78374  3.47300  0.13866      0.85552
1984  8 13 13 49 12.750 1.200 35.98929  -117.78287  3.62100  0.32196      0.85564
1984  8 13 14  8  8.810 1.200 35.99006  -117.78225  3.50500  0.18789      0.86882
1984  8 13 14  9 17.780 1.000 35.99106  -117.78296  3.51900  0.11731      0.86968
1984  8 13 14 25  9.620 1.000 35.99127  -117.78317  3.42200  0.08828      0.88066
1984  8 13 14 27 55.550 1.600 35.99137  -117.78319  3.52200  0.11717      0.88262
1984  8 13 14 46 23.650 1.000 35.99170  -117.78223  3.55200  0.11363      0.89543
1984  8 13 14 59 46.450 1.200 35.99119  -117.78339  3.46000  0.10906      0.90471
1984  8 13 16 23 47.700 1.200 35.98844  -117.78165  3.54300  0.37545      0.96306
1984  8 13 16 29 53.400 1.300 35.98856  -117.78165  3.61300  0.38887      0.96721
1984  8 13 16 31 26.300 2.690 35.98833  -117.78217  3.56400  0.38885      0.96831
1984  8 13 16 34 36.040 1.500 35.98881  -117.78156  3.67400  0.39864      0.97051
1984  8 13 16 38 31.970 1.000 35.98879  -117.78178  3.66000  0.38954      0.97332
1984  8 13 16 50 29.220 1.000 35.98939  -117.78237  3.67800  0.34588      0.98162
1984  8 13 17  6 46.460 1.000 35.99008  -117.78192  3.59500  0.23596      0.99285
1984  8 13 17 25 38.370 2.200 35.98840  -117.78201  3.50900  0.36794      1.00603
1984  8 13 17 58  7.820 1.000 35.98910  -117.78171  3.58200  0.32125      1.02849
1984  8 13 17 59  1.140 1.100 35.98911  -117.78156  3.37800  0.29602      1.02910
1984  8 13 18 26 28.510 1.000 35.99153  -117.78363  3.28900  0.19072      1.04827
1984  8 13 18 27  6.090 1.200 35.99127  -117.78368  3.33400  0.16622      1.04863
1984  8 13 18 31 11.630 1.000 35.99142  -117.78284  3.29700  0.15118      1.05144
1984  8 13 18 33 23.220 1.000 35.99108  -117.78435  3.35400  0.20991      1.05303
1984  8 13 18 33 17.660 1.000 35.99154  -117.78301  3.23700  0.21145      1.05291
1984  8 13 18 33 50.650 1.000 35.99164  -117.78311  3.20800  0.24146      1.05339
1984  8 13 18 34 19.170 1.000 35.99197  -117.78282  3.25700  0.19083      1.05364
1984  8 13 18 34 27.800 1.000 35.99164  -117.78300  3.31400  0.13847      1.05376
1984  8 13 18 41 46.490 1.000 35.99115  -117.78317  3.39500  0.10345      1.05889
1984  8 13 18 42 13.450 1.000 35.99212  -117.78253  3.29000  0.15939      1.05913
1984  8 13 18 44 28.980 1.400 35.99132  -117.78378  3.30700  0.18917      1.06072
1984  8 13 18 51 12.150 1.000 35.99153  -117.78304  3.56700  0.14381      1.06536
1984  8 13 18 52  2.470 1.000 35.99104  -117.78398  3.28200  0.22611      1.06597
1984  8 13 18 54 27.320 3.000 35.99146  -117.78305  3.16300  0.28413      1.06768
1984  8 13 18 58 29.570 1.920 35.99215  -117.78275  3.29700  0.15764      1.07048
1984  8 13 19  7 33.680 1.100 35.99027  -117.78178  3.50700  0.17411      1.07671
1984  8 13 19  8  8.010 1.000 35.99077  -117.78300  3.55100  0.15950      1.07720
1984  8 13 19 11 12.400 1.000 35.99213  -117.78056  3.62700  0.25234      1.07927
1984  8 13 19 11 41.640 1.000 35.99204  -117.78072  3.65200  0.26121      1.07964
1984  8 13 19 20 57.950 1.000 35.99096  -117.78301  3.49300  0.11149      1.08611
1984  8 13 19 22 26.230 1.000 35.99202  -117.78142  3.50700  0.11462      1.08709
1984  8 13 19 30 25.410 1.000 35.99018  -117.78129  3.68200  0.30679      1.09258
1984  8 13 19 39  5.500 1.000 35.98998  -117.78143  3.41100  0.20352      1.09868
1984  8 13 19 41 30.630 1.100 35.99204  -117.78323  3.17900  0.27594      1.10027
1984  8 13 19 45 46.580 1.500 35.98909  -117.78268  3.55000  0.30601      1.10332
1984  8 13 19 46 41.060 1.000 35.99243  -117.78194  3.30400  0.16501      1.10393
1984  8 13 19 48 40.660 1.000 35.99115  -117.78268  3.32500  0.13014      1.10527
1984  8 13 19 48 59.290 1.000 35.98840  -117.78085  3.34700  0.39469      1.10552
1984  8 13 19 51 50.650 1.300 35.99231  -117.78205  3.27100  0.18561      1.10747
1984  8 13 19 53 30.820 1.000 35.99276  -117.78065  3.39900  0.20019      1.10869
1984  8 13 19 59 44.150 1.000 35.99234  -117.78132  3.75000  0.33322      1.11296
1984  8 13 20  7 52.350 1.000 35.98889  -117.78166  3.39300  0.31474      1.11858
1984  8 13 20 10 25.940 1.000 35.99416  -117.78036  3.51000  0.33939      1.12041
1984  8 13 20 10 55.960 1.000 35.99100  -117.78304  3.55700  0.15196      1.12078
1984  8 13 20 17 31.940 1.560 35.99099  -117.78282  3.38700  0.09928      1.12529
1984  8 13 20 18  2.200 1.000 35.99252  -117.78150  3.63100  0.22794      1.12566
1984  8 13 20 18 10.970 1.000 35.99201  -117.78180  3.48500  0.07803      1.12578
1984  8 13 20 26  0.080 1.100 35.99150  -117.78290  3.55000  0.12303      1.13127
1984  8 13 20 29 39.820 1.000 35.99044  -117.78287  3.59100  0.20776      1.13372
1984  8 13 20 36 47.690 1.000 35.98866  -117.78230  3.53100  0.34385      1.13872
1984  8 13 20 42 41.670 1.000 35.99074  -117.78352  3.60400  0.22076      1.14287
1984  8 13 20 45  2.680 1.000 35.98939  -117.78241  3.67000  0.34045      1.14446
1984  8 13 20 46 25.720 1.000 35.99101  -117.78306  3.62100  0.20571      1.14543
1984  8 13 20 49 39.520 1.000 35.98920  -117.78195  3.40200  0.27564      1.14763
1984  8 13 20 54 58.470 1.000 35.98941  -117.78239  3.44100  0.24786      1.15129
1984  8 13 20 57 15.980 1.000 35.99155  -117.78220  3.65900  0.22053      1.15288
1984  8 13 20 58 18.440 1.000 35.98957  -117.78223  3.73800  0.37734      1.15361
1984  8 13 21  0 55.340 1.000 35.99216  -117.78104  3.44400  0.13002      1.15544
1984  8 13 21  5 25.890 1.000 35.99218  -117.78305  3.44500  0.08830      1.15862
1984  8 13 21 11 29.730 1.000 35.99006  -117.78075  3.65600  0.31355      1.16277
1984  8 13 21 12 52.040 1.000 35.99054  -117.78159  3.45200  0.13978      1.16375
1984  8 13 21 55 17.560 1.800 35.99196  -117.78263  3.36600  0.08572      1.19329
1984  8 13 21 57 48.090 1.100 35.99279  -117.78117  3.63500  0.25632      1.19500
1984  8 13 22 23  8.210 1.100 35.99306  -117.78137  3.39700  0.18487      1.21257
1984  8 13 22 26 53.610 1.000 35.99157  -117.78174  3.26900  0.17845      1.21514
1984  8 13 22 27 20.790 1.100 35.98967  -117.78207  3.66600  0.31629      1.21550
1984  8 13 22 33 50.100 1.300 35.99139  -117.78377  3.29400  0.19597      1.22002
1984  8 13 22 34 40.510 1.260 35.99126  -117.78416  3.33200  0.20032      1.22063
1984  8 13 22 40 52.000 1.010 35.99161  -117.78314  3.46300  0.07713      1.22490
1984  8 13 22 49 35.730 1.000 35.99111  -117.78304  3.39300  0.09851      1.23088
1984  8 13 23  5 25.290 1.000 35.99124  -117.78028  3.54100  0.21546      1.24199
1984  8 13 23  9 25.400 1.000 35.99094  -117.78377  3.51000  0.16639      1.24468
1984  8 13 23 29 47.350 1.000 35.99144  -117.78187  3.74400  0.30868      1.25884
1984  8 13 23 32 19.970 1.000 35.98939  -117.78185  3.66200  0.33775      1.26067
1984  8 13 23 36 35.700 1.000 35.99304  -117.78064  3.47600  0.22082      1.26360
1984  8 13 23 37 40.240 1.000 35.98942  -117.78224  3.78500  0.42495      1.26433
1984  8 13 23 40 34.420 1.200 35.98966  -117.78189  3.61000  0.28167      1.26628
1984  8 13 23 45 43.710 1.900 35.98999  -117.78162  3.61300  0.26086      1.26995
1984  8 13 23 49 57.670 1.000 35.98951  -117.78228  3.75400  0.39412      1.27288
1984  8 13 23 50 56.980 1.000 35.98919  -117.78284  3.78200  0.44044      1.27361
1984  8 13 23 58 23.320 1.000 35.98680  -117.78350  3.32000  0.56086      1.27874
1984  8 13 23 58 44.000 1.300 35.98936  -117.78286  3.72200  0.38272      1.27898
1984  8 13 23 59 13.950 1.000 35.98943  -117.78221  3.71900  0.37261      1.27935
1984  8 14  0 23 56.300 1.200 35.99012  -117.78151  3.54400  0.21231      1.29644
1984  8 14  0 46  0.220 1.300 35.98944  -117.78168  3.64900  0.32750      1.31182
1984  8 14  0 47 34.680 1.000 35.99302  -117.78141  3.42500  0.17512      1.31292
1984  8 14  1  0 39.170 1.900 35.98922  -117.78264  3.69100  0.36964      1.32195
1984  8 14  1 28  2.950 1.000 35.98927  -117.78207  3.73700  0.39843      1.34099
1984  8 14  1 28 22.720 1.300 35.98913  -117.78183  3.65600  0.35634      1.34124
1984  8 14  1 29 39.950 1.000 35.98878  -117.78241  3.66700  0.39125      1.34209
1984  8 14  1 37 34.630 1.000 35.99274  -117.78082  3.63200  0.26589      1.34758
1984  8 14  1 45 35.650 1.000 35.98770  -117.78068  3.17400  0.53280      1.35320
1984  8 14  1 49 12.450 1.100 35.98886  -117.78192  3.61500  0.35740      1.35564
1984  8 14  2 21  4.880 1.300 35.99063  -117.78489  3.30800  0.28781      1.37786
1984  8 14  2 28 36.440 1.000 35.99302  -117.78137  3.36600  0.19052      1.38298
1984  8 14  2 39 19.970 1.070 35.98781  -117.78108  3.80000  0.56959      1.39043
1984  8 14  2 58 53.930 1.000 35.99183  -117.78619  3.13700  0.46026      1.40410
1984  8 14  3 31 13.880 1.000 35.98950  -117.77820  2.82000  0.76043      1.42656
1984  8 14  3 55 41.830 1.100 35.98788  -117.78220  3.73900  0.51462      1.44353
1984  8 14  4 16 54.860 1.000 35.98952  -117.78230  3.71700  0.36426      1.45830
1984  8 14  4 56 30.510 1.200 35.98935  -117.78186  3.74400  0.39954      1.48577
1984  8 14  5  4 13.230 1.000 35.99148  -117.78372  3.21600  0.25623      1.49114
1984  8 14  5 11 25.880 1.100 35.99237  -117.78309  3.10900  0.34667      1.49614
1984  8 14  5 39  5.580 1.000 35.98570  -117.78100  3.71000  0.72388      1.51531
1984  8 14  5 55 27.610 1.000 35.99257  -117.78249  3.18500  0.27467      1.52666
1984  8 14  6  0 42.480 1.000 35.99285  -117.78246  3.27200  0.21491      1.53032
1984  8 14  6  8 40.270 1.500 35.99295  -117.78209  3.23700  0.25002      1.53582
1984  8 14  6 16  4.100 1.000 35.99226  -117.78288  3.19800  0.25561      1.54094
1984  8 14  6 20 11.140 1.000 35.98880  -117.78500  3.69000  0.46943      1.54387
1984  8 14  6 49 47.090 1.000 35.99000  -117.78320  3.76000  0.37725      1.56438
1984  8 14  7 20 54.010 1.000 35.99006  -117.77985  3.38900  0.28881      1.58599
1984  8 14  8 27 31.590 1.000 35.98812  -117.78209  3.53300  0.40282      1.63225
1984  8 14  8 50 29.930 1.000 35.98893  -117.78156  3.46900  0.31060      1.64824
1984  8 14  9 59  6.470 1.000 35.98810  -117.78178  3.76900  0.51620      1.69585
1984  8 14 10  2 11.570 1.000 35.98768  -117.78307  3.77600  0.55853      1.69805
1984  8 14 10  5 33.950 1.000 35.99360  -117.78217  3.73000  0.36391      1.70037
1984  8 14 11 54 54.970 1.000 35.99313  -117.78026  3.25100  0.31243      1.77629
1984  8 14 12 15 19.150 1.000 35.98735  -117.78292  3.70200  0.54708      1.79045
1984  8 14 12 19 15.290 1.000 35.98758  -117.78281  3.71200  0.52929      1.79326
1984  8 14 12 26 16.250 1.400 35.99308  -117.78154  3.21200  0.28681      1.79802
1984  8 14 12 29 58.430 1.000 35.99248  -117.78075  3.44800  0.17088      1.80071
1984  8 14 12 32 59.270 1.000 35.99256  -117.78050  3.53700  0.21688      1.80278
1984  8 14 12 33 29.460 1.000 35.98829  -117.78440  3.65800  0.47069      1.80315
1984  8 14 12 36 41.250 1.000 35.98667  -117.78397  3.73500  0.64369      1.80535
1984  8 14 12 37 14.580 1.000 35.98711  -117.78328  3.78900  0.61899      1.80571
1984  8 14 12 39 32.450 1.000 35.98771  -117.78424  3.71300  0.54369      1.80730
1984  8 14 13 12 47.220 1.000 35.98808  -117.78232  3.76600  0.51337      1.83037
1984  8 14 13 43  9.810 1.100 35.98737  -117.78304  3.74700  0.56945      1.85149
1984  8 14 14 11 16.230 1.000 35.98935  -117.78439  3.71600  0.41952      1.87102
1984  8 14 15 52 35.820 1.000 35.98903  -117.78249  3.76300  0.43526      1.94133
1984  8 14 16 17 37.280 1.000 35.98883  -117.78163  3.62700  0.36980      1.95879
1984  8 14 17 31  2.440 1.000 35.99147  -117.78414  3.31000  0.20879      2.00969
1984  8 15  2 47 38.040 1.000 35.99123  -117.78042  3.61100  0.24736      2.39629
