1992  8  1 12  1 53.110 1.700 35.84013  -117.66713  9.32500  0.00000      2.43214
1992  8  2  0 26  1.850 1.490 35.83979  -117.66707  9.35600  0.04927      2.94874
1992  8  2  4 31 20.580 1.000 35.83966  -117.66707  9.31200  0.05416      3.11915
1992  8  2 16 31  9.790 1.000 35.83897  -117.66747  9.27600  0.14119      3.61915
1992  8  2 16 32 24.330 1.060 35.84011  -117.66647  9.27900  0.07530      3.61964
1992  8  2 17 20 39.320 1.010 35.84027  -117.66625  9.32900  0.08073      3.65333
1992  8  2 21 15 19.760 1.000 35.83971  -117.66704  9.43100  0.11614      3.81642
1992  8  3  1 52 17.160 1.000 35.83995  -117.66717  9.39300  0.07095      4.00880
1992  8  3  2 52 51.160 1.140 35.83997  -117.66708  9.36600  0.04497      4.05079
1992  8  3 11 48 17.710 1.980 35.84005  -117.66641  9.26300  0.09059      4.42237
1992  8  3 11 51 44.800 1.410 35.83971  -117.66682  9.23300  0.10696      4.42481
1992  8  3 12  2 44.510 1.000 35.83995  -117.66641  9.31400  0.06930      4.43263
1992  8  3 12  3 39.430 1.320 35.84032  -117.66631  9.35500  0.08282      4.43311
1992  8  3 12 56 16.030 1.360 35.84018  -117.66641  9.27300  0.08375      4.46974
1992  8  3 13 25 35.040 1.460 35.83992  -117.66679  9.21300  0.11862      4.49024
1992  8  3 15 23 30.970 1.050 35.84021  -117.66637  9.31500  0.07060      4.57179
1992  8  3 15 58  5.280 1.680 35.83940  -117.66724  9.21900  0.13380      4.59620
1992  8  4  5 23 42.410 1.080 35.83981  -117.66647  9.23100  0.11686      5.15528
1992  8  4  9 18 30.900 1.000 35.83960  -117.66699  9.23300  0.11007      5.31837
1992  8  5  9 29 17.430 1.200 35.84008  -117.66622  9.16500  0.17989      6.32618
1992  8  5 22 35 51.970 1.510 35.83953  -117.66625  9.23400  0.13777      6.87208
1992  8  5 23 51 44.340 1.000 35.84011  -117.66651  9.24700  0.09585      6.92481
1992  8  6  1 37 52.700 2.210 35.83985  -117.66682  9.14400  0.18581      6.99854
1992  8  6  1 41 13.850 1.180 35.83962  -117.66690  9.27600  0.07783      7.00099
1992  8  6  1 45 36.420 1.280 35.83978  -117.66696  9.17500  0.15579      7.00392
1992  8  6  4  8  2.980 1.000 35.83977  -117.66705  9.14900  0.18063      7.10304
1992  8  6  4 16 34.310 1.000 35.83958  -117.66715  9.14500  0.19015      7.10890
1992  8  6  6 34 24.180 1.000 35.84012  -117.66652  9.29800  0.06188      7.20460
1992  8  7  2 12 25.660 2.300 35.83947  -117.66711  9.18800  0.15548      8.02247
1992  8  7  4 43 41.130 2.260 35.83909  -117.66740  9.23600  0.14805      8.12745
1992  8  7  4 44  9.690 1.930 35.83874  -117.66758  9.23700  0.18229      8.12794
1992  8  7  4 45 11.200 1.000 35.83962  -117.66678  9.28500  0.07664      8.12892
1992  8  7  4 46 11.900 1.000 35.83887  -117.66747  9.24200  0.16566      8.12940
1992  8  7  5  0 26.610 1.110 35.83944  -117.66702  9.29500  0.08312      8.13917
1992  8  7  6 49 26.310 1.340 35.83989  -117.66673  9.11500  0.21477      8.21485
1992  8  7  7  1  0.070 1.000 35.83916  -117.66735  9.25000  0.13286      8.22315
1992  8  7  9 29 53.120 1.110 35.83965  -117.66691  9.21300  0.12579      8.32667
1992  8  7 10 50 22.450 1.000 35.84019  -117.66635  9.10200  0.23391      8.38233
1992  8  7 12 12 18.840 1.510 35.83933  -117.66733  9.17200  0.17793      8.43946
1992  8  7 14 47 18.190 1.900 35.84002  -117.66663  9.26300  0.07757      8.54688
1992  8  7 21 48 40.980 1.000 35.83926  -117.66734  9.24000  0.13006      8.83937
1992  8  8  0 59  7.790 1.220 35.83957  -117.66634  9.11400  0.23132      8.97169
1992  8  8  1 20 45.420 1.250 35.83950  -117.66727  9.19800  0.14552      8.98683
1992  8  8  4 37 17.850 2.690 35.84000  -117.66652  9.15200  0.18230      9.12306
1992  8  8  7 46 59.430 1.180 35.84059  -117.66647  9.09200  0.24590      9.25489
1992  8  8  8 33 40.090 1.130 35.84020  -117.66657  9.15400  0.17854      9.28761
1992  8  8 10 35 42.730 1.380 35.83952  -117.66662  9.01800  0.31789      9.37208
1992  8  8 11 25 10.030 1.020 35.84066  -117.66586  9.24300  0.15245      9.40626
1992  8  8 13 51 50.180 1.190 35.84022  -117.66643  9.14300  0.19301      9.50831
1992  8  8 23 17 36.410 1.120 35.83899  -117.66730  9.24000  0.15348      9.90138
1992  8  9 13 16 40.160 2.260 35.83970  -117.66653  8.89600  0.43514     10.48390
1992  8  9 18 15 32.620 1.670 35.83964  -117.66711  9.15100  0.18233     10.69142
1992  8  9 23  9 46.640 1.000 35.83885  -117.66728  9.19100  0.19614     10.89601
1992  8  9 23 48 40.510 1.000 35.83936  -117.66714  9.07800  0.26144     10.92286
1992  8 10  0 59 22.830 1.090 35.83923  -117.66712  9.18800  0.16967     10.97169
1992  8 10  8 53 24.730 1.000 35.84077  -117.66605  9.17000  0.19658     11.30128
1992  8 10 13 33  3.520 1.250 35.83945  -117.66666  9.01500  0.32198     11.49513
1992  8 11  9 46 24.710 1.000 35.83889  -117.66761  9.29200  0.14820     12.33790
