1984  8 13  9  5 12.890 1.200 35.99181  -117.78305  3.62100  0.00000      0.04620
1984  8 13  9 24 15.160 2.630 35.99196  -117.78275  3.47600  0.14831      0.05938
1984  8 13  9 33 50.560 1.000 35.98990  -117.78243  3.54100  0.23346      0.06610
1984  8 13  9 40 22.390 1.000 35.98967  -117.78208  3.69000  0.26263      0.07061
1984  8 13 10  6 14.000 1.000 35.99250  -117.78072  3.65000  0.22448      0.08856
1984  8 13 10 12 48.740 1.900 35.99201  -117.78311  3.74300  0.12410      0.09307
1984  8 13 10 16 41.530 1.500 35.99002  -117.78273  3.51100  0.22911      0.09576
1984  8 13 10 20  2.350 1.500 35.99286  -117.78133  3.54900  0.20642      0.09808
1984  8 13 10 25  8.640 1.000 35.99162  -117.78188  3.67900  0.12138      0.10162
1984  8 13 10 25 25.500 1.000 35.99112  -117.78329  3.63000  0.08035      0.10186
1984  8 13 10 40 28.710 1.000 35.98975  -117.78265  3.77500  0.27820      0.11236
1984  8 13 10 41 37.870 1.700 35.98978  -117.78281  3.60500  0.22717      0.11309
1984  8 13 10 44 33.320 1.000 35.99018  -117.78209  3.52800  0.22102      0.11517
1984  8 13 10 54 53.600 1.000 35.98977  -117.78231  3.44200  0.29665      0.12237
1984  8 13 11 28 15.460 1.000 35.98880  -117.78253  3.81200  0.38810      0.14544
1984  8 13 13  2 59.880 1.200 35.99110  -117.78387  3.38800  0.25694      0.21124
1984  8 13 13 18 16.590 1.800 35.99347  -117.78146  3.33100  0.37215      0.22186
1984  8 13 13 21 25.470 1.200 35.99104  -117.78375  3.41500  0.23197      0.22406
1984  8 13 13 27  9.800 1.000 35.99165  -117.78367  3.42400  0.20549      0.22808
1984  8 13 13 44 19.850 1.000 35.98940  -117.78455  3.62100  0.30048      0.24005
1984  8 13 13 48 54.580 1.000 35.99124  -117.78374  3.47300  0.17265      0.24322
1984  8 13 13 49 12.750 1.200 35.98929  -117.78287  3.62100  0.28071      0.24334
1984  8 13 14  8  8.810 1.200 35.99006  -117.78225  3.50500  0.23769      0.25653
1984  8 13 14  9 17.780 1.000 35.99106  -117.78296  3.51900  0.13205      0.25738
1984  8 13 14 25  9.620 1.000 35.99127  -117.78317  3.42200  0.20827      0.26837
1984  8 13 14 27 55.550 1.600 35.99137  -117.78319  3.52200  0.11111      0.27032
1984  8 13 14 45 32.300 1.000 35.98780  -117.78280  4.29000  0.80424      0.28253
1984  8 13 14 46 23.650 1.000 35.99170  -117.78223  3.55200  0.10136      0.28314
1984  8 13 14 59 46.450 1.200 35.99119  -117.78339  3.46000  0.17770      0.29241
1984  8 13 16 23 47.700 1.200 35.98844  -117.78165  3.54300  0.40276      0.35076
1984  8 13 16 29 53.400 1.300 35.98856  -117.78165  3.61300  0.38274      0.35491
1984  8 13 16 31 26.300 2.690 35.98833  -117.78217  3.56400  0.39886      0.35601
1984  8 13 16 34 36.040 1.500 35.98881  -117.78156  3.67400  0.36322      0.35821
1984  8 13 16 38 31.970 1.000 35.98879  -117.78178  3.66000  0.35697      0.36102
1984  8 13 16 50 29.220 1.000 35.98939  -117.78237  3.67800  0.28160      0.36932
1984  8 13 17  6 46.460 1.000 35.99008  -117.78192  3.59500  0.21888      0.38055
1984  8 13 17 25 38.370 2.200 35.98840  -117.78201  3.50900  0.40609      0.39373
1984  8 13 17 33 38.180 1.000 35.98980  -117.77550  3.05000  0.91471      0.39923
1984  8 13 17 58  7.820 1.000 35.98910  -117.78171  3.58200  0.32667      0.41619
1984  8 13 17 59  1.140 1.100 35.98911  -117.78156  3.37800  0.40881      0.41680
1984  8 13 18 26 28.510 1.000 35.99153  -117.78363  3.28900  0.33759      0.43597
1984  8 13 18 27  6.090 1.200 35.99127  -117.78368  3.33400  0.29887      0.43634
1984  8 13 18 31 11.630 1.000 35.99142  -117.78284  3.29700  0.32740      0.43914
1984  8 13 18 33 23.220 1.000 35.99108  -117.78435  3.35400  0.30264      0.44073
1984  8 13 18 33 17.660 1.000 35.99154  -117.78301  3.23700  0.38518      0.44061
1984  8 13 18 33 50.650 1.000 35.99164  -117.78311  3.20800  0.41348      0.44110
1984  8 13 18 34 27.800 1.000 35.99164  -117.78300  3.31400  0.30762      0.44146
1984  8 13 18 34 19.170 1.000 35.99197  -117.78282  3.25700  0.36501      0.44134
1984  8 13 18 41 46.490 1.000 35.99115  -117.78317  3.39500  0.23794      0.44659
1984  8 13 18 42 13.450 1.000 35.99212  -117.78253  3.29000  0.33594      0.44683
1984  8 13 18 44 28.980 1.400 35.99132  -117.78378  3.30700  0.32549      0.44842
1984  8 13 18 51 12.150 1.000 35.99153  -117.78304  3.56700  0.06227      0.45306
1984  8 13 18 52  2.470 1.000 35.99104  -117.78398  3.28200  0.35961      0.45367
1984  8 13 18 54 27.320 3.000 35.99146  -117.78305  3.16300  0.45966      0.45538
1984  8 13 18 55 24.990 1.300 35.99100  -117.78580  3.81000  0.32378      0.45599
1984  8 13 18 58 29.570 1.920 35.99215  -117.78275  3.29700  0.32727      0.45819
1984  8 13 19  7 33.680 1.100 35.99027  -117.78178  3.50700  0.23542      0.46441
1984  8 13 19  8  8.010 1.000 35.99077  -117.78300  3.55100  0.13530      0.46490
1984  8 13 19 10 53.290 1.000 35.99235  -117.78172  3.89800  0.30751      0.46673
1984  8 13 19 11 12.400 1.000 35.99213  -117.78056  3.62700  0.22654      0.46698
1984  8 13 19 11 41.640 1.000 35.99204  -117.78072  3.65200  0.21279      0.46734
1984  8 13 19 20 57.950 1.000 35.99096  -117.78301  3.49300  0.15927      0.47381
1984  8 13 19 22 26.230 1.000 35.99202  -117.78142  3.50700  0.18706      0.47479
1984  8 13 19 30 25.410 1.000 35.99018  -117.78129  3.68200  0.24812      0.48028
1984  8 13 19 39  5.500 1.000 35.98998  -117.78143  3.41100  0.32670      0.48638
1984  8 13 19 41 30.630 1.100 35.99204  -117.78323  3.17900  0.44304      0.48797
1984  8 13 19 45 46.580 1.500 35.98909  -117.78268  3.55000  0.31248      0.49102
1984  8 13 19 46 41.060 1.000 35.99243  -117.78194  3.30400  0.33939      0.49163
1984  8 13 19 48 40.660 1.000 35.99115  -117.78268  3.32500  0.30679      0.49298
1984  8 13 19 48 59.290 1.000 35.98840  -117.78085  3.34700  0.50769      0.49322
1984  8 13 19 51 50.650 1.300 35.99231  -117.78205  3.27100  0.36561      0.49517
1984  8 13 19 53 30.820 1.000 35.99276  -117.78065  3.39900  0.32717      0.49639
1984  8 13 19 59 44.150 1.000 35.99234  -117.78132  3.75000  0.21027      0.50067
1984  8 13 20  7 52.350 1.000 35.98889  -117.78166  3.39300  0.41550      0.50628
1984  8 13 20 10 25.940 1.000 35.99416  -117.78036  3.51000  0.37312      0.50811
1984  8 13 20 10 55.960 1.000 35.99100  -117.78304  3.55700  0.11031      0.50848
1984  8 13 20 17 31.940 1.560 35.99099  -117.78282  3.38700  0.25202      0.51300
1984  8 13 20 18  2.200 1.000 35.99252  -117.78150  3.63100  0.15984      0.51336
1984  8 13 20 18 10.970 1.000 35.99201  -117.78180  3.48500  0.17774      0.51348
1984  8 13 20 26  0.080 1.100 35.99150  -117.78290  3.55000  0.08008      0.51898
1984  8 13 20 29 39.820 1.000 35.99044  -117.78287  3.59100  0.15605      0.52142
1984  8 13 20 33 27.590 1.000 35.98950  -117.78095  3.85700  0.39662      0.52410
1984  8 13 20 36 47.690 1.000 35.98866  -117.78230  3.53100  0.36776      0.52642
1984  8 13 20 42 41.670 1.000 35.99074  -117.78352  3.60400  0.12756      0.53057
1984  8 13 20 45  2.680 1.000 35.98939  -117.78241  3.67000  0.27947      0.53216
1984  8 13 20 46 25.720 1.000 35.99101  -117.78306  3.62100  0.08912      0.53314
1984  8 13 20 49 39.520 1.000 35.98920  -117.78195  3.40200  0.37658      0.53533
1984  8 13 20 54 58.470 1.000 35.98941  -117.78239  3.44100  0.32735      0.53900
1984  8 13 20 57 15.980 1.000 35.99155  -117.78220  3.65900  0.08987      0.54058
1984  8 13 20 58 18.440 1.000 35.98957  -117.78223  3.73800  0.28472      0.54132
1984  8 13 21  0 55.340 1.000 35.99216  -117.78104  3.44400  0.25592      0.54315
1984  8 13 21  5 25.890 1.000 35.99218  -117.78305  3.44500  0.18072      0.54632
1984  8 13 21 11 29.730 1.000 35.99006  -117.78075  3.65600  0.28643      0.55047
1984  8 13 21 12 52.040 1.000 35.99054  -117.78159  3.45200  0.25626      0.55145
1984  8 13 21 30 41.790 1.000 35.99034  -117.78132  3.85000  0.32129      0.56390
1984  8 13 21 55 17.560 1.800 35.99196  -117.78263  3.36600  0.25822      0.58099
1984  8 13 21 57 48.090 1.100 35.99279  -117.78117  3.63500  0.20066      0.58270
1984  8 13 22 23  8.210 1.100 35.99306  -117.78137  3.39700  0.30358      0.60028
1984  8 13 22 26 53.610 1.000 35.99157  -117.78174  3.26900  0.37197      0.60284
1984  8 13 22 27 20.790 1.100 35.98967  -117.78207  3.66600  0.25770      0.60321
1984  8 13 22 33 50.100 1.300 35.99139  -117.78377  3.29400  0.33673      0.60772
1984  8 13 22 34 40.510 1.260 35.99126  -117.78416  3.33200  0.31172      0.60833
1984  8 13 22 40 52.000 1.010 35.99161  -117.78314  3.46300  0.15976      0.61260
1984  8 13 22 49 35.730 1.000 35.99111  -117.78304  3.39300  0.24086      0.61859
1984  8 13 23  5 25.290 1.000 35.99124  -117.78028  3.54100  0.26909      0.62969
1984  8 13 23  9 25.400 1.000 35.99094  -117.78377  3.51000  0.16109      0.63238
1984  8 13 23 20 55.230 1.000 35.98876  -117.78260  3.85600  0.41432      0.64044
1984  8 13 23 23  6.830 1.000 35.98903  -117.78020  4.34400  0.82697      0.64190
1984  8 13 23 29 47.350 1.000 35.99144  -117.78187  3.74400  0.16720      0.64654
1984  8 13 23 32 19.970 1.000 35.98939  -117.78185  3.66200  0.29258      0.64837
1984  8 13 23 33 31.930 1.000 35.98815  -117.78124  4.03900  0.60534      0.64910
1984  8 13 23 36 35.700 1.000 35.99304  -117.78064  3.47600  0.29437      0.65130
1984  8 13 23 37 40.240 1.000 35.98942  -117.78224  3.78500  0.32043      0.65203
1984  8 13 23 39 53.620 1.000 35.99026  -117.78138  3.88400  0.34802      0.65362
1984  8 13 23 40 34.420 1.200 35.98966  -117.78189  3.61000  0.26092      0.65399
1984  8 13 23 43 54.980 1.000 35.98750  -117.78096  4.06200  0.67773      0.65643
1984  8 13 23 44  8.010 1.200 35.98793  -117.78181  4.04700  0.61642      0.65655
1984  8 13 23 45  5.600 1.000 35.98869  -117.78078  4.14500  0.66075      0.65716
1984  8 13 23 45 43.710 1.900 35.98999  -117.78162  3.61300  0.24009      0.65765
1984  8 13 23 49 57.670 1.000 35.98951  -117.78228  3.75400  0.29658      0.66058
1984  8 13 23 50 56.980 1.000 35.98919  -117.78284  3.78200  0.33353      0.66131
1984  8 13 23 51 45.050 1.000 35.98841  -117.78066  4.17500  0.70421      0.66180
1984  8 13 23 53 44.780 1.000 35.98942  -117.78033  4.24900  0.72426      0.66314
1984  8 13 23 58 23.320 1.000 35.98680  -117.78350  3.32000  0.63435      0.66644
1984  8 13 23 58 44.000 1.300 35.98936  -117.78286  3.72200  0.29082      0.66668
1984  8 13 23 58 34.720 1.000 35.98250  -117.78270  5.11000  1.81388      0.66656
1984  8 13 23 59 13.950 1.000 35.98943  -117.78221  3.71900  0.29206      0.66705
1984  8 14  0  6 38.330 1.000 35.98708  -117.78266  3.80500  0.55819      0.67218
1984  8 14  0  7  4.090 1.000 35.98838  -117.78117  4.01500  0.57348      0.67242
1984  8 14  0  7 52.960 1.300 35.98856  -117.78127  4.00900  0.55357      0.67303
1984  8 14  0 17  4.770 1.000 35.98735  -117.78229  3.96200  0.60566      0.67938
1984  8 14  0 17 31.700 1.000 35.98997  -117.77969  4.16900  0.65812      0.67974
1984  8 14  0 19 18.940 1.000 35.98748  -117.78214  3.99000  0.61198      0.68096
1984  8 14  0 19 59.420 1.000 35.98859  -117.78081  4.15800  0.67597      0.68145
1984  8 14  0 21 37.090 1.000 35.98856  -117.78070  4.15600  0.67917      0.68255
1984  8 14  0 22  5.910 1.000 35.98550  -117.77970  3.83000  0.79150      0.68292
1984  8 14  0 22 29.830 1.000 35.98819  -117.78126  4.15200  0.68557      0.68316
1984  8 14  0 23 56.300 1.200 35.99012  -117.78151  3.54400  0.24596      0.68414
1984  8 14  0 30  1.520 1.000 35.98844  -117.78158  4.04500  0.58087      0.68841
1984  8 14  0 30 39.140 1.000 35.98944  -117.78129  3.93500  0.43934      0.68878
1984  8 14  0 31 25.710 1.000 35.98774  -117.78112  4.07400  0.66330      0.68939
1984  8 14  0 31 21.260 1.000 35.98778  -117.78181  4.01900  0.60951      0.68927
1984  8 14  0 36  4.210 1.000 35.98731  -117.78185  4.08600  0.69156      0.69256
1984  8 14  0 36 42.870 1.400 35.98782  -117.78179  4.00000  0.59435      0.69305
1984  8 14  0 37 11.220 1.000 35.98808  -117.78130  4.21500  0.74115      0.69342
1984  8 14  0 37 21.090 1.000 35.98706  -117.78145  4.11100  0.73456      0.69342
1984  8 14  0 38 58.490 1.300 35.98756  -117.78193  4.02500  0.62969      0.69464
1984  8 14  0 38 49.280 1.200 35.98784  -117.78199  4.13700  0.68577      0.69451
1984  8 14  0 39 32.680 1.000 35.98846  -117.78119  4.09500  0.62544      0.69500
1984  8 14  0 39 54.400 1.000 35.98812  -117.78154  3.97600  0.55918      0.69525
1984  8 14  0 41 18.880 1.200 35.98808  -117.78125  4.08000  0.63930      0.69622
1984  8 14  0 46  0.220 1.300 35.98944  -117.78168  3.64900  0.29209      0.69952
1984  8 14  0 47 34.680 1.000 35.99302  -117.78141  3.42500  0.27974      0.70062
1984  8 14  0 50 37.590 1.100 35.98807  -117.78155  4.17100  0.70252      0.70269
1984  8 14  0 52 46.340 1.200 35.98801  -117.78139  4.12100  0.67135      0.70416
1984  8 14  0 53 26.680 1.700 35.98815  -117.78145  4.11800  0.65807      0.70465
1984  8 14  0 56 21.740 1.000 35.98714  -117.78277  3.99600  0.64104      0.70672
1984  8 14  0 57 53.300 1.000 35.98851  -117.78120  4.32500  0.81106      0.70770
1984  8 14  0 57 47.180 1.000 35.99120  -117.78093  4.31000  0.71805      0.70770
1984  8 14  0 58 10.760 1.000 35.99213  -117.78511  3.96800  0.39510      0.70794
1984  8 14  1  0 39.170 1.900 35.98922  -117.78264  3.69100  0.29866      0.70965
1984  8 14  1 11 21.070 1.000 35.98820  -117.78101  4.20200  0.72939      0.71710
1984  8 14  1 14 54.790 1.000 35.98756  -117.78269  3.85700  0.52906      0.71954
1984  8 14  1 15 33.150 1.100 35.98736  -117.78252  3.91100  0.57579      0.72003
1984  8 14  1 18 43.770 1.000 35.98769  -117.78169  4.01300  0.61509      0.72222
1984  8 14  1 20 23.380 1.000 35.99060  -117.78062  4.01000  0.46612      0.72332
1984  8 14  1 20 13.230 1.000 35.99123  -117.77924  4.14200  0.62643      0.72320
1984  8 14  1 21  5.400 1.000 35.98853  -117.78143  4.22200  0.71792      0.72381
1984  8 14  1 25 46.520 1.000 35.98753  -117.78256  3.96600  0.58938      0.72711
1984  8 14  1 26 16.650 1.000 35.98851  -117.78133  4.22700  0.72505      0.72747
1984  8 14  1 28  2.950 1.000 35.98927  -117.78207  3.73700  0.31776      0.72869
1984  8 14  1 28 22.720 1.300 35.98913  -117.78183  3.65600  0.31945      0.72894
1984  8 14  1 29 39.950 1.000 35.98878  -117.78241  3.66700  0.34489      0.72979
1984  8 14  1 32 38.350 1.000 35.98740  -117.78156  4.08200  0.68611      0.73187
1984  8 14  1 33  0.100 1.000 35.98834  -117.78206  4.00800  0.55376      0.73211
1984  8 14  1 36 33.050 1.100 35.99119  -117.78121  4.31900  0.72054      0.73455
1984  8 14  1 37 34.630 1.000 35.99274  -117.78082  3.63200  0.22564      0.73529
1984  8 14  1 40 13.310 1.000 35.98700  -117.78288  3.99500  0.65286      0.73712
1984  8 14  1 40 43.570 1.300 35.98705  -117.78260  4.13600  0.73958      0.73748
1984  8 14  1 44 56.200 1.800 35.98805  -117.78138  4.15900  0.69762      0.74041
1984  8 14  1 45 22.230 1.000 35.98746  -117.78180  4.23000  0.78575      0.74066
1984  8 14  1 45 35.650 1.000 35.98770  -117.78068  3.17400  0.67364      0.74090
1984  8 14  1 49 12.450 1.100 35.98886  -117.78192  3.61500  0.34330      0.74334
1984  8 14  1 49 38.280 1.000 35.98824  -117.78111  4.40500  0.89580      0.74371
1984  8 14  1 49 53.740 1.000 35.98702  -117.78241  4.15500  0.75648      0.74383
1984  8 14  1 50  4.660 1.500 35.98787  -117.78178  4.06400  0.63352      0.74395
1984  8 14  1 50 27.300 2.000 35.98755  -117.78231  4.05700  0.64735      0.74420
1984  8 14  1 50 16.370 1.100 35.98764  -117.78232  3.91400  0.55234      0.74407
1984  8 14  1 51  3.160 1.000 35.98711  -117.78217  4.18200  0.77058      0.74469
1984  8 14  1 51  8.680 1.000 35.98851  -117.78115  4.03700  0.58044      0.74469
1984  8 14  1 51 38.280 1.000 35.98688  -117.78252  4.08800  0.72166      0.74505
1984  8 14  1 55 28.720 1.000 35.98692  -117.78250  4.06100  0.70114      0.74774
1984  8 14  1 58 30.990 2.000 35.98788  -117.78172  4.02000  0.60363      0.74981
1984  8 14  1 59 51.130 1.500 35.98675  -117.78288  4.12500  0.75541      0.75079
1984  8 14  1 59 36.210 1.000 35.98746  -117.78202  4.11900  0.70024      0.75054
1984  8 14  2  1 52.910 1.000 35.98749  -117.78173  4.11400  0.69830      0.75213
1984  8 14  2  4  2.370 1.000 35.98700  -117.77650  4.82000  1.43892      0.75372
1984  8 14  2  4 20.320 1.000 35.98714  -117.78207  4.24600  0.81732      0.75384
1984  8 14  2  4 13.430 1.000 35.98678  -117.78326  4.14500  0.76684      0.75384
1984  8 14  2  4 27.320 1.400 35.98845  -117.78130  4.01200  0.56303      0.75396
1984  8 14  2  5 23.910 2.000 35.98669  -117.78289  4.08700  0.73586      0.75457
1984  8 14  2  6 32.850 1.000 35.98643  -117.78442  4.14200  0.80272      0.75543
1984  8 14  2  7 58.440 1.000 35.98532  -117.78443  4.04400  0.84559      0.75640
1984  8 14  2 10  2.180 1.000 35.98803  -117.78120  4.10200  0.66005      0.75787
1984  8 14  2 11  2.750 1.500 35.98632  -117.78349  4.11300  0.78498      0.75860
1984  8 14  2 11 49.510 1.800 35.98785  -117.78294  3.88400  0.51284      0.75909
1984  8 14  2 15 14.690 1.000 35.98759  -117.78156  4.42900  0.94390      0.76141
1984  8 14  2 17 42.830 1.000 35.98588  -117.78365  4.06700  0.79776      0.76312
1984  8 14  2 19  7.440 1.800 35.98696  -117.78260  4.08000  0.70913      0.76409
1984  8 14  2 21  4.880 1.300 35.99063  -117.78489  3.30800  0.37778      0.76556
1984  8 14  2 23 12.730 1.000 35.98780  -117.78164  4.31900  0.83789      0.76702
1984  8 14  2 24 34.470 1.300 35.98830  -117.78100  4.23400  0.74969      0.76788
1984  8 14  2 26 34.050 1.000 35.98785  -117.78088  4.40800  0.92244      0.76934
1984  8 14  2 28 36.440 1.000 35.99302  -117.78137  3.36600  0.32517      0.77069
1984  8 14  2 29  0.550 1.900 35.98653  -117.78365  3.86900  0.63973      0.77105
1984  8 14  2 29 38.880 1.000 35.98932  -117.78021  4.52700  0.98111      0.77142
1984  8 14  2 29 32.360 1.000 35.98806  -117.78104  4.43100  0.92877      0.77142
1984  8 14  2 31 44.040 1.000 35.98777  -117.78220  3.93700  0.55449      0.77288
1984  8 14  2 31 40.770 1.000 35.98939  -117.78004  4.52700  0.98305      0.77288
1984  8 14  2 32 18.880 1.000 35.98906  -117.78064  4.34200  0.81266      0.77337
1984  8 14  2 33 10.150 1.200 35.98706  -117.78220  4.22900  0.80891      0.77386
1984  8 14  2 35  2.270 1.000 35.98772  -117.78166  4.35300  0.87068      0.77520
1984  8 14  2 35 18.760 1.000 35.98832  -117.78101  4.52800  1.00334      0.77545
1984  8 14  2 35 35.840 1.000 35.98878  -117.78040  4.21100  0.71967      0.77557
1984  8 14  2 35 50.110 1.000 35.98694  -117.78247  4.26100  0.84010      0.77581
1984  8 14  2 37 20.810 1.000 35.98703  -117.78288  3.98900  0.64663      0.77679
1984  8 14  2 39 19.970 1.070 35.98781  -117.78108  3.80000  0.51124      0.77813
1984  8 14  2 39 29.890 1.000 35.98721  -117.78191  4.39900  0.93659      0.77825
1984  8 14  2 39 39.600 1.000 35.98844  -117.78093  4.09100  0.63041      0.77838
1984  8 14  2 39 52.090 1.000 35.98637  -117.78322  4.12800  0.78949      0.77850
1984  8 14  2 40 21.730 1.000 35.98808  -117.78063  4.42500  0.93031      0.77886
1984  8 14  2 44 26.040 1.000 35.98765  -117.78186  4.07200  0.65464      0.78167
1984  8 14  2 48 51.450 1.000 35.98727  -117.78219  4.30000  0.84965      0.78485
1984  8 14  2 48 40.020 1.000 35.98703  -117.78175  4.23400  0.81961      0.78472
1984  8 14  2 50 28.160 1.100 35.98614  -117.78365  3.92900  0.70372      0.78594
1984  8 14  2 54 11.700 1.000 35.98984  -117.78029  4.31500  0.76884      0.78851
1984  8 14  2 55 21.020 1.000 35.98749  -117.78210  4.32300  0.85477      0.78936
1984  8 14  2 55 58.370 1.000 35.98826  -117.78111  4.20300  0.72456      0.78973
1984  8 14  2 59  1.160 2.000 35.98742  -117.78262  3.96900  0.60081      0.79180
1984  8 14  2 58 53.930 1.000 35.99183  -117.78619  3.13700  0.56028      0.79180
1984  8 14  3  1 39.000 1.000 35.98809  -117.78207  4.01200  0.57589      0.79364
1984  8 14  3  2  4.030 1.000 35.98826  -117.78168  4.10400  0.63598      0.79400
1984  8 14  3  5 32.560 1.000 35.98710  -117.78282  4.08800  0.70214      0.79644
1984  8 14  3  7 23.100 1.000 35.98713  -117.78275  4.15600  0.74689      0.79766
1984  8 14  3 12 30.170 1.000 35.98743  -117.78214  4.08800  0.67962      0.80120
1984  8 14  3 15 58.510 1.000 35.98816  -117.78058  4.56300  1.04945      0.80365
1984  8 14  3 17 38.650 1.500 35.98666  -117.78271  4.18700  0.80563      0.80474
1984  8 14  3 19 11.610 1.200 35.98631  -117.78329  4.08700  0.76918      0.80584
1984  8 14  3 19 25.750 2.000 35.98687  -117.78283  4.12300  0.74440      0.80609
1984  8 14  3 22 29.050 1.000 35.98762  -117.78210  3.89100  0.54508      0.80816
1984  8 14  3 24  1.260 1.200 35.98713  -117.78268  4.04000  0.66902      0.80926
1984  8 14  3 25  9.970 1.000 35.98700  -117.78680  3.00000  0.88653      0.80999
1984  8 14  3 25 19.970 1.000 35.98763  -117.78231  3.86600  0.52964      0.81011
1984  8 14  3 29  7.070 1.000 35.98763  -117.78149  4.35600  0.88095      0.81280
1984  8 14  3 29  3.220 1.000 35.98771  -117.78150  4.37500  0.89204      0.81268
1984  8 14  3 30 40.490 1.500 35.98741  -117.78188  4.05700  0.66344      0.81390
1984  8 14  3 31 13.880 1.000 35.98950  -117.77820  2.82000  0.94776      0.81427
1984  8 14  3 35 28.500 1.000 35.98866  -117.78091  4.20700  0.70933      0.81719
1984  8 14  3 35 42.700 1.000 35.98907  -117.78019  4.29300  0.78118      0.81732
1984  8 14  3 42 13.750 1.500 35.98646  -117.78356  4.05600  0.73832      0.82183
1984  8 14  3 48  7.340 1.000 35.98687  -117.78107  3.98800  0.68412      0.82598
1984  8 14  3 49 56.840 1.400 35.98825  -117.78185  3.80600  0.44987      0.82720
1984  8 14  3 55 41.830 1.100 35.98788  -117.78220  3.73900  0.45903      0.83123
1984  8 14  3 59 29.150 1.000 35.98634  -117.78109  4.27800  0.91236      0.83380
1984  8 14  3 59 42.060 1.000 35.98638  -117.78103  4.18700  0.84710      0.83404
1984  8 14  4  0 44.640 2.200 35.98768  -117.78240  4.07400  0.64780      0.83477
1984  8 14  4  0 41.520 1.200 35.98765  -117.78078  4.14900  0.73093      0.83465
1984  8 14  4  1 50.900 1.300 35.98673  -117.78308  4.20600  0.81326      0.83551
1984  8 14  4  5  9.970 1.000 35.98738  -117.78193  4.15300  0.73187      0.83782
1984  8 14  4  5 35.150 1.000 35.98870  -117.78065  4.12300  0.64660      0.83807
1984  8 14  4 11 26.100 1.000 35.98634  -117.78082  4.31700  0.94570      0.84210
1984  8 14  4 11 48.320 1.000 35.98590  -117.78147  4.02800  0.78570      0.84234
1984  8 14  4 11 40.230 1.000 35.98560  -117.78225  4.07000  0.82667      0.84234
1984  8 14  4 12 25.730 1.000 35.98765  -117.78032  4.40100  0.93931      0.84283
1984  8 14  4 16 54.860 1.000 35.98952  -117.78230  3.71700  0.27990      0.84600
1984  8 14  4 26 14.060 1.000 35.98761  -117.78324  3.89900  0.54380      0.85247
1984  8 14  4 29 41.810 1.000 35.99146  -117.78214  4.24600  0.63144      0.85479
1984  8 14  4 30 14.370 1.000 35.99144  -117.78219  4.20800  0.59348      0.85516
1984  8 14  4 35  1.890 1.000 35.99238  -117.78253  4.20600  0.59019      0.85858
1984  8 14  4 36 12.690 1.000 35.98755  -117.78300  3.81500  0.51207      0.85931
1984  8 14  4 37 34.910 1.000 35.99280  -117.78176  4.28500  0.68290      0.86029
1984  8 14  4 44 32.400 1.000 35.98603  -117.78120  4.15500  0.85184      0.86517
1984  8 14  4 48 43.460 1.000 35.98761  -117.78238  3.88500  0.53979      0.86810
1984  8 14  4 49 52.840 1.000 35.99136  -117.78198  4.16400  0.55364      0.86883
1984  8 14  4 49 47.460 1.000 35.99171  -117.78252  4.18800  0.56912      0.86883
1984  8 14  4 56 30.510 1.200 35.98935  -117.78186  3.74400  0.31837      0.87347
1984  8 14  5  2 35.380 1.000 35.98899  -117.78207  4.11400  0.59080      0.87762
1984  8 14  5  4 13.230 1.000 35.99148  -117.78372  3.21600  0.41111      0.87884
1984  8 14  5  6 42.400 1.000 35.99044  -117.78080  3.90300  0.37894      0.88055
1984  8 14  5  6 50.390 1.000 35.99102  -117.78059  4.24800  0.67082      0.88067
1984  8 14  5 11 25.880 1.100 35.99237  -117.78309  3.10900  0.51579      0.88385
1984  8 14  5 16 36.790 1.000 35.98809  -117.78257  3.86000  0.47959      0.88739
1984  8 14  5 16 30.890 1.000 35.98713  -117.78260  4.32500  0.87644      0.88739
1984  8 14  5 22 12.910 1.000 35.98799  -117.78178  4.17600  0.70805      0.89129
1984  8 14  5 22 24.180 1.000 35.99076  -117.77944  4.46300  0.90978      0.89141
1984  8 14  5 26 37.990 1.400 35.98765  -117.78235  4.08800  0.66016      0.89434
1984  8 14  5 26 54.710 1.000 35.98813  -117.78168  4.10600  0.64652      0.89459
1984  8 14  5 29 40.270 1.000 35.98697  -117.78239  3.86600  0.59445      0.89642
1984  8 14  5 29 28.270 1.000 35.98844  -117.78125  4.08300  0.61617      0.89630
1984  8 14  5 36 18.780 1.000 35.98755  -117.78141  4.14800  0.72390      0.90106
1984  8 14  5 37 53.680 1.000 35.98806  -117.78191  3.97100  0.55380      0.90216
1984  8 14  5 38 26.790 1.000 35.98756  -117.78197  4.13100  0.70187      0.90252
1984  8 14  5 39  5.580 1.000 35.98570  -117.78100  3.71000  0.70967      0.90301
1984  8 14  5 42  7.500 1.000 35.99117  -117.78260  4.14500  0.53034      0.90509
1984  8 14  5 43 23.310 1.000 35.98692  -117.78310  4.02100  0.67501      0.90594
1984  8 14  5 44 10.010 1.000 35.98687  -117.78281  3.85000  0.59553      0.90655
1984  8 14  5 45 59.830 1.200 35.98672  -117.78298  4.08000  0.72868      0.90777
1984  8 14  5 53 51.580 1.000 35.98806  -117.78144  4.30800  0.81654      0.91326
1984  8 14  5 54  1.290 1.000 35.98795  -117.78125  4.31100  0.82842      0.91339
1984  8 14  5 55 27.610 1.000 35.99257  -117.78249  3.18500  0.44689      0.91436
1984  8 14  6  0 42.480 1.000 35.99285  -117.78246  3.27200  0.37145      0.91802
1984  8 14  6  7 58.220 1.000 35.99077  -117.78323  4.05900  0.45333      0.92303
1984  8 14  6  8 40.270 1.500 35.99295  -117.78209  3.23700  0.41340      0.92352
1984  8 14  6  9 46.270 2.000 35.99003  -117.78316  4.10900  0.52673      0.92437
1984  8 14  6 14  9.800 1.000 35.99067  -117.78265  4.11000  0.50643      0.92742
1984  8 14  6 16  4.100 1.000 35.99226  -117.78288  3.19800  0.42620      0.92865
1984  8 14  6 20 11.140 1.000 35.98880  -117.78500  3.69000  0.38431      0.93157
1984  8 14  6 21 26.890 1.000 35.99112  -117.78182  4.19000  0.58468      0.93243
1984  8 14  6 21 15.000 1.000 35.98773  -117.78168  4.17000  0.72286      0.93231
1984  8 14  6 22  9.740 1.000 35.98824  -117.78239  3.86600  0.47028      0.93292
1984  8 14  6 23 45.520 2.530 35.99067  -117.78272  4.19600  0.58958      0.93402
1984  8 14  6 28  5.900 1.000 35.99183  -117.78217  4.16300  0.54761      0.93707
1984  8 14  6 28 31.210 1.000 35.99165  -117.78235  4.18400  0.56674      0.93731
1984  8 14  6 38 59.820 1.000 35.98965  -117.78059  3.81200  0.37844      0.94464
1984  8 14  6 39 18.040 1.000 35.99161  -117.78242  4.20400  0.58616      0.94488
1984  8 14  6 40 47.000 1.000 35.99197  -117.78219  4.15400  0.53885      0.94586
1984  8 14  6 43 43.250 1.000 35.99064  -117.78231  4.18800  0.58552      0.94793
1984  8 14  6 45  1.460 1.000 35.98861  -117.78196  4.01100  0.53698      0.94879
1984  8 14  6 45 34.460 1.200 35.99222  -117.78349  4.07400  0.45708      0.94915
1984  8 14  6 47 16.070 1.000 35.98879  -117.78111  4.17700  0.67246      0.95037
1984  8 14  6 48 34.670 1.000 35.98761  -117.78230  4.42200  0.92959      0.95123
1984  8 14  6 48 47.970 1.000 35.98734  -117.78198  4.48800  1.00396      0.95147
1984  8 14  6 49 47.090 1.000 35.99000  -117.78320  3.76000  0.24496      0.95208
1984  8 14  6 53 57.080 1.000 35.99107  -117.78358  4.17800  0.56507      0.95501
1984  8 14  6 56 27.840 1.000 35.99126  -117.78247  4.26900  0.65292      0.95672
1984  8 14  7  3 33.190 1.200 35.98846  -117.77682  4.03900  0.79218      0.96173
1984  8 14  7 12 47.710 1.800 35.99096  -117.78303  4.28200  0.66776      0.96807
1984  8 14  7 15 48.570 1.000 35.98721  -117.78161  4.24200  0.81478      0.97015
1984  8 14  7 15 56.470 1.000 35.99078  -117.78267  4.12500  0.51797      0.97027
1984  8 14  7 17  6.330 1.100 35.99038  -117.78260  4.13700  0.54148      0.97113
1984  8 14  7 17 56.050 1.000 35.98475  -117.78076  3.96500  0.88140      0.97161
1984  8 14  7 18 59.290 1.000 35.98730  -117.77900  4.54000  1.10847      0.97235
1984  8 14  7 20 23.470 1.000 35.98500  -117.78046  3.83700  0.82116      0.97332
1984  8 14  7 20 38.960 1.000 35.98613  -117.78073  3.99800  0.76440      0.97357
1984  8 14  7 20 30.370 1.000 35.98809  -117.78220  4.10400  0.64042      0.97344
1984  8 14  7 20 54.010 1.000 35.99006  -117.77985  3.38900  0.41806      0.97369
1984  8 14  7 20 41.750 1.000 35.98469  -117.78071  3.83500  0.84638      0.97357
1984  8 14  7 21  7.910 1.000 35.98654  -117.78224  3.81200  0.62027      0.97393
1984  8 14  7 21 16.630 1.000 35.98480  -117.77770  3.60000  0.91596      0.97393
1984  8 14  7 21 57.580 1.400 35.98515  -117.78036  3.89500  0.82586      0.97442
1984  8 14  7 24  2.100 1.500 35.99118  -117.78382  4.10000  0.48904      0.97589
1984  8 14  7 27 16.210 1.000 35.98495  -117.78052  3.88200  0.83762      0.97808
1984  8 14  7 27 27.760 1.000 35.99257  -117.78088  4.24800  0.66184      0.97833
1984  8 14  7 33 31.810 1.000 35.98997  -117.78510  3.99300  0.46322      0.98248
1984  8 14  7 35 47.570 1.500 35.99097  -117.78387  4.08500  0.47906      0.98406
1984  8 14  7 37 12.840 1.000 35.99077  -117.78271  4.14100  0.53358      0.98504
1984  8 14  7 40 25.450 1.000 35.99219  -117.78263  4.29100  0.67237      0.98724
1984  8 14  7 41  8.950 1.000 35.99229  -117.78242  4.20600  0.59016      0.98773
1984  8 14  7 44 49.230 1.000 35.98695  -117.78292  3.90800  0.61187      0.99029
1984  8 14  7 45 13.800 1.000 35.99127  -117.78265  4.11400  0.49792      0.99066
1984  8 14  7 50 36.650 1.000 35.99092  -117.78397  4.18500  0.57873      0.99432
1984  8 14  7 51  9.800 1.000 35.98452  -117.78146  3.94200  0.88338      0.99469
1984  8 14  7 52  5.200 1.000 35.99135  -117.78304  4.02300  0.40526      0.99542
1984  8 14  7 54 23.760 1.000 35.98702  -117.78372  4.20700  0.79426      0.99700
1984  8 14  7 57 45.620 1.000 35.98447  -117.78088  3.81200  0.86045      0.99932
1984  8 14  8  1 53.140 1.000 35.98880  -117.77550  3.77000  0.77129      1.00213
1984  8 14  8  5 23.880 1.000 35.98440  -117.78077  4.21800  1.03779      1.00457
1984  8 14  8 12 22.690 1.000 35.98692  -117.78132  3.96400  0.66134      1.00946
1984  8 14  8 13 26.470 1.000 35.98726  -117.78165  4.22400  0.79726      1.01019
1984  8 14  8 14  4.340 1.000 35.98835  -117.78057  4.54000  1.02087      1.01068
1984  8 14  8 18 37.300 1.000 35.98699  -117.78218  4.23500  0.81854      1.01385
1984  8 14  8 27 31.590 1.000 35.98812  -117.78209  3.53300  0.42820      1.01995
1984  8 14  8 30 15.740 1.000 35.98830  -117.77770  5.04000  1.54810      1.02191
1984  8 14  8 44  3.310 1.000 35.98543  -117.77999  4.08000  0.88825      1.03143
1984  8 14  8 46 59.240 1.000 35.99169  -117.78312  4.16500  0.54420      1.03350
1984  8 14  8 49 26.580 1.000 35.98855  -117.78243  4.00800  0.53327      1.03521
1984  8 14  8 50 29.930 1.000 35.98893  -117.78156  3.46900  0.37895      1.03594
1984  8 14  9  2 56.030 1.000 35.98620  -117.78220  5.18000  1.68098      1.04461
1984  8 14  9  4 32.690 1.000 35.98970  -117.77570  4.26000  0.94825      1.04571
1984  8 14  9  7 27.830 1.700 35.98690  -117.78262  3.85300  0.59437      1.04766
1984  8 14  9  8 17.840 1.000 35.98810  -117.78109  4.27900  0.79643      1.04827
1984  8 14  9  9 25.030 1.000 35.98748  -117.78236  3.84100  0.53301      1.04913
1984  8 14  9 16 28.220 1.000 35.98697  -117.77804  4.33100  0.99829      1.05401
1984  8 14  9 45 39.060 1.000 35.98749  -117.78175  3.94700  0.59194      1.07427
1984  8 14  9 46 49.330 1.000 35.99060  -117.78261  4.03600  0.43800      1.07501
1984  8 14  9 47 33.540 1.000 35.98711  -117.78188  4.00200  0.65502      1.07562
1984  8 14  9 49 21.030 1.500 35.98917  -117.78359  3.81700  0.35625      1.07684
1984  8 14  9 51  1.150 2.000 35.98902  -117.78280  3.92800  0.43691      1.07794
1984  8 14  9 55 54.590 1.000 35.99128  -117.78339  4.02100  0.40547      1.08135
1984  8 14  9 59  6.470 1.000 35.98810  -117.78178  3.76900  0.45321      1.08355
1984  8 14 10  2 11.570 1.000 35.98768  -117.78307  3.77600  0.48492      1.08575
1984  8 14 10  2 32.410 1.000 35.98544  -117.78053  4.12400  0.89751      1.08599
1984  8 14 10  4 23.610 1.000 35.98841  -117.78216  4.05500  0.58103      1.08721
1984  8 14 10  5 33.950 1.000 35.99360  -117.78217  3.73000  0.23995      1.08807
1984  8 14 10 10 22.440 1.000 35.99254  -117.78191  4.33600  0.72671      1.09136
1984  8 14 10 13 30.090 1.000 35.98913  -117.78226  3.91900  0.42749      1.09356
1984  8 14 10 35  7.990 1.000 35.99082  -117.78058  3.92400  0.39118      1.10858
1984  8 14 10 37 27.920 1.000 35.98867  -117.78215  3.89900  0.45341      1.11016
1984  8 14 10 43 49.580 1.000 35.99109  -117.78361  4.38000  0.76490      1.11468
1984  8 14 10 53 50.370 1.000 35.98993  -117.78044  3.96200  0.46367      1.12164
1984  8 14 10 55 48.150 1.000 35.98996  -117.78340  3.91000  0.35625      1.12298
1984  8 14 11 26 56.850 1.100 35.98925  -117.78217  4.14200  0.59882      1.14459
1984  8 14 11 54 54.970 1.000 35.99313  -117.78026  3.25100  0.47055      1.16400
1984  8 14 11 55  4.200 1.100 35.98741  -117.78266  3.88800  0.55820      1.16412
1984  8 14 12 15 19.150 1.000 35.98735  -117.78292  3.70200  0.50254      1.17816
1984  8 14 12 19 15.290 1.000 35.98758  -117.78281  3.71200  0.47966      1.18096
1984  8 14 12 26 16.250 1.400 35.99308  -117.78154  3.21200  0.45345      1.18573
1984  8 14 12 29 58.430 1.000 35.99248  -117.78075  3.44800  0.27995      1.18841
1984  8 14 12 32 59.270 1.000 35.99256  -117.78050  3.53700  0.25738      1.19049
1984  8 14 12 33 36.330 1.000 35.98782  -117.78267  3.98300  0.57358      1.19085
1984  8 14 12 33 29.460 1.000 35.98829  -117.78440  3.65800  0.41185      1.19085
1984  8 14 12 36 41.250 1.000 35.98667  -117.78397  3.73500  0.58858      1.19305
1984  8 14 12 37 14.580 1.000 35.98711  -117.78328  3.78900  0.54923      1.19342
1984  8 14 12 39 32.450 1.000 35.98771  -117.78424  3.71300  0.47748      1.19500
1984  8 14 12 57  8.230 1.000 35.98764  -117.78460  4.15700  0.72232      1.20721
1984  8 14 13 12 36.460 1.000 35.98683  -117.78093  4.25300  0.86140      1.21795
1984  8 14 13 12 47.220 1.000 35.98808  -117.78232  3.76600  0.44425      1.21807
1984  8 14 13 21  5.600 1.400 35.98920  -117.78670  3.36000  0.50981      1.22381
1984  8 14 13 21 23.090 1.000 35.98921  -117.78266  3.92600  0.42177      1.22406
1984  8 14 13 43  9.810 1.100 35.98737  -117.78304  3.74700  0.50948      1.23919
1984  8 14 13 57 56.500 1.680 35.98857  -117.78294  3.93500  0.47786      1.24945
1984  8 14 14 11 16.230 1.000 35.98935  -117.78439  3.71600  0.31399      1.25872
1984  8 14 14 19  0.970 1.000 35.98732  -117.78078  4.02800  0.67570      1.26409
