1995 12 14  5 59 26.260 1.000 35.84029  -117.67358  4.91700  0.00000      0.67769
1995 12 14 15 52 25.590 2.200 35.84002  -117.67297  4.89900  0.06505      1.08979
1995 12 14 19 15 30.960 1.000 35.84104  -117.67321  4.93900  0.09251      1.23042
1995 12 14 21 22 57.380 1.000 35.83969  -117.67201  4.80300  0.19362      1.31929
1995 12 14 21 27 57.090 1.000 35.83939  -117.67271  4.83700  0.15059      1.32271
1995 12 15  0 11 23.030 1.010 35.84097  -117.67260  4.97200  0.12822      1.43599
1995 12 15  3 25 52.480 1.110 35.84100  -117.67290  4.86900  0.11094      1.57124
1995 12 15  3 26 34.510 1.250 35.83935  -117.67405  4.86200  0.12533      1.57173
1995 12 15  8 44 36.010 1.000 35.84052  -117.67203  4.79300  0.18847      1.79243
1995 12 15  9 48 29.290 1.000 35.83974  -117.67194  4.80300  0.19620      1.83687
1995 12 15 10 43 35.210 1.000 35.84046  -117.67238  4.91100  0.11022      1.87495
1995 12 15 11 15 39.210 1.470 35.83944  -117.67197  4.78100  0.22055      1.89741
1995 12 15 13  1 33.760 1.100 35.83946  -117.67255  4.81500  0.16605      1.97114
1995 12 15 13  8 43.400 1.000 35.84026  -117.67256  4.92500  0.09221      1.97603
1995 12 15 13 22 55.010 1.000 35.83910  -117.67284  4.86100  0.15870      1.98579
1995 12 15 14 30 14.750 1.000 35.83900  -117.67169  4.74000  0.28427      2.03267
1995 12 15 18 18  9.880 1.000 35.84051  -117.67161  4.77200  0.23067      2.19087
1995 12 16  1  1 48.870 2.340 35.83946  -117.67157  4.76500  0.25358      2.47114
1995 12 16  2 14 47.320 1.000 35.83989  -117.67110  4.64000  0.35880      2.52192
1995 12 16  3 36 27.600 1.000 35.84002  -117.67171  4.74000  0.24655      2.57856
1995 12 16  6 31 23.770 1.000 35.83959  -117.67094  4.70900  0.32580      2.70015
1995 12 16  9 11 17.960 1.000 35.83844  -117.67268  4.74200  0.28205      2.81099
1995 12 16  9 21 43.570 1.300 35.83902  -117.67193  4.74000  0.27082      2.81831
1995 12 16  9 21 22.050 1.000 35.83897  -117.67160  4.67200  0.33689      2.81782
1995 12 16 12 27 29.680 1.000 35.84019  -117.67194  4.90800  0.14816      2.94722
1995 12 16 19 21 39.300 1.180 35.83847  -117.67258  4.76000  0.27177      3.23481
1995 12 16 22  1 51.460 1.280 35.83955  -117.67110  4.70900  0.31630      3.34614
1995 12 16 22 13 28.840 1.000 35.83890  -117.67092  4.61300  0.41659      3.35444
1995 12 17  7  7 36.160 1.000 35.84027  -117.67361  4.91000  0.00790      3.72505
1995 12 17  8  1 23.320 1.000 35.83998  -117.67306  4.83400  0.10135      3.76265
1995 12 17  8 23 37.780 1.000 35.84078  -117.67370  4.97900  0.08305      3.77778
1995 12 17  8 33 27.540 1.000 35.84101  -117.67265  4.84200  0.13758      3.78462
1995 12 17 12  3 13.010 1.000 35.83825  -117.67277  4.68400  0.33347      3.93062
1995 12 17 15 19 45.400 1.000 35.83811  -117.67152  4.56600  0.46506      4.06685
1995 12 17 23 42  4.530 1.000 35.84048  -117.67130  4.77500  0.25032      4.41597
1995 12 18  0 28  6.990 1.000 35.84004  -117.67171  4.73900  0.24701      4.44771
1995 12 18  5 49 53.640 1.000 35.83984  -117.67111  4.75300  0.28103      4.67134
1995 12 18 13 49  7.800 1.180 35.83909  -117.67069  4.63800  0.40400      5.00386
1995 12 19 10 57 16.300 1.000 35.83986  -117.67097  4.73800  0.29957      5.88472
1995 12 19 14 36 35.820 1.000 35.83903  -117.67085  4.67900  0.36992      6.03706
1995 12 20 23 59 28.570 1.000 35.84007  -117.66984  4.60700  0.45850      7.42769
1995 12 21  0 38  8.890 1.080 35.83849  -117.67071  4.58600  0.46541      7.45454
