1984  8 13 23 20 55.230 1.000 35.98876  -117.78260  3.85600  0.00000      0.04920
1984  8 13 23 23  6.830 1.000 35.98903  -117.78020  4.34400  0.53441      0.05066
1984  8 13 23 29 47.350 1.000 35.99144  -117.78187  3.74400  0.32465      0.05530
1984  8 13 23 33 31.930 1.000 35.98815  -117.78124  4.03900  0.23021      0.05786
1984  8 13 23 37 40.240 1.000 35.98942  -117.78224  3.78500  0.10698      0.06079
1984  8 13 23 39 53.620 1.000 35.99026  -117.78138  3.88400  0.20137      0.06238
1984  8 13 23 43 54.980 1.000 35.98750  -117.78096  4.06200  0.28963      0.06519
1984  8 13 23 44  8.010 1.200 35.98793  -117.78181  4.04700  0.22389      0.06531
1984  8 13 23 45  5.600 1.000 35.98869  -117.78078  4.14500  0.33242      0.06592
1984  8 13 23 49 57.670 1.000 35.98951  -117.78228  3.75400  0.13452      0.06934
1984  8 13 23 50 56.980 1.000 35.98919  -117.78284  3.78200  0.09045      0.07007
1984  8 13 23 51 45.050 1.000 35.98841  -117.78066  4.17500  0.36538      0.07056
1984  8 13 23 53 44.780 1.000 35.98942  -117.78033  4.24900  0.44886      0.07190
1984  8 13 23 58 44.000 1.300 35.98936  -117.78286  3.72200  0.15148      0.07544
1984  8 13 23 59 13.950 1.000 35.98943  -117.78221  3.71900  0.15973      0.07581
1984  8 14  0  6 38.330 1.000 35.98708  -117.78266  3.80500  0.19393      0.08093
1984  8 14  0  7  4.090 1.000 35.98838  -117.78117  4.01500  0.20845      0.08118
1984  8 14  0  7 52.960 1.300 35.98856  -117.78127  4.00900  0.19521      0.08179
1984  8 14  0 17  4.770 1.000 35.98735  -117.78229  3.96200  0.19152      0.08814
1984  8 14  0 17 31.700 1.000 35.98997  -117.77969  4.16900  0.42961      0.08850
1984  8 14  0 19 18.940 1.000 35.98748  -117.78214  3.99000  0.19992      0.08972
1984  8 14  0 19 59.420 1.000 35.98859  -117.78081  4.15800  0.34283      0.09021
1984  8 14  0 21 37.090 1.000 35.98856  -117.78070  4.15600  0.34599      0.09131
1984  8 14  0 22 29.830 1.000 35.98819  -117.78126  4.15200  0.32610      0.09192
1984  8 14  0 30  1.520 1.000 35.98844  -117.78158  4.04500  0.21312      0.09717
1984  8 14  0 30 39.140 1.000 35.98944  -117.78129  3.93500  0.16092      0.09754
1984  8 14  0 31 21.260 1.000 35.98778  -117.78181  4.01900  0.20871      0.09802
1984  8 14  0 31 25.710 1.000 35.98774  -117.78112  4.07400  0.27948      0.09815
1984  8 14  0 36  4.210 1.000 35.98731  -117.78185  4.08600  0.28907      0.10132
1984  8 14  0 36 42.870 1.400 35.98782  -117.78179  4.00000  0.19217      0.10181
1984  8 14  0 37 11.220 1.000 35.98808  -117.78130  4.21500  0.38490      0.10217
1984  8 14  0 37 21.090 1.000 35.98706  -117.78145  4.11100  0.33398      0.10217
1984  8 14  0 38 58.490 1.300 35.98756  -117.78193  4.02500  0.22374      0.10340
1984  8 14  0 38 49.280 1.200 35.98784  -117.78199  4.13700  0.30416      0.10327
1984  8 14  0 39 32.680 1.000 35.98846  -117.78119  4.09500  0.27268      0.10376
1984  8 14  0 39 54.400 1.000 35.98812  -117.78154  3.97600  0.16924      0.10401
1984  8 14  0 41 18.880 1.200 35.98808  -117.78125  4.08000  0.26572      0.10498
1984  8 14  0 50 37.590 1.100 35.98807  -117.78155  4.17100  0.33781      0.11145
1984  8 14  0 52 46.340 1.200 35.98801  -117.78139  4.12100  0.29860      0.11292
1984  8 14  0 53 26.680 1.700 35.98815  -117.78145  4.11800  0.28977      0.11341
1984  8 14  0 56 21.740 1.000 35.98714  -117.78277  3.99600  0.22890      0.11548
1984  8 14  0 57  4.360 1.000 35.99324  -117.78525  3.85100  0.55192      0.11597
1984  8 14  0 57 47.180 1.000 35.99120  -117.78093  4.31000  0.54970      0.11646
1984  8 14  0 57 53.300 1.000 35.98851  -117.78120  4.32500  0.48644      0.11646
1984  8 14  0 58 10.760 1.000 35.99213  -117.78511  3.96800  0.45132      0.11670
1984  8 14  1  0 39.170 1.900 35.98922  -117.78264  3.69100  0.17268      0.11841
1984  8 14  1 11 21.070 1.000 35.98820  -117.78101  4.20200  0.37941      0.12586
1984  8 14  1 14 54.790 1.000 35.98756  -117.78269  3.85700  0.13384      0.12830
1984  8 14  1 15 33.150 1.100 35.98736  -117.78252  3.91100  0.16583      0.12879
1984  8 14  1 18 43.770 1.000 35.98769  -117.78169  4.01300  0.21348      0.13098
1984  8 14  1 20 13.230 1.000 35.99123  -117.77924  4.14200  0.49815      0.13196
1984  8 14  1 20 23.380 1.000 35.99060  -117.78062  4.01000  0.31211      0.13208
1984  8 14  1 21  5.400 1.000 35.98853  -117.78143  4.22200  0.38150      0.13257
1984  8 14  1 25 46.520 1.000 35.98753  -117.78256  3.96600  0.17569      0.13587
1984  8 14  1 26 16.650 1.000 35.98851  -117.78133  4.22700  0.38921      0.13623
1984  8 14  1 28  2.950 1.000 35.98927  -117.78207  3.73700  0.14011      0.13745
1984  8 14  1 32 38.350 1.000 35.98740  -117.78156  4.08200  0.28739      0.14063
1984  8 14  1 33  0.100 1.000 35.98834  -117.78206  4.00800  0.16646      0.14087
1984  8 14  1 36 33.050 1.100 35.99119  -117.78121  4.31900  0.55037      0.14331
1984  8 14  1 40 13.310 1.000 35.98700  -117.78288  3.99500  0.24166      0.14588
1984  8 14  1 40 43.570 1.300 35.98705  -117.78260  4.13600  0.33862      0.14624
1984  8 14  1 44 56.200 1.800 35.98805  -117.78138  4.15900  0.33176      0.14917
1984  8 14  1 45 22.230 1.000 35.98746  -117.78180  4.23000  0.40750      0.14942
1984  8 14  1 49 38.280 1.000 35.98824  -117.78111  4.40500  0.56805      0.15247
1984  8 14  1 49 53.740 1.000 35.98702  -117.78241  4.15500  0.35673      0.15259
1984  8 14  1 50  4.660 1.500 35.98787  -117.78178  4.06400  0.24217      0.15271
1984  8 14  1 50 16.370 1.100 35.98764  -117.78232  3.91400  0.13990      0.15283
1984  8 14  1 50 27.300 2.000 35.98755  -117.78231  4.05700  0.24357      0.15296
1984  8 14  1 51  3.160 1.000 35.98711  -117.78217  4.18200  0.37608      0.15344
1984  8 14  1 51  8.680 1.000 35.98851  -117.78115  4.03700  0.22454      0.15344
1984  8 14  1 51 38.280 1.000 35.98688  -117.78252  4.08800  0.31251      0.15381
1984  8 14  1 55 28.720 1.000 35.98692  -117.78250  4.06100  0.28993      0.15650
1984  8 14  1 58 30.990 2.000 35.98788  -117.78172  4.02000  0.20685      0.15857
1984  8 14  1 59 36.210 1.000 35.98746  -117.78202  4.11900  0.30464      0.15930
1984  8 14  1 59 51.130 1.500 35.98675  -117.78288  4.12500  0.35074      0.15955
1984  8 14  2  1 52.910 1.000 35.98749  -117.78173  4.11400  0.30438      0.16089
1984  8 14  2  4 13.430 1.000 35.98678  -117.78326  4.14500  0.36848      0.16260
1984  8 14  2  4 20.320 1.000 35.98714  -117.78207  4.24600  0.43237      0.16260
1984  8 14  2  4 27.320 1.400 35.98845  -117.78130  4.01200  0.19764      0.16272
1984  8 14  2  5 23.910 2.000 35.98669  -117.78289  4.08700  0.32737      0.16333
1984  8 14  2  6 32.850 1.000 35.98643  -117.78442  4.14200  0.41907      0.16419
1984  8 14  2  7 58.440 1.000 35.98532  -117.78443  4.04400  0.45710      0.16516
1984  8 14  2 10  2.180 1.000 35.98803  -117.78120  4.10200  0.28816      0.16663
1984  8 14  2 11  2.750 1.500 35.98632  -117.78349  4.11300  0.38232      0.16736
1984  8 14  2 11 49.510 1.800 35.98785  -117.78294  3.88400  0.10966      0.16785
1984  8 14  2 15 14.690 1.000 35.98759  -117.78156  4.42900  0.59492      0.17017
1984  8 14  2 17 42.830 1.000 35.98588  -117.78365  4.06700  0.39509      0.17188
1984  8 14  2 19  7.440 1.800 35.98696  -117.78260  4.08000  0.30042      0.17285
1984  8 14  2 23 12.730 1.000 35.98780  -117.78164  4.31900  0.48290      0.17578
1984  8 14  2 24 34.470 1.300 35.98830  -117.78100  4.23400  0.40758      0.17664
1984  8 14  2 26 34.050 1.000 35.98785  -117.78088  4.40800  0.58205      0.17810
1984  8 14  2 29  0.550 1.900 35.98653  -117.78365  3.86900  0.26606      0.17981
1984  8 14  2 29 32.360 1.000 35.98806  -117.78104  4.43100  0.59708      0.18018
1984  8 14  2 29 38.880 1.000 35.98932  -117.78021  4.52700  0.70726      0.18018
1984  8 14  2 31 40.770 1.000 35.98939  -117.78004  4.52700  0.71290      0.18164
1984  8 14  2 31 44.040 1.000 35.98777  -117.78220  3.93700  0.14133      0.18164
1984  8 14  2 32 18.880 1.000 35.98906  -117.78064  4.34200  0.51819      0.18213
1984  8 14  2 33 10.150 1.200 35.98706  -117.78220  4.22900  0.41972      0.18262
1984  8 14  2 35  2.270 1.000 35.98772  -117.78166  4.35300  0.51721      0.18396
1984  8 14  2 35 18.760 1.000 35.98832  -117.78101  4.52800  0.68873      0.18421
1984  8 14  2 35 35.840 1.000 35.98878  -117.78040  4.21100  0.40613      0.18433
1984  8 14  2 35 50.110 1.000 35.98694  -117.78247  4.26100  0.45313      0.18457
1984  8 14  2 37 20.810 1.000 35.98703  -117.78288  3.98900  0.23545      0.18555
1984  8 14  2 39 19.970 1.070 35.98781  -117.78108  3.80000  0.18195      0.18689
1984  8 14  2 39 29.890 1.000 35.98721  -117.78191  4.39900  0.57309      0.18701
1984  8 14  2 39 39.600 1.000 35.98844  -117.78093  4.09100  0.28127      0.18714
1984  8 14  2 39 52.090 1.000 35.98637  -117.78322  4.12800  0.38458      0.18726
1984  8 14  2 40 21.730 1.000 35.98808  -117.78063  4.42500  0.60064      0.18762
1984  8 14  2 44 26.040 1.000 35.98765  -117.78186  4.07200  0.25754      0.19043
1984  8 14  2 48 40.020 1.000 35.98703  -117.78175  4.23400  0.43104      0.19348
1984  8 14  2 48 51.450 1.000 35.98727  -117.78219  4.30000  0.47547      0.19361
1984  8 14  2 50 28.160 1.100 35.98614  -117.78365  3.92900  0.31508      0.19470
1984  8 14  2 54 11.700 1.000 35.98984  -117.78029  4.31500  0.51799      0.19727
1984  8 14  2 55 21.020 1.000 35.98749  -117.78210  4.32300  0.48999      0.19812
1984  8 14  2 55 58.370 1.000 35.98826  -117.78111  4.20300  0.37611      0.19849
1984  8 14  2 59  1.160 2.000 35.98742  -117.78262  3.96900  0.18734      0.20056
1984  8 14  3  1 39.000 1.000 35.98809  -117.78207  4.01200  0.17946      0.20239
1984  8 14  3  2  4.030 1.000 35.98826  -117.78168  4.10400  0.26748      0.20276
1984  8 14  3  5 32.560 1.000 35.98710  -117.78282  4.08800  0.29741      0.20520
1984  8 14  3  7 23.100 1.000 35.98713  -117.78275  4.15600  0.35097      0.20642
1984  8 14  3 12 30.170 1.000 35.98743  -117.78214  4.08800  0.27833      0.20996
1984  8 14  3 15 58.510 1.000 35.98816  -117.78058  4.56300  0.73304      0.21240
1984  8 14  3 17 38.650 1.500 35.98666  -117.78271  4.18700  0.40527      0.21350
1984  8 14  3 19 11.610 1.200 35.98631  -117.78329  4.08700  0.36265      0.21460
1984  8 14  3 19 25.750 2.000 35.98687  -117.78283  4.12300  0.34059      0.21485
1984  8 14  3 22 29.050 1.000 35.98762  -117.78210  3.89100  0.13914      0.21692
1984  8 14  3 24  1.260 1.200 35.98713  -117.78268  4.04000  0.25864      0.21802
1984  8 14  3 25 19.970 1.000 35.98763  -117.78231  3.86600  0.12909      0.21887
1984  8 14  3 29  3.220 1.000 35.98771  -117.78150  4.37500  0.54113      0.22144
1984  8 14  3 29  7.070 1.000 35.98763  -117.78149  4.35600  0.52535      0.22156
1984  8 14  3 30 40.490 1.500 35.98741  -117.78188  4.05700  0.25904      0.22266
1984  8 14  3 35 28.500 1.000 35.98866  -117.78091  4.20700  0.38281      0.22595
1984  8 14  3 35 42.700 1.000 35.98907  -117.78019  4.29300  0.48903      0.22608
1984  8 14  3 42 13.750 1.500 35.98646  -117.78356  4.05600  0.33618      0.23059
1984  8 14  3 48  7.340 1.000 35.98687  -117.78107  3.98800  0.28403      0.23474
1984  8 14  3 49 56.840 1.400 35.98825  -117.78185  3.80600  0.10137      0.23596
1984  8 14  3 55 41.830 1.100 35.98788  -117.78220  3.73900  0.15671      0.23999
1984  8 14  3 59 29.150 1.000 35.98634  -117.78109  4.27800  0.51868      0.24256
1984  8 14  3 59 42.060 1.000 35.98638  -117.78103  4.18700  0.44682      0.24280
1984  8 14  4  0 41.520 1.200 35.98765  -117.78078  4.14900  0.35781      0.24341
1984  8 14  4  0 44.640 2.200 35.98768  -117.78240  4.07400  0.24976      0.24353
1984  8 14  4  1 50.900 1.300 35.98673  -117.78308  4.20600  0.41887      0.24426
1984  8 14  4  5  9.970 1.000 35.98738  -117.78193  4.15300  0.33979      0.24658
1984  8 14  4  5 35.150 1.000 35.98870  -117.78065  4.12300  0.31974      0.24683
1984  8 14  4 11 26.100 1.000 35.98634  -117.78082  4.31700  0.55739      0.25086
1984  8 14  4 11 40.230 1.000 35.98560  -117.78225  4.07000  0.41276      0.25110
1984  8 14  4 11 48.320 1.000 35.98590  -117.78147  4.02800  0.37563      0.25110
1984  8 14  4 12 25.730 1.000 35.98765  -117.78032  4.40100  0.59527      0.25159
1984  8 14  4 16 54.860 1.000 35.98952  -117.78230  3.71700  0.16478      0.25476
1984  8 14  4 26 14.060 1.000 35.98761  -117.78324  3.89900  0.14696      0.26123
1984  8 14  4 29 41.810 1.000 35.99146  -117.78214  4.24600  0.49362      0.26355
1984  8 14  4 30 14.370 1.000 35.99144  -117.78219  4.20800  0.46244      0.26392
1984  8 14  4 35  1.890 1.000 35.99238  -117.78253  4.20600  0.53312      0.26734
1984  8 14  4 36 12.690 1.000 35.98755  -117.78300  3.81500  0.14565      0.26807
1984  8 14  4 37 34.910 1.000 35.99280  -117.78176  4.28500  0.62569      0.26904
1984  8 14  4 44 32.400 1.000 35.98603  -117.78120  4.15500  0.44442      0.27393
1984  8 14  4 48 43.460 1.000 35.98761  -117.78238  3.88500  0.13286      0.27686
1984  8 14  4 49 47.460 1.000 35.99171  -117.78252  4.18800  0.46668      0.27759
1984  8 14  4 49 52.840 1.000 35.99136  -117.78198  4.16400  0.42589      0.27759
1984  8 14  4 56 30.510 1.200 35.98935  -117.78186  3.74400  0.14561      0.28223
1984  8 14  5  2 35.380 1.000 35.98899  -117.78207  4.11400  0.26363      0.28638
1984  8 14  5  6 42.400 1.000 35.99044  -117.78080  3.90300  0.25155      0.28931
1984  8 14  5  6 50.390 1.000 35.99102  -117.78059  4.24800  0.49929      0.28943
1984  8 14  5 16 30.890 1.000 35.98713  -117.78260  4.32500  0.50295      0.29614
1984  8 14  5 16 36.790 1.000 35.98809  -117.78257  3.86000  0.07487      0.29614
1984  8 14  5 22 12.910 1.000 35.98799  -117.78178  4.17600  0.33949      0.30005
1984  8 14  5 22 24.180 1.000 35.99076  -117.77944  4.46300  0.70609      0.30017
1984  8 14  5 26 37.990 1.400 35.98765  -117.78235  4.08800  0.26380      0.30310
1984  8 14  5 26 54.710 1.000 35.98813  -117.78168  4.10600  0.27271      0.30335
1984  8 14  5 29 28.270 1.000 35.98844  -117.78125  4.08300  0.25974      0.30506
1984  8 14  5 29 40.270 1.000 35.98697  -117.78239  3.86600  0.20067      0.30518
1984  8 14  5 36 18.780 1.000 35.98755  -117.78141  4.14800  0.33916      0.30982
1984  8 14  5 37 53.680 1.000 35.98806  -117.78191  3.97100  0.15203      0.31091
1984  8 14  5 38 26.790 1.000 35.98756  -117.78197  4.13100  0.31091      0.31128
1984  8 14  5 39  5.580 1.000 35.98570  -117.78100  3.71000  0.39739      0.31177
1984  8 14  5 42  7.500 1.000 35.99117  -117.78260  4.14500  0.39385      0.31384
1984  8 14  5 43 23.310 1.000 35.98692  -117.78310  4.02100  0.26683      0.31470
1984  8 14  5 44 10.010 1.000 35.98687  -117.78281  3.85000  0.21135      0.31531
1984  8 14  5 45 59.830 1.200 35.98672  -117.78298  4.08000  0.32077      0.31653
1984  8 14  5 53 51.580 1.000 35.98806  -117.78144  4.30800  0.47045      0.32202
1984  8 14  5 54  1.290 1.000 35.98795  -117.78125  4.31100  0.47943      0.32215
1984  8 14  6  7 58.220 1.000 35.99077  -117.78323  4.05900  0.30694      0.33179
1984  8 14  6  9 46.270 2.000 35.99003  -117.78316  4.10900  0.29383      0.33313
1984  8 14  6 14  9.800 1.000 35.99067  -117.78265  4.11000  0.33083      0.33618
1984  8 14  6 20 11.140 1.000 35.98880  -117.78500  3.69000  0.27308      0.34033
1984  8 14  6 21 15.000 1.000 35.98773  -117.78168  4.17000  0.34454      0.34107
1984  8 14  6 21 26.890 1.000 35.99112  -117.78182  4.19000  0.43026      0.34119
1984  8 14  6 22  9.740 1.000 35.98824  -117.78239  3.86600  0.06211      0.34168
1984  8 14  6 23 45.520 2.530 35.99067  -117.78272  4.19600  0.40078      0.34278
1984  8 14  6 28  5.900 1.000 35.99183  -117.78217  4.16300  0.46046      0.34583
1984  8 14  6 28 31.210 1.000 35.99165  -117.78235  4.18400  0.45952      0.34607
1984  8 14  6 38 59.820 1.000 35.98965  -117.78059  3.81200  0.21060      0.35340
1984  8 14  6 39 18.040 1.000 35.99161  -117.78242  4.20400  0.47096      0.35364
1984  8 14  6 40 47.000 1.000 35.99197  -117.78219  4.15400  0.46627      0.35462
1984  8 14  6 43 43.250 1.000 35.99064  -117.78231  4.18800  0.39305      0.35669
1984  8 14  6 45  1.460 1.000 35.98861  -117.78196  4.01100  0.16624      0.35755
1984  8 14  6 45 34.460 1.200 35.99222  -117.78349  4.07400  0.44942      0.35791
1984  8 14  6 47 16.070 1.000 35.98879  -117.78111  4.17700  0.34778      0.35913
1984  8 14  6 48 34.670 1.000 35.98761  -117.78230  4.42200  0.58093      0.35999
1984  8 14  6 48 47.970 1.000 35.98734  -117.78198  4.48800  0.65387      0.36023
1984  8 14  6 49 47.090 1.000 35.99000  -117.78320  3.76000  0.17654      0.36084
1984  8 14  6 53 57.080 1.000 35.99107  -117.78358  4.17800  0.42101      0.36377
1984  8 14  6 56 27.840 1.000 35.99126  -117.78247  4.26900  0.49789      0.36548
1984  8 14  7 12 47.710 1.800 35.99096  -117.78303  4.28200  0.49247      0.37683
1984  8 14  7 15 48.570 1.000 35.98721  -117.78161  4.24200  0.43207      0.37891
1984  8 14  7 15 56.470 1.000 35.99078  -117.78267  4.12500  0.35034      0.37903
1984  8 14  7 17  6.330 1.100 35.99038  -117.78260  4.13700  0.33354      0.37988
1984  8 14  7 18 59.290 1.000 35.98730  -117.77900  4.54000  0.77422      0.38111
1984  8 14  7 20 30.370 1.000 35.98809  -117.78220  4.10400  0.26138      0.38220
1984  8 14  7 20 38.960 1.000 35.98613  -117.78073  3.99800  0.36615      0.38233
1984  8 14  7 21  7.910 1.000 35.98654  -117.78224  3.81200  0.25278      0.38269
1984  8 14  7 24  2.100 1.500 35.99118  -117.78382  4.10000  0.37943      0.38465
1984  8 14  7 27 27.760 1.000 35.99257  -117.78088  4.24800  0.59723      0.38709
1984  8 14  7 33 31.810 1.000 35.98997  -117.78510  3.99300  0.29623      0.39124
1984  8 14  7 35 47.570 1.500 35.99097  -117.78387  4.08500  0.35471      0.39282
1984  8 14  7 37 12.840 1.000 35.99077  -117.78271  4.14100  0.36210      0.39380
1984  8 14  7 40 25.450 1.000 35.99219  -117.78263  4.29100  0.57850      0.39600
1984  8 14  7 41  8.950 1.000 35.99229  -117.78242  4.20600  0.52602      0.39649
1984  8 14  7 44 49.230 1.000 35.98695  -117.78292  3.90800  0.21007      0.39905
1984  8 14  7 45 13.800 1.000 35.99127  -117.78265  4.11400  0.37972      0.39942
1984  8 14  7 50 36.650 1.000 35.99092  -117.78397  4.18500  0.42570      0.40308
1984  8 14  7 52  5.200 1.000 35.99135  -117.78304  4.02300  0.33497      0.40418
1984  8 14  7 54 23.760 1.000 35.98702  -117.78372  4.20700  0.41339      0.40576
1984  8 14  8 12 22.690 1.000 35.98692  -117.78132  3.96400  0.25865      0.41821
1984  8 14  8 13 26.470 1.000 35.98726  -117.78165  4.22400  0.41325      0.41895
1984  8 14  8 14  4.340 1.000 35.98835  -117.78057  4.54000  0.70944      0.41944
1984  8 14  8 15 46.950 1.000 35.99330  -117.78620  4.03000  0.62454      0.42053
1984  8 14  8 18 37.300 1.000 35.98699  -117.78218  4.23500  0.42873      0.42261
1984  8 14  8 46 59.240 1.000 35.99169  -117.78312  4.16500  0.45138      0.44226
1984  8 14  8 49 26.580 1.000 35.98855  -117.78243  4.00800  0.15457      0.44397
1984  8 14  9  7 27.830 1.700 35.98690  -117.78262  3.85300  0.20706      0.45642
1984  8 14  9  8 17.840 1.000 35.98810  -117.78109  4.27900  0.45036      0.45703
1984  8 14  9  9 25.030 1.000 35.98748  -117.78236  3.84100  0.14497      0.45789
1984  8 14  9 16 28.220 1.000 35.98697  -117.77804  4.33100  0.65851      0.46277
1984  8 14  9 45 39.060 1.000 35.98749  -117.78175  3.94700  0.18457      0.48303
1984  8 14  9 46 49.330 1.000 35.99060  -117.78261  4.03600  0.27232      0.48377
1984  8 14  9 47 33.540 1.000 35.98711  -117.78188  4.00200  0.24326      0.48438
1984  8 14  9 49 21.030 1.500 35.98917  -117.78359  3.81700  0.10715      0.48560
1984  8 14  9 51  1.150 2.000 35.98902  -117.78280  3.92800  0.07952      0.48670
1984  8 14  9 55 54.590 1.000 35.99128  -117.78339  4.02100  0.33255      0.49011
1984  8 14  9 59  6.470 1.000 35.98810  -117.78178  3.76900  0.13620      0.49231
1984  8 14 10  2 11.570 1.000 35.98768  -117.78307  3.77600  0.15097      0.49451
1984  8 14 10  4 23.610 1.000 35.98841  -117.78216  4.05500  0.20671      0.49597
1984  8 14 10  5 33.950 1.000 35.99360  -117.78217  3.73000  0.55372      0.49683
1984  8 14 10 10 22.440 1.000 35.99254  -117.78191  4.33600  0.64072      0.50012
1984  8 14 10 13 30.090 1.000 35.98913  -117.78226  3.91900  0.08129      0.50232
1984  8 14 10 35  7.990 1.000 35.99082  -117.78058  3.92400  0.30010      0.51734
1984  8 14 10 37 27.920 1.000 35.98867  -117.78215  3.89900  0.05964      0.51892
1984  8 14 10 43 49.580 1.000 35.99109  -117.78361  4.38000  0.59144      0.52344
1984  8 14 10 53 50.370 1.000 35.98993  -117.78044  3.96200  0.25653      0.53040
1984  8 14 10 55 48.150 1.000 35.98996  -117.78340  3.91000  0.16076      0.53174
1984  8 14 11 26 56.850 1.100 35.98925  -117.78217  4.14200  0.29357      0.55335
1984  8 14 11 55  4.200 1.100 35.98741  -117.78266  3.88800  0.15363      0.57288
1984  8 14 12 15 19.150 1.000 35.98735  -117.78292  3.70200  0.22185      0.58692
1984  8 14 12 19 15.290 1.000 35.98758  -117.78281  3.71200  0.19595      0.58972
1984  8 14 12 33 36.330 1.000 35.98782  -117.78267  3.98300  0.16472      0.59961
1984  8 14 12 36 41.250 1.000 35.98667  -117.78397  3.73500  0.28990      0.60181
1984  8 14 12 37 14.580 1.000 35.98711  -117.78328  3.78900  0.20489      0.60217
1984  8 14 12 39 32.450 1.000 35.98771  -117.78424  3.71300  0.23649      0.60376
1984  8 14 12 57  8.230 1.000 35.98764  -117.78460  4.15700  0.37209      0.61597
1984  8 14 13 12 36.460 1.000 35.98683  -117.78093  4.25300  0.47569      0.62671
1984  8 14 13 12 47.220 1.000 35.98808  -117.78232  3.76600  0.12046      0.62683
1984  8 14 13 21 23.090 1.000 35.98921  -117.78266  3.92600  0.08597      0.63281
1984  8 14 13 43  9.810 1.100 35.98737  -117.78304  3.74700  0.19350      0.64795
1984  8 14 13 57 56.500 1.680 35.98857  -117.78294  3.93500  0.08757      0.65820
1984  8 14 14 11 16.230 1.000 35.98935  -117.78439  3.71600  0.22319      0.66748
1984  8 14 14 19  0.970 1.000 35.98732  -117.78078  4.02800  0.28676      0.67285
1984  8 14 15 52 35.820 1.000 35.98903  -117.78249  3.76300  0.09807      0.73779
1984  8 14 17 37 58.900 1.300 35.99080  -117.78304  4.33200  0.52869      0.81104
1984  8 14 17 41 12.330 1.000 35.98977  -117.78249  4.08400  0.25413      0.81323
