1993  9  3  5 46  7.120 1.310 34.05274  -117.15668  7.19600  0.00000      0.82021
1993  9  3  6 46 28.850 1.110 34.05458  -117.15610  6.99800  0.28991      0.86221
1993  9  3  9 11 24.850 1.000 34.05472  -117.15557  7.50000  0.38941      0.96279
1993  9  3 15 48 15.040 1.850 34.05281  -117.15717  7.31800  0.13060      1.23867
1993  9  3 15 55 42.600 1.700 34.05285  -117.15707  7.23100  0.05182      1.24355
1993  9  3 16 51 16.230 1.530 34.05346  -117.15678  7.27900  0.11584      1.28213
1993  9  4 11 19 52.270 1.160 34.05294  -117.15621  7.15100  0.06615      2.05215
1993  9  5  0  7  0.000 1.500 34.05427  -117.15723  7.42600  0.29086      2.58486
1993  9  5 15  5 29.490 1.310 34.05407  -117.15760  7.47400  0.32629      3.20889
1993  9  5 15 19 56.490 1.210 34.05420  -117.15810  7.43200  0.31505      3.21865
1993  9  5 23  6 30.420 1.250 34.05257  -117.15692  7.19600  0.02913      3.54287
1993  9  6  0 56 52.970 2.250 34.05143  -117.15755  7.29700  0.19439      3.61953
1993  9  6  0 57 42.970 1.770 34.05290  -117.15646  7.25400  0.06374      3.62002
1993  9  6  1 52 24.510 1.260 34.04981  -117.15728  7.13900  0.33529      3.65811
1993  9  6  3 39 18.410 1.110 34.05349  -117.15750  7.36200  0.20092      3.73232
1993  9  6  4 44 54.230 2.030 34.05416  -117.15784  7.46100  0.32647      3.77773
1993  9  6  4 46 38.330 1.390 34.05274  -117.15873  7.52200  0.37656      3.77920
1993  9  6  5  1  5.560 1.640 34.05358  -117.15710  7.31000  0.15243      3.78896
1993  9  6  6 30 55.510 1.540 34.05373  -117.15788  7.49700  0.33937      3.85146
1993  9  6  6 33 28.160 2.220 34.05328  -117.15838  7.53300  0.37632      3.85342
1993  9  6  7 24 17.560 1.180 34.05045  -117.16023  7.53500  0.53541      3.88857
1993  9  6 10  9  2.070 1.780 34.05406  -117.15837  7.58600  0.44518      4.00283
1993  9  6 10 15 53.820 1.160 34.05384  -117.15716  7.43300  0.27041      4.00771
1993  9  6 10 38 50.890 1.250 34.05141  -117.15785  7.08400  0.21457      4.02383
1993  9  6 11 14 58.680 1.000 34.05319  -117.15788  7.50700  0.33410      4.04873
1993  9  6 13  1 22.460 1.280 34.05024  -117.15823  7.12400  0.32091      4.12246
1993  9  6 16 30 23.940 1.630 34.05051  -117.15777  7.18800  0.26733      4.26797
1993  9  6 18 55  2.000 2.050 34.05202  -117.15934  7.61600  0.49276      4.36807
1993  9  6 19 57 43.480 1.550 34.05066  -117.15714  6.98700  0.31461      4.41152
1993  9  6 22 17  5.880 1.350 34.05015  -117.15922  7.28500  0.38093      4.50869
1993  9  7  1 25 15.510 2.070 34.05081  -117.15823  7.28200  0.27175      4.63906
1993  9  7  2  6  9.250 1.160 34.05038  -117.15736  7.30400  0.29016      4.66738
1993  9  7  3 41 22.350 1.240 34.05047  -117.15837  7.32000  0.32155      4.73379
1993  9  7  5  4 41.330 1.560 34.05058  -117.15802  7.22600  0.27180      4.79141
1993  9  7 11 38 41.020 1.420 34.05044  -117.15824  7.26600  0.30120      5.06533
1993  9  7 12 40 56.370 2.980 34.05206  -117.15787  7.26700  0.15065      5.10830
1993  9  8  0 45 51.560 1.330 34.05313  -117.15878  7.47300  0.34063      5.61172
1993  9  8  2 13  4.330 1.280 34.05095  -117.15737  7.19300  0.20888      5.67227
1993  9  8  7 26 39.960 1.480 34.05008  -117.15687  6.88000  0.43310      5.89004
1993  9  8 11 30 52.740 1.070 34.05489  -117.15980  7.78200  0.69503      6.05996
1993  9  8 11 30 27.240 1.110 34.05479  -117.15894  7.73500  0.62153      6.05947
1993  9  8 11 35 20.230 2.390 34.05523  -117.15909  7.75100  0.65875      6.06289
1993  9  8 11 41 11.640 1.470 34.05556  -117.15952  7.87700  0.79425      6.06680
1993  9  8 12 15 10.000 1.590 34.05590  -117.15913  7.80400  0.73778      6.09072
1993  9  8 13 22 18.320 1.340 34.05458  -117.15874  7.70200  0.57783      6.13711
1993  9  8 19 42  7.570 1.230 34.05588  -117.15845  7.71200  0.64427      6.40078
1993  9  8 20 28 23.940 2.660 34.05368  -117.15834  7.49800  0.35451      6.43301
1993  9  8 20 30 13.320 2.080 34.05477  -117.15992  7.80300  0.71334      6.43447
1993  9  8 20 30 52.260 1.540 34.05432  -117.15926  7.79800  0.67094      6.43496
1993  9  8 22  9 22.170 1.260 34.05561  -117.15894  7.74700  0.67026      6.50332
1993  9  8 22 27 27.050 1.700 34.05615  -117.15856  7.74300  0.68788      6.51553
1993  9  9  3 49 56.620 1.140 34.05505  -117.16008  7.79900  0.72661      6.73965
1993  9 10  5 13 42.660 1.110 34.05059  -117.15653  6.98500  0.31893      7.79775
1993  9 10  6 29 15.390 1.080 34.05502  -117.15916  7.82500  0.71568      7.85049
1993  9 10  8 16  3.910 1.230 34.05353  -117.15913  7.69100  0.55111      7.92471
1993  9 10  8 47 25.730 1.480 34.05428  -117.15858  7.64300  0.50965      7.94619
1993  9 10 10 16 28.360 1.770 34.05523  -117.15905  7.83600  0.73091      8.00820
1993  9 10 10 16 26.050 1.500 34.05436  -117.15862  7.72600  0.58770      8.00820
1993  9 10 10 16 52.000 1.500 34.05450  -117.15933  7.77900  0.66176      8.00820
1993  9 10 20 53 13.170 1.640 34.05578  -117.15798  7.47600  0.45515      8.45010
1993  9 10 20 55 58.360 1.450 34.05372  -117.15714  7.04100  0.19437      8.45205
1993  9 10 21  0 20.220 1.470 34.05304  -117.15766  7.06500  0.16292      8.45498
1993  9 10 22  1 50.630 1.300 34.04897  -117.15853  6.96700  0.50711      8.49795
1993  9 11  2 43 26.750 1.210 34.04966  -117.15856  7.27100  0.39115      8.69326
1993  9 11  7 17 14.050 1.030 34.05256  -117.15678  7.00100  0.19620      8.88369
1993  9 11 10 37  4.200 1.500 34.05527  -117.15828  7.57500  0.49473      9.02236
