1990 12 19 10 13 51.320 2.700 34.52258  -116.81924  2.06900  0.00000      0.76389
1990 12 19 10 30 48.510 2.100 34.52384  -116.81948  2.03100  0.14716      0.77561
1990 12 19 11  9 10.680 2.870 34.52311  -116.81965  2.15200  0.10863      0.80222
1990 12 19 19  4 47.290 3.160 34.52065  -116.82060  2.08400  0.24930      1.13254
1990 12 20  3 33 58.960 2.290 34.52745  -116.81527  1.91700  0.66975      1.48630
1990 12 20  6 13 57.050 2.680 34.52758  -116.81454  1.80100  0.75217      1.59739
1990 12 20  7 41  4.180 2.130 34.52633  -116.81563  1.89300  0.56019      1.65769
1990 12 20 13 48 58.040 3.040 34.52618  -116.81580  1.92300  0.52963      1.91331
1990 12 20 13 52 52.010 2.850 34.52735  -116.81468  1.90300  0.69490      1.91599
1990 12 20 14  3 32.890 2.310 34.52508  -116.81553  1.61400  0.63192      1.92332
1990 12 20 14 52 42.440 2.340 34.52422  -116.81750  1.92300  0.28269      1.95750
1990 12 20 15 42 14.020 2.130 34.52729  -116.81616  2.14500  0.59948      1.99192
1990 12 20 16 15 53.510 3.420 34.52863  -116.81391  1.79900  0.87337      2.01536
1990 12 20 16 45 51.940 2.660 34.53014  -116.81271  1.83000  1.05817      2.03611
1990 12 20 17  6 50.170 1.900 34.52414  -116.81548  1.48500  0.69954      2.05076
1990 12 20 19 34 42.480 2.100 34.52720  -116.81350  0.86000  1.41477      2.15330
1990 12 20 19 59 45.870 2.420 34.52744  -116.81602  2.16100  0.62237      2.17087
1990 12 21  0 27 55.250 2.530 34.52812  -116.81627  2.23300  0.69283      2.35691
1990 12 21  4 21 50.580 1.800 34.53220  -116.80870  0.97000  1.81197      2.51951
1990 12 21  8 18 18.370 2.730 34.52713  -116.81380  1.54200  0.88426      2.68357
1990 12 21  8 19 13.640 2.100 34.52547  -116.81413  1.48500  0.81384      2.68430
1990 12 21  8 24 18.050 2.040 34.52021  -116.81627  1.45200  0.72373      2.68772
1990 12 21  8 33 21.890 1.900 34.52100  -116.81593  1.29100  0.85273      2.69407
1990 12 21  8 35  1.820 2.790 34.52745  -116.81620  2.05000  0.60891      2.69529
1990 12 21  9  4 13.480 3.170 34.52951  -116.81495  0.72100  1.60165      2.71555
1990 12 21 15 54 30.460 2.100 34.53170  -116.80994  1.51800  1.43432      3.00046
1990 12 21 16 16 30.090 2.860 34.52975  -116.81138  1.65300  1.15189      3.01584
1990 12 21 16 58  9.830 2.430 34.52227  -116.81532  1.38200  0.77563      3.04465
1990 12 21 17  7 15.750 2.330 34.52170  -116.81556  1.30200  0.84341      3.05100
1990 12 21 17 28 52.990 2.290 34.53200  -116.81075  1.65600  1.36777      3.06589
1990 12 21 17 52 12.060 2.720 34.53249  -116.80971  1.61600  1.47656      3.08225
1990 12 21 17 55 46.460 2.430 34.53261  -116.80888  1.33600  1.63730      3.08469
1990 12 21 18  7 20.780 1.980 34.53030  -116.81380  3.39000  1.65225      3.09275
1990 12 21 19 21 27.570 2.650 34.52134  -116.81538  1.15600  0.98872      3.14426
1990 12 21 23 39 39.580 1.890 34.53170  -116.80920  1.53000  1.47088      3.32346
1990 12 22  2 18 44.720 2.060 34.52036  -116.81651  1.45500  0.70706      3.43406
1990 12 22  2 50 47.630 2.110 34.52403  -116.81738  1.87700  0.30228      3.45627
1990 12 22  2 51 35.490 2.300 34.52530  -116.81750  2.81000  0.81604      3.45676
1990 12 22  4 52 20.560 2.180 34.53476  -116.80902  1.75700  1.67528      3.54075
1990 12 22  5 29 33.060 2.060 34.53390  -116.80966  1.78000  1.56113      3.56638
1990 12 22  6  4  7.370 2.620 34.53316  -116.81017  1.85900  1.45510      3.59055
1990 12 22  6  4 40.090 2.090 34.53271  -116.81027  1.78100  1.42295      3.59080
1990 12 22  6 31 20.660 2.690 34.53317  -116.81008  1.80500  1.46909      3.60935
1990 12 22  6 32 23.790 1.570 34.53248  -116.81075  1.76100  1.38163      3.61008
1990 12 22  7 16  7.780 1.990 34.52130  -116.81489  1.11800  1.04046      3.64060
1990 12 22  7 54 15.980 2.840 34.52352  -116.81870  2.08700  0.11695      3.66697
1990 12 22  8  8 11.490 1.900 34.52360  -116.81793  1.96900  0.19271      3.67673
1990 12 22  9 34 46.120 2.650 34.52264  -116.81890  2.15900  0.09520      3.73679
1990 12 22 12 26 42.220 1.250 34.52320  -116.82150  2.97000  0.92728      3.85618
1990 12 22 15 52 24.880 2.150 34.53225  -116.80814  1.14300  1.74500      3.99900
1990 12 22 15 56 58.180 2.980 34.52464  -116.81448  1.29000  0.92094      4.00217
1990 12 22 15 58 18.070 2.150 34.52620  -116.82200  0.76000  1.39285      4.00315
1990 12 22 16  4  8.810 2.480 34.52551  -116.81528  1.66600  0.63225      4.00706
1990 12 22 16 23  0.190 1.800 34.52122  -116.81418  1.07100  1.11045      4.02024
1990 12 22 21 36 18.660 2.810 34.52483  -116.81709  1.94300  0.34209      4.23777
1990 12 23  5 21 27.510 2.230 34.53345  -116.80931  1.61300  1.57975      4.56077
1990 12 23  5 37 40.530 2.380 34.53440  -116.80904  1.70000  1.65395      4.57200
1990 12 23 12 20 11.910 2.540 34.52269  -116.81874  2.01900  0.06832      4.85154
1990 12 23 13 14 27.710 2.110 34.53523  -116.80854  1.94200  1.71865      4.88938
1990 12 23 23 59 38.650 2.050 34.52460  -116.81382  0.93900  1.25442      5.33738
1990 12 24 16  8 37.530 2.690 34.52132  -116.81478  0.85000  1.29312      6.01023
1990 12 25  2 34 54.480 1.780 34.52012  -116.81739  1.65000  0.52821      6.44529
1990 12 25  4 25  7.170 2.530 34.52181  -116.81928  2.22300  0.17630      6.52170
1990 12 25  7 36  9.800 1.500 34.52031  -116.81966  2.45600  0.46370      6.65452
1990 12 25 14 19 59.840 2.050 34.52290  -116.81520  1.54800  0.63951      6.93479
1990 12 25 21  6  3.280 2.130 34.53168  -116.80966  1.47900  1.46329      7.21677
1990 12 26  2  8 39.230 1.500 34.53102  -116.81474  2.15700  1.02858      7.42698
1990 12 26 21  1 23.470 2.010 34.53068  -116.81439  2.16400  1.00855      8.21360
1990 12 27  1 33 51.570 1.730 34.52319  -116.81297  0.32700  1.83515      8.40281
