1992  8  1 12  1 53.110 1.700 35.84013  -117.66713  9.32500  0.00000      2.00459
1992  8  2  0 26  1.850 1.490 35.83979  -117.66707  9.35600  0.04927      2.52119
1992  8  2  4 31 20.580 1.000 35.83966  -117.66707  9.31200  0.05416      2.69160
1992  8  2  6 33 54.460 1.000 35.84000  -117.66737  9.39200  0.07182      2.77656
1992  8  2 16 31  9.790 1.000 35.83897  -117.66747  9.27600  0.14119      3.19160
1992  8  2 16 32 24.330 1.060 35.84011  -117.66647  9.27900  0.07530      3.19209
1992  8  2 17 20 39.320 1.010 35.84027  -117.66625  9.32900  0.08073      3.22578
1992  8  2 21 15 19.760 1.000 35.83971  -117.66704  9.43100  0.11614      3.38887
1992  8  3  1 52 17.160 1.000 35.83995  -117.66717  9.39300  0.07095      3.58125
1992  8  3  2 52 51.160 1.140 35.83997  -117.66708  9.36600  0.04497      3.62324
1992  8  3 11 48 17.710 1.980 35.84005  -117.66641  9.26300  0.08989      3.99482
1992  8  3 11 51 44.800 1.410 35.83971  -117.66682  9.23300  0.10696      3.99727
1992  8  3 12  2 44.510 1.000 35.83995  -117.66641  9.31400  0.06838      4.00508
1992  8  3 12  3 39.430 1.320 35.84032  -117.66631  9.35500  0.08282      4.00557
1992  8  3 12 56 16.030 1.360 35.84018  -117.66641  9.27300  0.08299      4.04219
1992  8  3 13 25 35.040 1.460 35.83992  -117.66679  9.21300  0.11862      4.06270
1992  8  3 15 23 30.970 1.050 35.84021  -117.66637  9.31500  0.07060      4.14424
1992  8  3 15 58  5.280 1.680 35.83940  -117.66724  9.21900  0.13380      4.16865
1992  8  4  5 23 42.410 1.080 35.83981  -117.66647  9.23100  0.11686      4.72773
1992  8  4  9 18 30.900 1.000 35.83960  -117.66699  9.23300  0.11007      4.89082
1992  8  5  9 29 17.430 1.200 35.84008  -117.66622  9.16500  0.17989      5.89863
1992  8  5 22 35 51.970 1.510 35.83953  -117.66625  9.23400  0.13777      6.44453
1992  8  5 23 51 44.340 1.000 35.84011  -117.66651  9.24700  0.09585      6.49727
1992  8  6  1 37 52.700 2.210 35.83985  -117.66682  9.14400  0.18581      6.57100
1992  8  6  1 41 13.850 1.180 35.83962  -117.66690  9.27600  0.07783      6.57344
1992  8  6  1 45 36.420 1.280 35.83978  -117.66696  9.17500  0.15579      6.57637
1992  8  6  4  8  2.980 1.000 35.83977  -117.66705  9.14900  0.18063      6.67549
1992  8  6  4 16 34.310 1.000 35.83958  -117.66715  9.14500  0.19015      6.68135
1992  8  6  6 34 24.180 1.000 35.84012  -117.66652  9.29800  0.06188      6.77705
1992  8  7  2 12 25.660 2.300 35.83947  -117.66711  9.18800  0.15548      7.59492
1992  8  7  4 43 41.130 2.260 35.83909  -117.66740  9.23600  0.14805      7.69990
1992  8  7  4 44  9.690 1.930 35.83874  -117.66758  9.23700  0.18229      7.70039
1992  8  7  4 45 11.200 1.000 35.83962  -117.66678  9.28500  0.07664      7.70137
1992  8  7  4 46 11.900 1.000 35.83887  -117.66747  9.24200  0.16566      7.70186
1992  8  7  5  0 26.610 1.110 35.83944  -117.66702  9.29500  0.08312      7.71162
1992  8  7  6 49 26.310 1.340 35.83989  -117.66673  9.11500  0.21477      7.78730
1992  8  7  7  1  0.070 1.000 35.83916  -117.66735  9.25000  0.13286      7.79561
1992  8  7  9 29 53.120 1.110 35.83965  -117.66691  9.21300  0.12579      7.89912
1992  8  7 10 50 22.450 1.000 35.84019  -117.66635  9.10200  0.23391      7.95479
1992  8  7 12 12 18.840 1.510 35.83933  -117.66733  9.17200  0.17793      8.01191
1992  8  7 14 47 18.190 1.900 35.84002  -117.66663  9.26300  0.07757      8.11934
1992  8  7 21 48 40.980 1.000 35.83926  -117.66734  9.24000  0.13006      8.41182
1992  8  7 22 26 39.410 2.250 35.84032  -117.66727  9.16900  0.15788      8.43818
1992  8  8  0 59  7.790 1.220 35.83957  -117.66634  9.11400  0.23132      8.54414
1992  8  8  1 12 14.580 1.000 35.83875  -117.66502  8.99400  0.41159      8.55342
1992  8  8  1 20 45.420 1.250 35.83950  -117.66727  9.19800  0.14552      8.55928
1992  8  8  2 23 29.440 2.200 35.83870  -117.66488  8.95900  0.44783      8.60273
1992  8  8  4 37 17.850 2.690 35.84000  -117.66652  9.15200  0.18230      8.69551
1992  8  8  7 46 59.430 1.180 35.84059  -117.66647  9.09200  0.24590      8.82734
1992  8  8  7 48 12.960 1.000 35.84089  -117.66705  8.93100  0.40296      8.82832
1992  8  8  8 33 40.090 1.130 35.84020  -117.66657  9.15400  0.17854      8.86006
1992  8  8 10 35 42.730 1.380 35.83952  -117.66662  9.01800  0.31775      8.94453
1992  8  8 11 25 10.030 1.020 35.84066  -117.66586  9.24300  0.15245      8.97871
1992  8  8 13 51 50.180 1.190 35.84022  -117.66643  9.14300  0.19301      9.08076
1992  8  8 14  2 19.440 1.050 35.83879  -117.66616  8.98000  0.38591      9.08809
1992  8  8 15 20 31.450 1.000 35.83725  -117.66585  9.31600  0.34086      9.14229
1992  8  8 17  0 20.950 1.000 35.83887  -117.66607  8.97300  0.39077      9.21162
1992  8  8 17  6 10.190 1.950 35.83924  -117.66631  8.91000  0.43302      9.21553
1992  8  8 17 12 11.360 1.090 35.83849  -117.66585  8.93800  0.44332      9.21992
1992  8  8 17 20 17.110 1.340 35.83838  -117.66579  9.01400  0.38645      9.22578
1992  8  8 17 55 28.070 1.170 35.83907  -117.66607  8.86200  0.48727      9.25020
1992  8  8 20 48 24.540 2.160 35.83886  -117.66608  8.89800  0.45966      9.37031
1992  8  8 20 54 23.440 1.300 35.83849  -117.66586  8.87700  0.49701      9.37422
1992  8  8 21 48 39.340 1.420 35.83818  -117.66537  8.90700  0.49705      9.41182
1992  8  8 21 57 11.140 1.160 35.83844  -117.66553  8.87400  0.50954      9.41768
1992  8  8 23 17 36.410 1.120 35.83899  -117.66730  9.24000  0.15348      9.47383
1992  8  9  1 16 45.980 1.690 35.83810  -117.66567  8.93800  0.46706      9.55635
1992  8  9  1 39 36.180 1.440 35.83877  -117.66621  8.98000  0.38569      9.57246
1992  8  9  1 45 37.240 1.010 35.83921  -117.66618  8.89900  0.44646      9.57637
1992  8  9  2 12  5.970 1.280 35.83841  -117.66566  8.91900  0.46809      9.59492
1992  8  9  3 28  5.980 1.000 35.83877  -117.66513  8.77200  0.60107      9.64766
1992  8  9  3 57 36.390 1.190 35.83899  -117.66457  8.72900  0.65150      9.66816
1992  8  9  4  0 33.990 1.030 35.83855  -117.66516  8.74800  0.62882      9.67012
1992  8  9  9  7 37.030 1.000 35.83860  -117.66556  8.87200  0.50420      9.88350
1992  8  9 12 13 35.290 2.240 35.83900  -117.66578  8.87200  0.48571     10.01240
1992  8  9 13 16 40.160 2.260 35.83970  -117.66653  8.89600  0.43514     10.05635
1992  8  9 13 26  3.640 1.110 35.83897  -117.66613  8.89300  0.45988     10.06270
1992  8  9 14 47 48.760 1.190 35.83968  -117.66586  8.92000  0.42377     10.11982
1992  8  9 18 15 32.620 1.670 35.83964  -117.66711  9.15100  0.18233     10.26387
1992  8  9 23  9 46.640 1.000 35.83885  -117.66728  9.19100  0.19614     10.46846
1992  8  9 23 48 40.510 1.000 35.83936  -117.66714  9.07800  0.26144     10.49531
1992  8 10  0 19 53.970 1.000 35.83659  -117.66447  9.07900  0.52279     10.51680
1992  8 10  0 36 22.440 1.670 35.83672  -117.66460  9.07700  0.50761     10.52852
1992  8 10  0 59 22.830 1.090 35.83923  -117.66712  9.18800  0.16967     10.54414
1992  8 10  1 12 30.920 1.000 35.83702  -117.66496  9.09700  0.45787     10.55342
1992  8 10  1 47  6.690 1.000 35.83639  -117.66443  9.05100  0.55457     10.57734
1992  8 10  1 52 14.960 1.660 35.83649  -117.66418  9.06500  0.55003     10.58125
1992  8 10  2  2 27.940 1.630 35.83603  -117.66397  9.06000  0.59960     10.58809
1992  8 10  2 25 56.740 1.740 35.83713  -117.66469  9.10600  0.45595     10.60469
1992  8 10  8 53 24.730 1.000 35.84077  -117.66605  9.17000  0.19658     10.87373
1992  8 10 12 22 17.310 1.970 35.83791  -117.66545  9.02300  0.41838     11.01875
1992  8 10 12 43 55.680 1.000 35.83861  -117.66614  8.93700  0.43262     11.03340
1992  8 10 13 33  3.520 1.250 35.83945  -117.66666  9.01500  0.32198     11.06758
1992  8 10 21 22 41.360 2.380 35.83811  -117.66566  9.00000  0.41666     11.39375
1992  8 11  3 25  7.720 1.230 35.83681  -117.66428  8.87700  0.63477     11.64570
1992  8 11  4 37 52.850 1.000 35.83678  -117.66399  8.80000  0.70330     11.69600
1992  8 11  9 46 24.710 1.000 35.83889  -117.66761  9.29200  0.14820     11.91035
1992  8 11 14 12  7.500 1.430 35.83765  -117.66533  8.99600  0.45894     12.09492
1992  8 11 21 26  8.910 1.520 35.83754  -117.66534  9.00600  0.45938     12.39619
1992  8 12  0 15 32.800 1.330 35.83629  -117.66367  8.80300  0.74301     12.51387
1992  8 12  0 18 13.080 1.230 35.83584  -117.66396  8.90000  0.70022     12.51582
1992  8 12  0 55 42.240 1.930 35.83599  -117.66395  8.84400  0.72497     12.54170
1992  8 12  2  3 34.000 1.600 35.83562  -117.66386  8.88200  0.73123     12.58906
1992  8 12  2 35 15.260 1.000 35.83844  -117.66564  8.77100  0.60035     12.61104
1992  8 12  4 45 54.270 1.410 35.83627  -117.66396  8.75000  0.77260     12.70186
1992  8 12  5  1 40.400 2.240 35.83622  -117.66382  8.81900  0.73102     12.71260
1992  8 12  5  3 18.900 2.380 35.83642  -117.66418  8.84300  0.68836     12.71357
1992  8 12  5 12 53.740 1.370 35.83666  -117.66415  8.93900  0.60879     12.72041
1992  8 12  6 14 50.800 1.300 35.83626  -117.66453  8.90900  0.64268     12.76338
1992  8 12  6 33 47.360 1.460 35.83577  -117.66408  8.97500  0.65836     12.77656
1992  8 12  6 39 10.600 1.260 35.83577  -117.66422  8.90400  0.69379     12.78047
1992  8 12  6 40 26.270 1.100 35.83644  -117.66447  8.94700  0.60731     12.78145
1992  8 12  7  0 52.080 1.020 35.83539  -117.66383  8.89100  0.74509     12.79561
1992  8 12  7 31 13.210 1.030 35.83608  -117.66383  8.77000  0.77436     12.81660
1992  8 12  7 43 19.950 1.000 35.83577  -117.66385  9.06200  0.62595     12.82490
1992  8 12  8 29 21.940 1.000 35.83687  -117.66364  9.19400  0.49765     12.85664
1992  8 12  8 31  0.090 1.110 35.83588  -117.66430  8.91000  0.67904     12.85811
1992  8 12  9 39  8.440 1.020 35.83591  -117.66402  9.01600  0.62831     12.90547
1992  8 12  9 57 45.890 1.000 35.83515  -117.66387  9.04400  0.68699     12.91816
1992  8 12 10 55 11.330 1.370 35.83605  -117.66397  8.98900  0.63261     12.95820
1992  8 12 12 31 58.200 1.090 35.83553  -117.66365  8.78200  0.80930     13.02510
1992  8 12 12 39 31.000 1.610 35.83629  -117.66422  8.92800  0.63965     13.03047
1992  8 12 12 43  9.430 1.000 35.83590  -117.66413  8.89200  0.69426     13.03291
1992  8 12 12 43 25.690 1.000 35.83582  -117.66402  8.90400  0.69732     13.03340
1992  8 12 12 46 22.710 1.020 35.83565  -117.66412  8.95400  0.67779     13.03535
1992  8 12 16 39 40.560 2.050 35.83619  -117.66383  9.06700  0.58934     13.19746
1992  8 12 17 11 29.840 2.030 35.83674  -117.66446  9.12400  0.49078     13.21943
1992  8 12 17 40 50.090 1.380 35.83757  -117.66522  9.01900  0.45190     13.23994
1992  8 12 18  6 51.020 1.050 35.83768  -117.66536  9.02800  0.43370     13.25801
1992  8 12 20 44 21.780 1.190 35.83691  -117.66486  9.03100  0.50633     13.36738
1992  8 12 21 36 21.160 1.180 35.83649  -117.66432  9.05800  0.54691     13.40352
1992  8 12 21 36 34.010 1.310 35.83639  -117.66441  9.02500  0.56829     13.40352
1992  8 12 22  6 19.180 1.000 35.83606  -117.66483  9.04500  0.57109     13.42402
1992  8 12 22 15 45.370 1.460 35.83658  -117.66460  9.05200  0.53178     13.43086
1992  8 13  4 28 47.370 1.040 35.83551  -117.66419  9.04600  0.64167     13.68965
1992  8 13  5  0 24.980 1.410 35.83611  -117.66412  8.99300  0.61966     13.71162
1992  8 13  5 47 21.050 2.390 35.83699  -117.66480  9.00600  0.51743     13.74434
1992  8 13  5 48 42.410 1.040 35.83707  -117.66478  9.06000  0.48058     13.74531
1992  8 13  5 50 36.830 1.800 35.83710  -117.66519  8.91900  0.55579     13.74678
1992  8 13  6 18 24.120 1.000 35.83475  -117.66410  8.98900  0.73854     13.76582
1992  8 13 10 33 39.770 1.000 35.83527  -117.66393  8.90900  0.74042     13.94307
1992  8 13 10 42  9.320 1.150 35.83503  -117.66386  8.91800  0.75781     13.94893
1992  8 13 12 44 54.370 1.440 35.83911  -117.66730  9.30900  0.11534     14.03438
1992  8 13 15 10 28.620 2.730 35.83627  -117.66410  8.85800  0.69085     14.13545
1992  8 13 22 51  2.260 1.000 35.83734  -117.66482  9.14200  0.41629     14.45527
1992  8 14  0  5 56.440 1.380 35.83703  -117.66475  9.12800  0.45163     14.50703
1992  8 14  0  6 17.900 1.810 35.83694  -117.66466  9.17000  0.44659     14.50752
1992  8 14  4 55 14.070 2.530 35.83727  -117.66492  9.10800  0.43401     14.70820
1992  8 14  4 55 39.820 2.620 35.83669  -117.66460  9.02100  0.53944     14.70820
1992  8 14  5 12 57.270 1.430 35.83743  -117.66540  8.88000  0.55912     14.72041
1992  8 14  5 17 52.540 1.560 35.83555  -117.66348  9.07100  0.65760     14.72383
1992  8 14  5 18 40.630 2.620 35.83707  -117.66507  8.91800  0.56205     14.72432
1992  8 14  5 20  2.990 1.720 35.83622  -117.66429  8.99500  0.60285     14.72529
1992  8 14  5 41 10.170 1.330 35.83560  -117.66334  9.01700  0.68218     14.73994
1992  8 14  7  8 51.920 1.000 35.83586  -117.66393  9.06200  0.61434     14.80098
1992  8 14  7 15 57.070 1.860 35.83611  -117.66401  9.07500  0.58451     14.80586
1992  8 14  7 19 39.480 2.180 35.83652  -117.66443  9.01800  0.56120     14.80830
1992  8 14  7 26 16.530 1.270 35.83760  -117.66505  9.15400  0.37930     14.81318
1992  8 14  7 31 53.220 1.140 35.83636  -117.66441  8.92800  0.62722     14.81709
1992  8 14  7 47 20.890 1.630 35.83973  -117.66676  9.13900  0.19415     14.82783
1992  8 14  7 49  1.280 1.220 35.83857  -117.66589  8.88500  0.48593     14.82881
1992  8 14  9 28 30.290 1.120 35.83703  -117.66477  9.16100  0.43729     14.89814
1992  8 14 10 38 57.610 1.080 35.83801  -117.66573  8.90700  0.49620     14.94697
1992  8 14 11 36  8.330 1.000 35.84044  -117.66612  8.81800  0.51620     14.98652
1992  8 14 12 58 42.020 1.000 35.83650  -117.66444  8.95600  0.59862     15.04365
1992  8 14 14 54 35.850 1.060 35.83679  -117.66487  8.97200  0.55167     15.12422
1992  8 14 15  5 43.090 1.040 35.83799  -117.66560  8.88200  0.52141     15.13203
1992  8 14 16  3 21.820 1.000 35.83821  -117.66590  8.88600  0.50065     15.17207
1992  8 14 19 18  7.690 1.220 35.83847  -117.66535  8.79200  0.58635     15.30732
1992  8 14 20 49  7.100 1.470 35.83759  -117.66530  8.89400  0.54110     15.37080
1992  8 14 21 44  5.980 1.240 35.83640  -117.66453  8.95700  0.60201     15.40889
1992  8 14 21 48 47.930 1.970 35.83758  -117.66547  8.89800  0.53412     15.41182
1992  8 14 22 12 42.770 1.070 35.83652  -117.66473  8.93500  0.60016     15.42842
1992  8 14 22 24  0.850 1.100 35.83678  -117.66483  8.93300  0.57907     15.43623
1992  8 14 23 27 56.680 3.580 35.83728  -117.66488  8.97300  0.51535     15.48066
1992  8 14 23 57 41.600 1.410 35.83685  -117.66430  9.17700  0.46948     15.50166
1992  8 15  0  2 37.170 1.430 35.83611  -117.66406  9.18500  0.54408     15.50508
1992  8 15  0 33 40.190 1.430 35.83778  -117.66496  9.20600  0.34739     15.52656
1992  8 15  0 37 28.960 1.310 35.83902  -117.66626  8.90000  0.44960     15.52900
1992  8 15  0 37 48.120 1.770 35.83551  -117.66344  9.02400  0.68217     15.52949
1992  8 15  0 38 26.700 1.290 35.83620  -117.66300  9.03600  0.64260     15.52998
1992  8 15  0 44 57.100 1.240 35.83962  -117.66612  8.90500  0.43346     15.53438
1992  8 15  1 14 51.340 1.130 35.83737  -117.66515  9.07500  0.43413     15.55488
1992  8 15  1 22 39.230 1.090 35.83826  -117.66587  8.87400  0.50941     15.56074
1992  8 15  1 27 19.670 1.140 35.83989  -117.66572  8.85500  0.48784     15.56367
1992  8 15  1 29  0.040 1.080 35.83619  -117.66470  9.06500  0.55453     15.56514
1992  8 15  1 53 24.380 1.960 35.83847  -117.66498  9.23600  0.28241     15.58174
1992  8 15  2 27 16.910 1.390 35.83834  -117.66618  8.89500  0.48153     15.60518
1992  8 15  2 27 59.070 1.160 35.83613  -117.66396  9.07100  0.58692     15.60566
1992  8 15  2 46 56.800 1.910 35.83935  -117.66652  8.77200  0.56251     15.61885
1992  8 15  3  7 28.320 1.110 35.83804  -117.66439  9.29200  0.34081     15.63350
1992  8 15  3 15  4.540 1.380 35.83996  -117.66695  9.16300  0.16399     15.63838
1992  8 15  3 37 33.920 1.170 35.83782  -117.66517  9.20900  0.33285     15.65400
1992  8 15  3 51 31.620 1.420 35.83810  -117.66448  9.27900  0.33220     15.66377
1992  8 15  4  5 47.070 1.210 35.83956  -117.66682  9.11100  0.22494     15.67402
1992  8 15  4 27 23.310 1.050 35.83720  -117.66483  9.04500  0.47696     15.68867
1992  8 15  5 59 46.980 1.370 35.83668  -117.66308  9.35600  0.53053     15.75313
1992  8 15  7 19 47.780 1.380 35.83890  -117.66591  9.09600  0.28864     15.80830
1992  8 15  8 10 56.030 1.000 35.83773  -117.66523  9.14100  0.36688     15.84395
1992  8 15 10 38  5.090 2.270 35.83838  -117.66596  8.86500  0.51057     15.94600
1992  8 15 13  6 58.650 1.140 35.83529  -117.66394  9.19800  0.62364     16.04951
1992  8 15 13 21 48.950 1.100 35.83566  -117.66348  9.09700  0.63845     16.05976
1992  8 15 16 28 44.580 1.540 35.83758  -117.66508  9.14000  0.38600     16.18965
1992  8 15 17 32 24.970 1.140 35.83918  -117.66676  9.16000  0.19875     16.23408
1992  8 15 18  5 22.490 1.380 35.83866  -117.66585  9.09300  0.30660     16.25703
1992  8 16  8 26 11.360 1.130 35.83764  -117.66564  8.87300  0.54704     16.85469
1992  8 16  8 26 11.390 1.000 35.83694  -117.66702  8.91100  0.54528     16.85469
1992  8 16 15 53 52.020 1.380 35.83986  -117.66684  9.02800  0.29970     17.16572
1992  8 17 13 49 41.280 1.320 35.83872  -117.66763  9.31300  0.16372     18.07930
1992  8 17 22 32  4.090 1.090 35.83776  -117.66532  8.79500  0.61391     18.44209
1992  8 18  1 32 53.140 1.790 35.83911  -117.66458  9.31600  0.25609     18.56758
1992  8 18 21 56 39.090 1.050 35.84053  -117.66644  8.87700  0.45452     19.41768
1992  8 19  2 50 24.730 1.000 35.83886  -117.66752  9.19600  0.19457     19.62129
1992  8 19  7 21 22.440 1.530 35.83794  -117.66549  8.80900  0.58962     19.80976
1992  8 19 19 54 29.470 1.230 35.83914  -117.66675  9.13400  0.22298     20.33271
1992  8 21 13  7 58.380 1.460 35.83952  -117.66631  8.85000  0.48553     22.05049
