      WELL DATA SUMMARY                                                                                                                                                                                                      
            
Well  BLM 16A-20    
                         
Sec Az  295    N65W 
Elev   4416 KB      
CoordsNorth  246460 East              2355678 
                         Course               
  MD  Drift Drift D. AzimLength  DH     TVD     SSD    DNS   DEW   N-S   E-W  DSec   Sec    N-LAM E-LAM    
___________________________________________________________________________________________________________
                                                                                                                                                                                                                             
    0  0.00       0   81     0     0        0   4416     0     0     0     0     0      0  246460  2355678                                                                                                                   
  237  0.50      81   81   237     1      237   4179     0     1     0     1    -1     -1  246460  2355679                                                                                                                   
  416  0.33      33  264   179     1      416   4000    -1     0    -1     1    -1     -2  246459  2355679 
  500  0.25      10  350   263    -2      500   3916     1     1     2     2     0     -1  246462  2355680                                                                                                                   
  745  0.75      78  102   245     2      745   3671    -1    -2     0     0     1      0  246460  2355678                                                                                                                   
 1023  0.75      87   87   278     4     1023   3393     0     4     0     4    -3     -4  246460  2355682                                                                                                                   
 1263  0.75      69  111   240     3     1263   3153     0     3    -1     7    -3     -7  246459  2355685                                                                                                                   
 1416  0.95      41  196   153     2     1416   3000    -2     1    -3     8    -2     -9  246457  2355686 
 1451  1.00      35  215   188     3     1451   2965    -3     1    -3     8    -2     -9  246457  2355686                                                                                                                   
 1606  1.00      77   77   155     3     1606   2810    -2     2    -6    10    -2    -11  246454  2355688                                                                                                                   
 1758  1.25      38   38   152     3     1758   2658     2     3    -4    12    -2    -13  246456  2355690                                                                                                                   
 2101  1.25      59   59   343     7     2101   2315     5     6     1    18    -3    -16  246461  2355696                                                                                                                   
 2303  1.25      71   71   202     4     2303   2113     2     4     3    22    -3    -18  246463  2355700                                                                                                                   
 2376  1.25      54   54    73     2     2376   2040     1     1     3    23    -1    -19  246463  2355701                                                                                                                   
 2416  1.44      57   57    40     1     2416   2000     1     1     4    24     0    -20  246464  2355702 
 2582  2.25      67   67   206     6     2582   1834     3     5     7    29    -4    -23  246467  2355707                                                                                                                   
 2779  2.00      75   75   197     7     2778   1638     2     7     9    35    -5    -28  246469  2355713                                                                                                                   
 2975  2.00      90   90   196     7     2974   1442     1     7    10    42    -6    -34  246470  2355720                                                                                                                   
 3150  1.75      79   79   175     6     3149   1267     1     6    10    48    -5    -39  246470  2355726                                                                                                                   
 3247  2.00      49   49    97     3     3246   1170     1     3    12    51    -2    -41  246472  2355729                                                        1170        3149  3150    10    48   -39  0.00 
 3278  1.00      22   22    31     1     3277   1139     1     0    12    51     0    -41  246472  2355729                                                                                                                   
 3309  0.00       0    0    31     0     3308   1108     0     0    13    51     0    -41  246473  2355729                                                                                                                   
 3341  1.50      75  285    32     0     3340   1076     0     0    13    51     0    -41  246473  2355729                                                                                                                   
 3372  2.25      86  274    31     1     3371   1045     0    -1    13    50     1    -40  246473  2355728                                                                                                                   
 3403  3.25      89  271    31     1     3402   1014     0    -1    13    49     1    -38  246473  2355727                                                                                                                   
 3417  3.58      88  272    14     1     3416   1000     0    -1    13    48     1    -38  246473  2355726 
 3435  4.00      86  274    32     2     3434    982     0    -2    13    47     2    -37  246473  2355725                                                                                                                   
 3465  5.00      85  275    30     2     3464    952     0    -2    14    44     2    -34  246474  2355722                                                                                                                   
 3496  5.75      86  274    31     3     3495    921     0    -3    14    41     3    -32  246474  2355719                                                                                                                   
 3506  5.98      85  275    10     1     3505    911     0    -1    14    40     1    -31  246474  2355718 
 3528  6.50      83  277    32     3     3527    889     0    -3    14    38     3    -28  246474  2355716                                                                                                                   
 3609  8.50      78  282    80    11     3607    809     2   -10    16    28    10    -18  246476  2355706                                                                                                                   
 3701  9.25      76  284    91    14     3698    718     3   -14    19    14    14     -4  246479  2355692                                                                                                                   
 3824  7.50      77  283   122    18     3820    596     4   -17    23    -4    18     13  246483  2355674                                                                                                                   
 3950  4.00      53  307   125    13     3945    471     5   -11    29   -15    13     26  246489  2355663                                                                                                                   
 3990  4.25      50  310    40     3     3985    431     2    -2    30   -17     3     29  246490  2355661                                                                                                                   
 4021  4.25      56  304    31     2     4016    400     1    -2    32   -19     2     31  246492  2355659                                                                                                                   
 4052  3.25      66  294    31     2     4047    369     1    -2    33   -21     2     33  246493  2355657                                                                                                                   
 4083  4.25      66  294    31     2     4078    338     1    -2    34   -23     2     35  246494  2355655                                                                                                                   
 4083  4.25      66  294     0     0     4078    338     0     0    34   -23     0     35  246494  2355655                                                                                                                   
 4115  5.00      74  286    32     3     4110    306     1    -2    34   -25     3     37  246494  2355653                                                                                                                   
 4146  5.75      73  287    31     3     4140    276     1    -3    35   -28     3     40  246495  2355650                                                             /ma111..ak200~a115~           CCCCCC{GOTO}a1~/fcceinsert1~  
 4177  6.75      76  284    31     3     4171    245     1    -3    36   -31     3     44  246496  2355647                                                                                                                   
 4208  7.25      76  284    31     4     4202    214     1    -4    37   -35     4     47  246497  2355643                                                                                                                   
 4239  8.00      76  284    31     4     4233    183     1    -4    38   -39     4     51  246498  2355639                                                                                                                   
 4270  9.00      76  284    31     5     4263    153     1    -4    39   -43     4     56  246499  2355635                                                                                                                   
 4301 10.00      74  286    31     5     4294    122     1    -5    40   -48     5     61  246500  2355630                                                                                                                   
 4380 12.25      62  298    78    15     4371     45     6   -14    46   -63    15     76  246506  2355615                                                                                                                   
 4411 13.25      62  298    30     7     4402     14     3    -6    49   -69     7     83  246509  2355609                                                                                                                   
 4426 12.89      61  299    15     3     4416      0     2    -3    51   -72     3     86  246511  2355606 
 4467 11.91      58  302    55    12     4456    -40     6   -11    56   -79    12     95  246516  2355599 
 4505 11.00      55  305    92    20     4494    -78    10   -17    60   -85    20    103  246520  2355593                                                                                                                   
 4595 11.00      51  309    88    17     4582   -166    10   -14    70   -99    17    119  246530  2355579                                                                                                                   
 4688 12.75      51  309    91    19     4673   -257    12   -15    82  -114    19    138  246542  2355564                                                                                                                   
 4717 13.25      50  310    28     7     4701   -285     4    -5    86  -119     6    144  246546  2355559                                                                                                                   
 4753 14.00      52  308    35     8     4736   -320     5    -7    92  -126     8    153  246552  2355552                                                                                                                   
 4784 14.25      54  306    30     8     4766   -350     5    -6    96  -132     7    160  246556  2355546                                                                                                                   
 4820 13.85      57  303    35     9     4801   -385     5    -7   101  -139     9    169  246561  2355539 
 4874 13.25      62  298    87    21     4854   -438    11   -18   107  -150    21    181  246567  2355528                                                                                                                   
 4904 13.75      64  296    29     7     4883   -467     3    -6   111  -156     7    188  246571  2355522                                                                                                                   
 5133 17.55      66  294   221    62     5103   -687    26   -56   137  -212    62    250  246597  2355466 
 5145 17.75      66  294   232    65     5115   -699    28   -59   138  -215    65    254  246598  2355463                                                                                                                   
 5208 18.25      69  291    60    19     5175   -759     7   -18   146  -233    19    273  246606  2355445                                                                                                                   
 5327 18.25      68  292   113    37     5288   -872    14   -35   159  -268    37    310  246619  2355410                                                                                                                   
 5400 18.77      69  291    69    23     5357   -941     9   -22   168  -290    23    333  246628  2355388 
 5432 19.00      69  291   100    34     5387   -971    12   -31   172  -299    33    344  246632  2355379                                                                                                                   
 5462 19.00      69  291    28    10     5416  -1000     3    -9   175  -308    10    353  246635  2355370 
 5566 19.00      70  290   127    44     5514  -1098    15   -41   187  -340    43    387  246647  2355338                                                                                                                   
 5579 19.12      69  291    12     4     5526  -1110     1    -4   188  -344     4    391  246648  2355334 
 5649 19.75      66  294    78    28     5592  -1176    10   -26   197  -366    27    415  246657  2355312                                                                                                                   
 5733 20.00      68  292    79    29     5671  -1255    11   -26   208  -392    29    443  246668  2355286                                                                                                                   
 5733 20.00      68  292     0     0     5671  -1255     0     0   208  -392     0    443  246668  2355286                                                                                                                   
 5839 19.00      66  294   100    35     5771  -1355    14   -33   222  -424    35    479  246682  2355254                                                                                                                   
 5935 18.25      65  295    91    31     5862  -1446    13   -28   235  -452    31    509  246695  2355226                                                                                                                   
 6032 17.25      64  296    92    30     5954  -1538    13   -27   248  -479    30    539  246708  2355199                                                                                                                   
 6112 17.00      65  295    76    24     6031  -1615    10   -21   258  -500    24    562  246718  2355178                                                                                                                   
 6207 17.25      63  297    91    28     6122  -1706    12   -25   270  -525    28    590  246730  2355153                                                                                                                   
 6300 17.62      62  298    89    28     6210  -1794    13   -25   283  -550    28    618  246743  2355128 
 6319 17.69      62  298    18     6     6229  -1813     3    -5   286  -555     6    624  246746  2355123 
 6334 17.75      62  298   121    38     6243  -1827    18   -34   288  -559    38    629  246748  2355119                                                                                                                   
 6431 16.75      58  302    93    29     6335  -1919    14   -25   302  -584    29    657  246762  2355094                                                                                                                   
 6515 16.12      56  304    81    24     6416  -2000    13   -20   315  -604    24    681  246775  2355074 
 6565 15.75      55  305   129    37     6464  -2048    21   -31   323  -615    37    694  246783  2355063                                                                                                                   
 6680 15.30      55  305   111    31     6575  -2159    18   -25   340  -641    30    725  246800  2355037 
 6757 15.00      55  305   185    51     6649  -2233    29   -42   352  -657    50    744  246812  2355021                                                                                                                   
 6887 15.25      53  307   125    34     6775  -2359    20   -27   372  -685    33    778  246832  2354993                                                                                                                   
 7008 15.25      53  307   117    32     6891  -2475    19   -25   391  -710    31    809  246851  2354968                                                                                                                   
 7090 15.59      54  306    79    22     6971  -2555    13   -17   404  -728    21    830  246864  2354950 
 7129 15.75      54  306   117    32     7008  -2592    19   -26   410  -736    32    841  246870  2354942                                                                                                                   
 7245 15.48      51  309   112    31     7120  -2704    19   -25   429  -761    31    871  246889  2354917 
 7345 15.25      49  311   208    58     7216  -2800    36   -45   446  -781    56    897  246906  2354897                                                                                                                   
 7402 16.00      50  310    55    15     7271  -2855    10   -12   456  -793    15    911  246916  2354885                                                                                                                   
 7520 15.50      57  303   114    32     7385  -2969    19   -26   475  -819    31    943  246935  2354859                                                                                                                   
 7552 15.27      56  304    31     8     7416  -3000     5    -7   480  -826     8    951  246940  2354852 
 7727 14.00      52  308   200    53     7585  -3169    31   -43   506  -862    52    995  246966  2354816                                                                                                                   
 7919 14.00      51  309   186    46     7771  -3355    29   -36   535  -898    45   1040  246995  2354780                                                                                                                   
 8260 13.50      50  310   331    81     8102  -3686    52   -63   586  -960    78   1118  247046  2354718                                                                                                                   
 8453 14.00      50  310   187    46     8290  -3874    29   -35   616  -996    44   1163  247076  2354682                                                                                                                   
 8583 13.80      49  311   126    31     8416  -4000    20   -24   636 -1019    30   1193  247096  2354659 
 8780 13.50      47  313   318    78     8608  -4192    52   -58   667 -1054    75   1237  247127  2354624                                                                                                                   
 9602 11.00      34  326   803   174     9411  -4995   133  -113   800 -1167   159   1396  247260  2354511                                                                                                                   
 9607 11.00      34  326     5     1     9416  -5000     1    -1   801 -1168     1   1397  247261  2354510 
 9725 11.00      34  326   121    23     9532  -5116    19   -13   819 -1180    20   1416  247279  2354498                                                                                                                   
                                                                                                                                                                                                                             
                                                                                                                                                                                                                             
                                                                                                                                                                                                                             
                                                                                                                                                                                                                             
                                                                                                                                                                                                                             
                                                                                                                                                                                                                             
                                                                                                                                                                                                                             
                                                                                                                                                                                                                             
                                                                                                                                                                                                                             
                                                                                                                                                                                                                             
                                                                                                                                                                                                                             
                                                                                                                                                                                                                             
                                                                                                                                                                                                                             
                                                                                                                                                                                                                             
                                                                                                                                                                                                                             
                                                                                                                                                                                                                             
                                                                                                                                                                                                                             
                                                                                                                                                                                                                             
                                                                                                                                                                                                                             
                                                                                                                                                                                                                             
                                                                                                                                                                                                                             
                                                                                                                                                                                                                             
                                                                                                                                                                                                                             
                                                                                                                                                                                                                             
                                                                                                                                                                                                                             
                                                                                                                                                                                                                             
                                                                                                                                                                                                                             
                                                                                                                                                                                                                             
                                                                                                                                                                                                                             
                                                                                                                                                                                                                             
                                                                                                                                                                                                                             
                                                                                                                                                                                                                             
                                                                                                                                                                                                                             
                                                                                                                                                                                                                             
                                                                                                                                                                                                                             
                                                                                                                                                                                                                             
                                                                                                                                                                                                                             
                                                                                                                                                                                                                             
                                                                                                                                                                                                                             
                                                                                                                                                                                                                             
                                                                                                                                                                                                                             
                                                                                                                                                                                                                             
                                                                                                                                                                                                                             
                                                                                                                                                                                                                             
                                                                                                                                                                                                                             
                                                                                                                                                                                                                             
                                                                                                                                                                                                                             
                                                                                                                                                                                                                             
                                                                                                                                                                                                                             
                                                                                                                                                                                                                             
                                                                                                                                                                                                                             
                                                                                                                                                                                                                             
                                                                                                                                                                                                                             
                                                                                                                                                                                                                             
                                                                                                                                                                                                                             
                                                                                                                                                                                                                             
                                                                                                                                                                                                                             
                                                                                                                                                                                                                             
                                                                                                                                                                                                                             
                                                                                                                                                                                                                             
                                                                                                                                                                                                                             
                                                                                                                                                                                                                             
                                                                                                                                                                                                                             
                                                                                                                                                                                                                             
                                                                                                                                                                                                                             
                                                                                                                                                                                                                             
                                                                                                                                                                                                                             
                                                                                                                                                                                                                             
                                                                                                                                                                                                                             
                                                                                                                                                                                                                             
                                                                                                                                                                                                                             
                                                                                                                                                                                                                             
                                                                                                                                                                                                                             
                                                                                                                                                                                                                             
                                                                                                                                                                                                                             
                                                                                                                                                                                                                             
                                                                                                                                                                                                                             
                                                                                                                                                                                                                             
                                                                                                                                                                                                                             
                                                                                                                                                                                                                             
                                                                                                                                                                                                                             
                                                                                                                                                                                                                             
                                                                                                                                                                                                                             
                                                                                                                                                                                                                             
                                                                                                                                                                                                                             
                                                                                                                                                                                                                             
                                                                                                                                                                                                                             
                                                                                                                                                                                                                             
                                                                                                                                                                                                                             
                                                                                                                                                                                                                             
                                                                                                                                                                                                                             
                                                                                                                                                                                                                             
                                                                                                                                                                                                                             
                                                                                                                                                                                                                             
                                                                                                                                                                                                                             
                                                                                                                                                                                                                             
                                                                                                                                                                                                                             
                                                                                                                                                                                                                             
                                                                                                                                                                                                                             
                                                                                                                                                                                                                             
                                                                                                                                                                                                                             
                                                                                                                                                                                                                             
                                                                                                                                                                                                                             
                                                                                                                                                                                                                             
                                                                                                                                                                                                                             
