                                                                                                    
            
Well  BLM 23-19RD   
                         
Sec Az   45 N45E    
Elev   4136 KB      
CoordsNorth  247923 East              2350998                         
                         Course               
  MD  Drift Drift D. AzimLength  DH     TVD     SSD   DNS   DEW   N-S  E-W DSec  Sec  N-LAM E-LAM   
_____________________________________________________________________________________________________     
                                                                                                    
    0  0.00      24  156                       4136     0     0     0   0     0    0 247923 2350998 
  124  1.00      24  156   124     1      124  4012    -1     0    -1   0     0    0 247922 2350998 
  136  1.00      24  156    12     0      136  4000     0     0    -1   1     0    0 247922 2350999 
  266  1.00      27  153   130     2      266  3870    -2     1    -3   2    -1   -1 247920 2351000 
  470  2.00      84   84   204     5      470  3666    -3     5    -6   6     2    0 247917 2351004 
  500  1.94      82   89    30     1      500  3636     0     1    -6   7     1    1 247917 2351005 
  591  1.75      75  105    91     3      591  3545     0     3    -6  10     2    3 247917 2351008 
  665  2.25      75  105    74     3      665  3471    -1     2    -7  13     1    4 247916 2351011 
  728  2.08      78  102    63     2      728  3408    -1     2    -7  15     1    5 247916 2351013 
  759  2.00      79  101    31     1      759  3377     0     1    -8  16     1    6 247915 2351014 
  884  1.50      81   99   125     4      884  3252    -1     4    -8  20     2    8 247915 2351018 
  968  1.75      80  100    84     2      968  3168     0     2    -9  22     1   10 247914 2351020 
 1000  1.54      77  103    32     1     1000  3136     0     1    -9  23     1   10 247914 2351021 
 1043  1.25      72  108    43     1     1043  3093     0     1    -9  24     1   11 247914 2351022 
 1136  1.06      80  101    93     2     1136  3000     0     2   -10  26     1   12 247913 2351024 
 1167  1.00      82   98    31     1     1167  2969     0     1   -10  26     0   12 247913 2351024 
 1290  1.00      84   96   123     2     1290  2846     0     2   -10  29     1   13 247913 2351027 
 1379  1.00      84   96    89     2     1379  2757     0     2   -10  30     1   14 247913 2351028 
 1474  1.00      46   46    95     2     1474  2662     1     2    -9  32     1   16 247914 2351030 
 1500  0.94      45   45    26     0     1500  2636     0     0    -9  32     0   16 247914 2351030 
 1578  0.75      40   40    78     1     1578  2558     1     1    -8  33     1   17 247915 2351031 
 1672  1.00      48   48    94     1     1672  2464     1     1    -7  34     1   19 247916 2351032 
 1767  1.50      84   84    95     2     1766  2370     1     2    -6  36     2   21 247917 2351034 
 1862  1.50      80   80    95     2     1861  2275     0     2    -6  38     2   23 247917 2351036 
 1949  1.50      88   88    87     2     1948  2188     0     2    -6  40     2   24 247917 2351038 
 2000  1.50      80   80    51     1     1999  2137     0     1    -6  42     1   25 247917 2351040 
 2047  1.50      72   72    47     1     2046  2090     0     1    -5  43     1   26 247918 2351041 
 2137  1.25      64   64    90     2     2136  2000     1     2    -5  45     2   28 247918 2351043 
 2218  1.25      64   64    81     2     2217  1919     1     2    -4  46     2   30 247919 2351044 
 2271  1.50      69   69    53     1     2270  1866     1     1    -3  48     1   31 247920 2351046 
 2303  1.00      63   63    32     1     2302  1834     0     1    -3  48     1   32 247920 2351046 
 2334  0.75      54   54    31     0     2333  1803     0     0    -3  49     0   32 247920 2351047 
 2336  1.00      84   84     2     0     2335  1801     0     0    -3  49     0   32 247920 2351047 
 2426  1.50      14   14    90     2     2425  1711     1     1    -2  50     2   34 247921 2351048 
 2487  2.00      59  301    61    -2     2486  1650     2    -1     0  49     1   35 247923 2351047 
 2518  2.75      66  294    31     1     2517  1619     1    -1     1  48     0   35 247924 2351046 
 2550  3.25      66  294    32     2     2549  1587     1    -2     1  47    -1   34 247924 2351045 
 2613  4.00      76  284    63     4     2612  1524     1    -4     3  43    -2   32 247926 2351041 
 2737  4.00      74  286   124     9     2736  1400     2    -8     5  35    -4   28 247928 2351033 
 2830  4.00      74  286    93     6     2829  1307     2    -6     7  28    -3   25 247930 2351026 
 3138  3.81      62  298   307    21     3136  1000     8   -19    15   9    -8   17 247938 2351007 
 3231  3.75      58  302   400    27     3229   907    11   -25    18   4   -10   15 247941 2351002 
 3324  3.75      62  298    93     6     3321   815     3    -5    21  -2    -2   14 247944 2350996 
 3449  3.50      59  301   125     8     3446   690     4    -7    25  -8    -2   12 247948 2350990 
 3574  3.50      54  306   125     8     3571   565     4    -6    29 -15    -2   10 247952 2350983 
 3693  3.25      50  310   119     7     3690   446     4    -6    33 -20    -1    9 247956 2350978 
 3759  3.25      50  310    66     4     3756   380     2    -3    36 -23     0    9 247959 2350975 
 3926  3.75      56  304   167    10     3922   214     6    -8    42 -31    -1    7 247965 2350967 
 4035  3.50      47  313   109     7     4031   105     4    -5    46 -37    -1    7 247969 2350961 
 4140  3.50      44  316   105     6     4136     0     5    -5    51 -41     0    7 247974 2350957 
 4190  3.50      42  318   155     9     4186   -50     7    -7    53 -43     0    7 247976 2350955 
 4248  3.00      37  323    58     3     4244  -108     3    -2    55 -45     0    7 247978 2350953 
 4278  3.50      28  332    30     2     4274  -138     1    -1    57 -46     0    7 247980 2350952 
 4309  3.75      21  339    31     2     4305  -169     2    -1    59 -47     1    8 247982 2350951 
 4341  3.50      14  346    32     2     4337  -201     2    -1    61 -48     1    9 247984 2350950 
 4372  3.25       1    1    31    -2     4368  -232     2     0    62 -48     1   10 247985 2350950 
 4404  3.50      12   12    32     2     4399  -263     2     0    64 -48     1   12 247987 2350950 
 4435  3.50      28   28    31     2     4430  -294     2     1    66 -47     2   13 247989 2350951 
 4464  3.75      36   36    29     2     4459  -323     2     1    68 -46     2   15 247991 2350952 
 4495  4.50      37   37    31     2     4490  -354     2     1    69 -45     2   17 247992 2350953 
 4526  5.00      40   40    31     3     4521  -385     2     2    71 -43     3   20 247994 2350955 
 4556  5.00      41   41    30     3     4551  -415     2     2    73 -42     3   22 247996 2350956 
 4587  5.50      44   44    31     3     4582  -446     2     2    75 -40     3   25 247998 2350958 
 4618  6.00      44   44    31     3     4613  -477     2     2    78 -37     3   28 248001 2350961 
 4706  7.00      51   51    87    10     4700  -564     7     7    84 -30    10   38 248007 2350968 
 4801  8.75      49   49    94    13     4794  -658     8    10    93 -20    13   51 248016 2350978 
 4891 11.25      46   46    89    16     4883  -747    11    12   103  -9    16   67 248026 2350989 
 4978 11.75      46   46    85    17     4968  -832    12    12   115   4    17   84 248038 2351002 
 5072 12.75      44   44    92    20     5060  -924    14    14   130  18    20  104 248053 2351016 
 5150 13.57      42   42    76    18     5136 -1000    13    12   143  30    18  122 248066 2351028 
 5167 13.75      41   41    92    22     5152 -1016    16    15   146  33    22  126 248069 2351031 
 5261 15.25      43   43    91    24     5244 -1108    17    16   163  48    24  150 248086 2351046 
 5354 16.75      44   44    89    26     5333 -1197    19    18   182  66    26  175 248105 2351064 
 5449 18.00      43   43    91    28     5424 -1288    21    20   202  86    28  203 248125 2351084 
 5475 17.25      43   43    25     8     5448 -1312     6     5   208  91     8  211 248131 2351089 
 5506 17.75      44   44    30     9     5478 -1342     7     6   215  97     9  221 248138 2351095 
 5537 18.25      46   46    29    10     5507 -1371     7     7   222 104    10  230 248145 2351102 
 5568 18.50      48   48    29    10     5537 -1401     7     7   228 111    10  240 248151 2351109 
 5600 18.25      50   50    30    10     5567 -1431     7     8   235 119    10  250 248158 2351117 
 5631 18.50      53   53    29    10     5597 -1461     6     8   241 127    10  260 248164 2351125 
 5714 19.25      57   57    79    27     5675 -1539    15    22   256 149    26  286 248179 2351147 
 5816 19.00      58   58    96    33     5772 -1636    18    28   274 177    33  319 248197 2351175 
 5908 19.00      55   55    87    30     5858 -1722    17    25   291 202    29  348 248214 2351200 
 6000 18.75      55   55    87    30     5946 -1810    17    24   308 226    29  378 248231 2351224 
 6088 18.50      53   53    83    28     6029 -1893    17    23   324 249    28  405 248247 2351247 
 6181 18.25      53   53    88    29     6117 -1981    18    23   342 272    29  434 248265 2351270 
 6201 18.17      53   53    19     6     6136 -2000     4     5   346 277     6  441 248269 2351275 
 6244 18.00      52   52    60    20     6177 -2041    12    16   354 288    19  454 248277 2351286 
 6620 18.00      53   53   358   116     6535 -2399    71    92   425 380   115  569 248348 2351378 
 6714 18.25      53   53    89    29     6624 -2488    18    23   442 403    29  598 248365 2351401 
 6808 18.75      53   53    89    30     6713 -2577    18    24   460 427    30  627 248383 2351425 
 6829 18.69      53   53    20     7     6733 -2597     4     5   464 433     7  634 248387 2351431 
 6878 18.56      53   53    46    16     6779 -2643     9    13   474 445    16  650 248397 2351443 
 6902 18.50      53   53    89    30     6802 -2666    18    24   478 451    30  657 248401 2351449 
 6964 18.75      50   50    59    20     6861 -2725    12    15   491 467    20  677 248414 2351465 
 7026 19.00      51   51    59    20     6920 -2784    13    15   503 482    20  697 248426 2351480 
 7121 19.50      51   51    90    31     7009 -2873    20    24   523 506    31  728 248446 2351504 
 7250 20.00      50   50   121    44     7131 -2995    28    34   551 540    43  771 248474 2351538 
 7255 20.00      50   50     5     2     7135 -2999     1     1   552 541     2  773 248475 2351539 
 7376 20.00      50   50   118    43     7249 -3113    28    33   579 573    43  814 248502 2351571 
 7481 19.17      49   49    99    35     7348 -3212    23    27   601 600    35  849 248524 2351598 
 7502 19.00      49   49   119    42     7368 -3232    27    32   606 605    42  856 248529 2351603 
 7628 18.00      45   45   119    40     7487 -3351    27    29   633 634    40  896 248556 2351632 
 7725 18.00      44   44    92    30     7580 -3444    21    21   654 655    30  926 248577 2351653 
 7818 17.75      41   41    89    29     7668 -3532    21    19   676 675    29  955 248599 2351673 
 7890 18.00      40   40    69    22     7737 -3601    17    14   692 689    22  977 248615 2351687 
 8007 18.00      38   38   111    36     7848 -3712    28    23   720 712    36 1013 248643 2351710 
 8110 17.79      36   36    98    32     7946 -3810    25    19   746 731    31 1044 248669 2351729 
 8128 17.75      36   36   115    37     7963 -3827    30    22   750 734    37 1049 248673 2351732 
 8251 16.25      34   34   118    36     8081 -3945    29    21   780 755    35 1085 248703 2351753 
 8308 15.68      31   31    55    16     8136 -4000    13     8   793 763    15 1100 248716 2351761 
 8377 15.00      27   27   121    34     8202 -4066    29    17   809 772    33 1118 248732 2351770 
 8502 16.00      23   23   120    33     8323 -4187    30    14   839 786    31 1149 248762 2351784 
 8598 17.25      23   23    92    27     8415 -4279    25    11   864 797    25 1175 248787 2351795 
 8847 18.25      25   25   237    76     8652 -4516    69    31   934 828    71 1245 248857 2351826 
 8998 18.75      25   25   143    48     8795 -4659    43    20   977 848    45 1290 248900 2351846 
 9355 15.61      25   25   341   105     9136 -5000    96    45  1073 892    99 1390 248996 2351890 
 9566 13.75      25   25   545   159     9340 -5204   144    67  1121 915   149 1440 249044 2351913 
 9792 13.00      24   24   220    52     9560 -5424    48    22  1169 937    49 1489 249092 2351935 
 9956 12.50      20   20   160    36     9720 -5584    34    14  1202 950    33 1522 249125 2351948 
10000 12.50      20   20    43    10     9763 -5627     9     3  1211 954     9 1531 249134 2351952 
                                                                                                    
                                                                                                    
                                                                                                    
                                                                                                    
                                                                                                    
                                                                                                    
                                                                                                    
                                                                                                    
                                                                                                    
                                                                                                    
                                                                                                    
                                                                                                    
                                                                                                    
                                                                                                    
                                                                                                    
                                                                                                    
                                                                                                    
                                                                                                    
                                                                                                    
                                                                                                    
                                                                                                    
                                                                                                    
                                                                                                    
                                                                                                    
                                                                                                    
                                                                                                    
                                                                                                    
                                                                                                    
                                                                                                    
                                                                                                    
                                                                                                    
                                                                                                    
                                                                                                    
                                                                                                    
                                                                                                    
                                                                                                    
                                                                                                    
                                                                                                    
                                                                                                    
                                                                                                    
                                                                                                    
                                                                                                    
                                                                                                    
                                                                                                    
                                                                                                    
                                                                                                    
                                                                                                    
                                                                                                    
                                                                                                    
                                                                                                    
                                                                                                    
                                                                                                    
                                                                                                    
                                                                                                    
                                                                                                    
                                                                                                    
                                                                                                    
                                                                                                    
                                                                                                    
                                                                                                    
                                                                                                    
                                                                                                    
                                                                                                    
                                                                                                    
                                                                                                    
                                                                                                    
                                                                                                    
                                                                                                    
                                                                                                    
                                                                                                    
                                                                                                    
                                                                                                    
                                                                                                    
                                                                                                    
                                                                                                    
                                                                                                    
                                                                                                    
                                                                                                    
                                                                                                    
                                                                                                    
                                                                                                    
                                                                                                    
                                                                                                    
                                                                                                    
                                                                                                    
                                                                                                    
                                                                                                    
                                                                                                    
                                                                                                    
                                                                                                    
                                                                                                    
                                                                                                    
                                                                                                    
                                                                                                    
                                                                                                    
                                                                                                    
                                                                                                    
                                                                                                    
                                                                                                    
                                                                                                    
                                                                                                    
                                                                                                    
                                                                                                    
                                                                                                    
                                                                                                    
                                                                                                    
                                                                                                    
                                                                                                    
                                                                                                    
                                                                                                    
                                                                                                    
                                                                                                    
                                                                                                    
                                                                                                    
                                                                                                    
