      WELL DATA SUMMARY                                                                                   
            
Well  BLM 24A-20    
                         
Sec Az  167         
Elev   4049 KB      
Coords North 247472 East 2E+06        2356629 
                         Course               
  MD  Drift Drift D. AzimLength  DH     TVD     SSD    DNS   DEW   N-S   E-W  DSec   Sec   N-LAM E-LAM    
__________________________________________________________________________________________________________
                                                                                                          
    0  0.00      44  224                        4049     0     0     0     0     0     0  247472  2356629 
   49  0.02      44  224    49     0       49   4000     0     0     0     0     0     0  247472  2356629 
  500  0.21      44  224   500     1      500   3549    -1    -1    -1    -1     0     0  247471  2356628 
  609  0.25      44  224   109     0      609   3440     0     0    -1    -1     0     1  247471  2356628 
  693  0.00       3  177    84     0      693   3356     0     0    -1    -1     0     1  247471  2356628 
  757  1.00      50  130    64     1      757   3292     0     0    -2    -1     1     1  247470  2356628 
  820  2.00      60  120    63     2      820   3229    -1     1    -3     1     1     3  247469  2356630 
  852  2.75      52  128    32     1      852   3197    -1     1    -3     2     1     4  247469  2356631 
  885  3.75      50  130    33     2      885   3164    -1     1    -4     3     1     5  247468  2356632 
  918  4.50      47  133    33     2      918   3131    -2     2    -6     5     2     7  247466  2356634 
 1000  6.72      45  135    82     8      999   3050    -6     6   -12    11     7    14  247460  2356640 
 1001  6.75      45  135     1     0     1000   3049     0     0   -12    11     0    14  247460  2356640 
 1050  6.75      44  136    49     6     1049   3000    -4     4   -16    15     5    19  247456  2356644 
 1107  6.75      43  137   105    12     1106   2943    -9     9   -21    19    11    25  247451  2356648 
 1195  6.25      45  135    87    10     1193   2856    -7     7   -28    26     9    33  247444  2356655 
 1299  7.00      46  134   103    12     1296   2753    -8     9   -36    35    10    43  247436  2356664 
 1391  7.00      45  135    91    11     1388   2661    -8     8   -44    43     9    53  247428  2356672 
 1488  6.75      51  129    96    12     1484   2565    -8     9   -52    52    10    62  247420  2356681 
 1500  6.72      51  129    12     1     1496   2553    -1     1   -53    53     1    63  247419  2356682 
 1576  6.50      51  129    75     9     1571   2478    -6     7   -58    59     7    70  247414  2356688 
 1678  6.00      47  133   101    11     1673   2376    -7     8   -66    68     9    79  247406  2356697 
 1869  5.50      42  138   190    19     1863   2186   -14    13   -79    81    16    95  247393  2356710 
 1963  5.00      38  142    94     9     1956   2093    -7     6   -86    87     8   103  247386  2356716 
 2000  5.00      39  141    37     3     1993   2056    -3     2   -88    89     3   106  247384  2356718 
 2052  5.00      40  140    52     5     2045   2004    -4     3   -92    92     4   110  247380  2356721 
 2056  4.99      40  140     4     0     2049   2000     0     0   -92    92     0   110  247380  2356721 
 2147  4.75      36  144    95     8     2140   1909    -6     5   -98    97     7   117  247374  2356726 
 2305  3.75      31  149   158    12     2297   1752   -10     6  -108   103    11   128  247364  2356732 
 2449  4.75      36  144   144    11     2441   1608    -9     6  -117   109    10   138  247355  2356738 
 2500  6.00      36  144    51     5     2492   1557    -4     3  -121   112     4   143  247351  2356741 
 2551  7.25      36  144    51     6     2542   1507    -5     3  -125   115     5   148  247347  2356744 
 2656  8.00      38  142   104    14     2646   1403   -11     8  -137   124    13   161  247335  2356753 
 2670  8.00      40  140    14     2     2660   1389    -2     1  -138   125     2   163  247334  2356754 
 2710  8.50      37  143    40     6     2700   1349    -4     4  -143   128     5   168  247329  2356757 
 2742  8.25      37  143    32     5     2732   1317    -4     3  -146   131     4   172  247326  2356760 
 2773  7.75      29  151    31     4     2762   1287    -4     2  -150   134     4   176  247322  2356763 
 2841  7.25      11  169    67     9     2830   1219    -8     3  -158   137     9   185  247314  2356766 
 2904  7.25       8  172    62     8     2892   1157    -8     1  -166   138     8   193  247306  2356767 
 3000  6.87       6  174    95    12     2987   1062   -12     1  -178   139    12   205  247294  2356768 
 3029  6.75       5  175    29     3     3016   1033    -3     0  -181   140     3   208  247291  2356769 
 3062  6.54       4  176    33     4     3049   1000    -4     0  -185   140     4   212  247287  2356769 
 3186  5.75       2  178   156    17     3172    877   -17     1  -198   141    17   225  247274  2356770 
 3297  6.25       3  183   110    12     3283    766   -12     0  -210   141    11   236  247262  2356770 
 3435  8.00      11  191   137    17     3420    629   -17    -2  -227   139    16   252  247245  2356768 
 3494  9.00      10  190    58     9     3478    571    -9    -2  -235   137     8   260  247237  2356766 
 3500  9.00       9  189     6     1     3484    565    -1     0  -236   137     1   261  247236  2356766 
 3526  9.00       6  186    26     4     3510    539    -4    -1  -240   136     4   265  247232  2356765 
 3558  8.50       1  181    32     5     3541    508    -5     0  -245   136     5   270  247227  2356765 
 3590  7.25       6  174    32     4     3573    476    -4     0  -250   136     4   274  247222  2356765 
 3682  8.50      11  169    91    13     3664    385   -12     2  -262   138    13   286  247210  2356767 
 3772 10.25      10  170    89    15     3753    296   -14     3  -277   141    15   301  247195  2356770 
 3865 12.25      11  169    91    18     3844    205   -18     3  -294   144    18   319  247178  2356773 
 3965 13.50      13  167    97    22     3942    107   -22     5  -316   149    22   342  247156  2356778 
 3978 13.50      13  167    13     3     3954     95    -3     1  -319   149     3   345  247153  2356778 
 4000 13.50      13  167    21     5     3976     73    -5     1  -324   150     5   350  247148  2356779 
 4005 13.50      13  167     5     1     3980     69    -1     0  -325   151     1   351  247147  2356780 
 4057 13.50      13  167    51    12     4031     18   -12     3  -337   153    12   363  247135  2356782 
 4076 13.60      13  167    18     4     4049      0    -4     1  -341   154     4   367  247131  2356783 
 4151 14.00      13  167    91    22     4122    -73   -22     5  -359   158    22   385  247113  2356787 
 4247 14.75      12  168    93    24     4215   -166   -23     5  -382   164    24   409  247090  2356793 
 4373 15.00       9  171   122    32     4337   -288   -32     6  -414   169    32   441  247058  2356798 
 4500 15.50      10  170   123    33     4460   -411   -33     6  -447   175    33   475  247025  2356804 
 4626 16.25       8  172   121    34     4581   -532   -34     5  -481   180    34   509  246991  2356809 
 4753 16.25       6  174   122    36     4703   -654   -35     4  -516   185    35   545  246956  2356814 
 4880 16.25       4  176   122    36     4825   -776   -35     3  -552   188    35   580  246920  2356817 
 4919 16.25       3  177    37    11     4862   -813   -11     1  -563   188    11   590  246909  2356817 
 5000 16.25       1  181    78    23     4940   -891   -23     0  -585   189    22   613  246887  2356818 
 5006 16.25       1  181     6     2     4946   -897    -2     0  -587   189     2   614  246885  2356818 
 5114 16.25       4  184   104    30     5049  -1000   -30    -1  -617   188    29   643  246855  2356817 
 5154 16.25       5  185   142    41     5088  -1039   -41    -2  -628   187    40   654  246844  2356816 
 5298 17.00       6  186   138    41     5226  -1177   -41    -4  -669   183    39   693  246803  2356812 
 5419 16.50       5  185   116    35     5342  -1293   -35    -3  -704   179    33   726  246768  2356808 
 5500 16.50       5  185    78    23     5419  -1370   -23    -2  -727   177    22   748  246745  2356806 
 5511 16.50       5  185    11     3     5430  -1381    -3     0  -730   177     3   751  246742  2356806 
 5590 16.50       5  185    76    22     5506  -1457   -22    -2  -752   175    21   772  246720  2356804 
 5683 16.50       5  185    89    26     5595  -1546   -26    -2  -779   173    25   798  246693  2356802 
                                                                                                          
                                                                                                          
                                                                                                          
                                                                                                          
                                                                                                          
                                                                                                          
                                                                                                          
                                                                                                          
                                                                                                          
                                                                                                          
                                                                                                          
                                                                                                          
                                                                                                          
                                                                                                          
                                                                                                          
                                                                                                          
                                                                                                          
                                                                                                          
                                                                                                          
                                                                                                          
                                                                                                          
                                                                                                          
                                                                                                          
                                                                                                          
                                                                                                          
                                                                                                          
                                                                                                          
                                                                                                          
                                                                                                          
                                                                                                          
                                                                                                          
                                                                                                          
                                                                                                          
                                                                                                          
                                                                                                          
                                                                                                          
                                                                                                          
                                                                                                          
                                                                                                          
                                                                                                          
                                                                                                          
                                                                                                          
                                                                                                          
                                                                                                          
                                                                                                          
                                                                                                          
                                                                                                          
                                                                                                          
                                                                                                          
                                                                                                          
                                                                                                          
                                                                                                          
                                                                                                          
                                                                                                          
                                                                                                          
                                                                                                          
                                                                                                          
                                                                                                          
                                                                                                          
                                                                                                          
                                                                                                          
                                                                                                          
                                                                                                          
                                                                                                          
                                                                                                          
                                                                                                          
                                                                                                          
                                                                                                          
                                                                                                          
                                                                                                          
                                                                                                          
                                                                                                          
                                                                                                          
                                                                                                          
                                                                                                          
                                                                                                          
                                                                                                          
                                                                                                          
                                                                                                          
                                                                                                          
                                                                                                          
                                                                                                          
                                                                                                          
                                                                                                          
                                                                                                          
                                                                                                          
                                                                                                          
                                                                                                          
                                                                                                          
                                                                                                          
                                                                                                          
                                                                                                          
                                                                                                          
                                                                                                          
                                                                                                          
                                                                                                          
                                                                                                          
                                                                                                          
                                                                                                          
                                                                                                          
                                                                                                          
                                                                                                          
                                                                                                          
                                                                                                          
                                                                                                          
                                                                                                          
                                                                                                          
                                                                                                          
                                                                                                          
                                                                                                          
                                                                                                          
                                                                                                          
                                                                                                          
                                                                                                          
                                                                                                          
                                                                                                          
                                                                                                          
                                                                                                          
                                                                                                          
                                                                                                          
                                                                                                          
                                                                                                          
                                                                                                          
                                                                                                          
                                                                                                          
                                                                                                          
                                                                                                          
                                                                                                          
                                                                                                          
                                                                                                          
                                                                                                          
                                                                                                          
