      WELL DATA SUMMARY                                                                                   
            
Well  BLM 33-19     
                         
Sec Az   35         
Elev   4140 KB      
CoordsNorth  247844 East 2E+06        2352084 
                         Course               
  MD  Drift Drift D. AzimLength  DH     TVD     SSD    DNS   DEW   N-S   E-W  DSec   Sec   N-LAM E-LAM    
__________________________________________________________________________________________________________
                                                                                                          
    0  0.00      41  139                        4140     0     0     0     0     0     0  247844  2352084 
  140  0.80      41  139   140     1      140   4000    -1     1    -1     1     0     0  247843  2352085 
  500  2.86      41  139   500    12      500   3640    -9     8    -9     8    -3    -3  247835  2352092 
  525  3.00      41  139    25     1      525   3615    -1     1   -10     9     0    -3  247834  2352093 
  648  3.25      53  127   123     7      648   3492    -5     5   -15    14    -1    -4  247829  2352098 
  713  3.00      61  119    65     4      713   3427    -2     3   -17    17     0    -4  247827  2352101 
  744  3.00      70  110    31     2      743   3397    -1     1   -18    18     0    -4  247826  2352102 
  775  3.00      76  104    31     2      774   3366     0     2   -18    20     1    -3  247826  2352104 
  807  2.50      78  102    32     2      806   3334     0     1   -18    21     1    -3  247826  2352105 
  837  2.50      87   93    30     1      836   3304     0     1   -19    23     1    -2  247825  2352107 
  867  2.50      77   77    30     1      866   3274     0     1   -18    24     1    -1  247826  2352108 
  898  2.50      58   58    31     1      897   3243     1     1   -18    25     1     0  247826  2352109 
  930  2.75      52   52    32     1      929   3211     1     1   -17    26     1     1  247827  2352110 
  961  3.00      50   50    31     2      960   3180     1     1   -16    28     1     3  247828  2352112 
  992  3.25      48   48    31     2      991   3149     1     1   -15    29     2     4  247829  2352113 
 1000  3.44      47   47     8     0      999   3141     0     0   -15    29     0     5  247829  2352113 
 1023  4.00      46   46    23     1     1022   3118     1     1   -14    30     1     6  247830  2352114 
 1054  4.75      43   43    31     2     1053   3087     2     2   -12    32     2     9  247832  2352116 
 1085  5.50      40   40    31     3     1084   3056     2     2   -10    34     3    11  247834  2352118 
 1116  6.00      42   42    31     3     1115   3025     2     2    -8    36     3    14  247836  2352120 
 1141  6.60      43   43    25     3     1140   3000     2     2    -6    38     3    17  247838  2352122 
 1147  6.75      43   43    31     3     1146   2994     3     2    -5    38     3    18  247839  2352122 
 1178  7.00      45   45    31     4     1176   2964     3     3    -2    41     4    22  247842  2352125 
 1225  8.00      47   47    47     6     1223   2917     4     4     2    45     6    28  247846  2352129 
 1256  8.25      42   42    31     4     1254   2886     3     3     5    48     4    32  247849  2352132 
 1287  8.75      41   41    31     5     1284   2856     3     3     8    51     5    36  247852  2352135 
 1360  9.25      38   38    72    11     1356   2784     9     7    17    59    11    48  247861  2352143 
 1422 10.75      40   40    61    11     1417   2723     8     7    26    65    11    59  247870  2352149 
 1489 11.25      39   39    66    13     1483   2657    10     8    36    74    13    71  247880  2352158 
 1500 11.22      39   39    11     2     1494   2646     2     1    37    75     2    73  247881  2352159 
 1590 11.00      39   39    88    17     1582   2558    13    11    51    86    17    91  247895  2352170 
 1675 11.50      39   39    83    17     1666   2474    13    10    64    96    17   107  247908  2352180 
 1775 11.50      40   40    98    20     1764   2376    15    13    79   109    20   127  247923  2352193 
 1871 11.75      40   40    94    19     1858   2282    15    12    94   121    19   146  247938  2352205 
 1994 12.50      40   40   120    26     1978   2162    20    17   114   138    26   172  247958  2352222 
 2000 12.50      40   40     6     1     1984   2156     1     1   115   139     1   173  247959  2352223 
 2119 12.50      41   41   116    26     2100   2040    20    17   134   156    26   199  247978  2352240 
 2160 12.35      40   40    40     9     2140   2000     7     6   141   161     9   208  247985  2352245 
 2189 12.25      39   39    68    15     2168   1972    11    10   146   165    15   214  247990  2352249 
 2316 12.50      41   41   124    27     2292   1848    21    17   166   183    27   241  248010  2352267 
 2442 12.50      44   44   123    27     2415   1725    20    18   187   201    27   268  248031  2352285 
 2500 12.73      44   44    57    13     2472   1668     9     9   196   210    13   281  248040  2352294 
 2566 13.00      44   44    64    15     2536   1604    11    10   206   220    15   295  248050  2352304 
 2690 13.50      43   43   121    28     2657   1483    21    20   227   240    28   323  248071  2352324 
 2824 13.25      44   44   130    31     2787   1353    22    21   249   261    31   354  248093  2352345 
 2948 13.25      41   41   121    28     2908   1232    21    19   270   280    28   382  248114  2352364 
 3000 13.34      40   40    51    12     2959   1181     9     8   279   288    12   394  248123  2352372 
 3062 13.45      38   38    60    14     3019   1121    11     9   291   297    14   408  248135  2352381 
 3150 13.00      40   40    86    20     3105   1035    16    13   306   310    20   428  248150  2352394 
 3186 13.27      40   40    35     8     3140   1000     6     5   313   315     8   437  248157  2352399 
 3283 14.00      40   40   129    31     3234    906    24    20   330   330    31   459  248174  2352414 
 3394 14.75      38   38   108    28     3342    798    21    17   351   347    27   487  248195  2352431 
 3485 15.00      37   37    88    23     3430    710    19    14   370   361    23   510  248214  2352445 
 3500 15.06      37   37    14     4     3444    696     3     2   373   363     4   514  248217  2352447 
 3608 15.50      39   39   104    28     3548    592    22    18   396   381    28   543  248240  2352465 
 3733 16.00      41   41   120    34     3669    471    26    22   421   403    34   576  248265  2352487 
 3860 16.25      38   38   122    35     3791    349    27    22   449   425    35   611  248293  2352509 
 4000 16.25      38   38   134    39     3925    215    31    24   480   449    39   651  248324  2352533 
 4105 16.25      38   38   101    29     4026    114    23    18   503   467    29   680  248347  2352551 
 4224 16.01      37   37   114    33     4140      0    26    20   529   488    33   713  248373  2352572 
 4230 16.00      37   37   120    35     4146     -6    28    21   530   489    35   715  248374  2352573 
 4339 16.00      37   37   105    30     4251   -111    24    18   554   507    30   745  248398  2352591 
 4449 16.25      38   38   106    31     4356   -216    24    19   579   525    31   775  248423  2352609 
 4500 16.16      38   38    49    14     4405   -265    11     9   590   534    14   789  248434  2352618 
 4587 16.00      39   39    84    24     4489   -349    19    15   609   549    24   813  248453  2352633 
 4698 15.50      37   37   107    30     4596   -456    24    19   632   568    30   844  248476  2352652 
 4834 15.75      39   39   131    37     4727   -587    29    23   661   590    37   880  248505  2352674 
 4945 15.75      34   34   107    30     4833   -693    24    18   685   608    30   910  248529  2352692 
 5000 15.85      35   35    53    15     4886   -746    12     9   698   617    15   925  248542  2352701 
 5076 16.00      37   37    73    21     4959   -819    17    12   715   629    21   946  248559  2352713 
 5198 16.00      38   38   117    34     5077   -937    27    20   741   649    34   980  248585  2352733 
 5255 16.12      38   38    55    16     5132   -992    12    10   754   659    16   995  248598  2352743 
 5264 16.14      38   38     9     2     5140  -1000     2     2   756   661     2   998  248600  2352745 
 5320 16.25      38   38    62    18     5194  -1054    14    11   768   670    18  1013  248612  2352754 
 5474 16.25      37   37   148    43     5342  -1202    34    26   802   697    43  1057  248646  2352781 
 5500 16.20      36   36    25     7     5367  -1227     6     4   808   701     7  1064  248652  2352785 
 5597 16.00      33   33    93    27     5460  -1320    22    15   830   716    27  1091  248674  2352800 
 5719 16.50      33   33   117    34     5577  -1437    29    19   859   735    34  1125  248703  2352819 
 5836 16.50      33   33   112    33     5689  -1549    28    18   887   753    33  1158  248731  2352837 
 5962 16.75      32   32   121    36     5810  -1670    30    19   917   772    36  1194  248761  2352856 
 6000 16.75      32   32    36    11     5846  -1706     9     6   926   778    11  1205  248770  2352862 
 6055 16.75      31   31    53    16     5899  -1759    14     8   940   786    16  1221  248784  2352870 
 6075 16.75      31   31    19     6     5918  -1778     5     3   945   789     6  1227  248789  2352873 
 6080 16.75      31   31     5     1     5923  -1783     1     1   946   790     1  1228  248790  2352874 
 6180 16.75      29   29    96    29     6019  -1879    25    14   971   804    29  1257  248815  2352888 
 6289 17.50      27   27   104    32     6123  -1983    28    15   999   819    32  1289  248843  2352903 
 6307 17.50      27   27    17     5     6140  -2000     5     2  1004   822     5  1294  248848  2352906 
 6427 17.50      29   29   132    41     6255  -2115    37    19  1036   839    41  1330  248880  2352923 
 6500 17.62      29   29    70    22     6324  -2184    19    11  1055   849    22  1352  248899  2352933 
 6579 17.75      29   29    75    24     6399  -2259    21    12  1076   861    24  1375  248920  2352945 
 6676 18.00      27   27    92    30     6492  -2352    26    14  1103   875    30  1405  248947  2352959 
 6802 18.50      25   25   120    39     6611  -2471    35    17  1138   892    39  1444  248982  2352976 
 6979 18.25      22   22   168    56     6779  -2639    51    22  1189   915    55  1499  249033  2352999 
 7000 18.18      22   22    20     7     6799  -2659     6     2  1195   917     6  1505  249039  2353001 
 7269 17.25      22   22   256    82     7056  -2916    76    31  1271   948    80  1585  249115  2353032 
 7355 18.00      26   26    82    26     7138  -2998    24    11  1295   958    26  1610  249139  2353042 
 7358 17.98      26   26     3     1     7140  -3000     1     0  1296   959     1  1611  249140  2353043 
 7500 17.26      19   19   138    44     7276  -3136    41    17  1335   975    43  1653  249179  2353059 
 7551 17.00      17   17    49    15     7324  -3184    14     5  1350   980    14  1668  249194  2353064 
 7802 18.00      13   13   239    75     7564  -3424    73    20  1423   999    71  1739  249267  2353083 
                                                                                                          
                                                                                                          
                                                                                                          
                                                                                                          
                                                                                                          
                                                                                                          
                                                                                                          
                                                                                                          
                                                                                                          
                                                                                                          
                                                                                                          
                                                                                                          
                                                                                                          
                                                                                                          
                                                                                                          
                                                                                                          
                                                                                                          
                                                                                                          
                                                                                                          
                                                                                                          
                                                                                                          
                                                                                                          
                                                                                                          
                                                                                                          
                                                                                                          
                                                                                                          
                                                                                                          
                                                                                                          
                                                                                                          
                                                                                                          
                                                                                                          
                                                                                                          
                                                                                                          
                                                                                                          
                                                                                                          
                                                                                                          
                                                                                                          
                                                                                                          
                                                                                                          
                                                                                                          
                                                                                                          
                                                                                                          
                                                                                                          
                                                                                                          
                                                                                                          
                                                                                                          
                                                                                                          
                                                                                                          
                                                                                                          
                                                                                                          
                                                                                                          
                                                                                                          
                                                                                                          
                                                                                                          
                                                                                                          
                                                                                                          
                                                                                                          
                                                                                                          
                                                                                                          
                                                                                                          
                                                                                                          
                                                                                                          
                                                                                                          
                                                                                                          
                                                                                                          
                                                                                                          
                                                                                                          
                                                                                                          
                                                                                                          
                                                                                                          
                                                                                                          
                                                                                                          
                                                                                                          
                                                                                                          
                                                                                                          
                                                                                                          
                                                                                                          
                                                                                                          
                                                                                                          
                                                                                                          
                                                                                                          
                                                                                                          
                                                                                                          
                                                                                                          
                                                                                                          
                                                                                                          
                                                                                                          
                                                                                                          
                                                                                                          
                                                                                                          
                                                                                                          
                                                                                                          
                                                                                                          
                                                                                                          
                                                                                                          
                                                                                                          
                                                                                                          
                                                                                                          
                                                                                                          
                                                                                                          
                                                                                                          
                                                                                                          
                                                                                                          
                                                                                                          
                                                                                                          
                                                                                                          
                                                                                                          
                                                                                                          
                                                                                                          
                                                                                                          
                                                                                                          
                                                                                                          
                                                                                                          
