      WELL DATA SUMMARY                                                                                        
            
Well  BLM 35A-20    
                         
Sec Az  100 S 80 E  
Elev   4048 KB      
CoordsNorth  246427 East       2357440  2357490 
                         Course                 
  MD  Drift Drift D. AzimLength   DH      TVD     SSD    DNS   DEW   N-S   E-W  DSec    Sec     N-LAM E-LAM    
_______________________________________________________________________________________________________________
                                                                                                               
    0  0.00      52  308     0       0        0   4048     0     0     0     0     0        0  246427  2357490 
   48  0.10      52  308    48       0       48   4000     0     0     0     0     0        0  246427  2357490 
  115  0.25      52  308   115       0      115   3933     0     0     0     0     0        0  246427  2357490 
  271  0.75      52  308   156       1      271   3777     1    -1     1    -1    -1       -1  246428  2357489 
  441  1.00      52  308   170       3      441   3607     2    -2     3    -3    -2       -4  246430  2357487 
  500  1.44      52  308    59       1      500   3548     1    -1     3    -4    -1       -5  246430  2357486 
  542  1.75      52  308   101       2      542   3506     1    -2     4    -5    -2       -6  246431  2357485 
  632  2.00      61  299    90       3      632   3416     2    -2     6    -8    -3       -9  246433  2357482 
  724  2.00      64  296    92       3      724   3324     1    -3     7   -11    -3      -12  246434  2357479 
  880  2.00      48  312   156       5      880   3168     3    -5    10   -15    -5      -17  246437  2357475 
 1000  2.20      51  309   120       4     1000   3048     3    -3    13   -18    -4      -20  246440  2357472 
 1031  2.25      52  308   151       6     1031   3017     4    -4    14   -19    -5      -21  246441  2357471 
 1048  2.33      52  308    17       1     1048   3000     0    -1    14   -20    -1      -22  246441  2357470 
 1188  3.00      51  309   157       7     1187   2861     4    -6    18   -25    -6      -28  246445  2357465 
 1344  2.75      47  313   156       8     1343   2705     5    -6    23   -31    -7      -34  246450  2357459 
 1500  3.34      56  304   156       8     1499   2549     5    -7    29   -37    -7      -42  246456  2357453 
 1543  3.50      59  301   199      11     1542   2506     7    -9    30   -40   -10      -44  246457  2357450 
 1575  3.00      53  307    32       2     1574   2474     1    -2    31   -41    -2      -46  246458  2357449 
 1606  2.50      40  320    31       1     1605   2443     1    -1    32   -42    -1      -47  246459  2357448 
 1636  1.75      34  326    30       1     1635   2413     1    -1    33   -43    -1      -48  246460  2357447 
 1668  1.25      30  330    32       1     1667   2381     1     0    34   -43    -1      -48  246461  2357447 
 1700  1.00      23  337    32       1     1699   2349     1     0    34   -44     0      -49  246461  2357446 
 1731  0.50      66  294    31       0     1730   2318     0     0    34   -44     0      -49  246461  2357446 
 1767  0.50      44   44    36       0     1766   2282     0     0    34   -44     0      -49  246461  2357446 
 1818  1.50      76   76    51       1     1817   2231     0     1    35   -43     1      -48  246462  2357447 
 1868  1.25      61   61    50       1     1867   2181     0     1    35   -42     1      -47  246462  2357448 
 1899  0.75      66   66    31       1     1898   2150     0     0    35   -41     0      -47  246462  2357449 
 1944  1.25      60   60    45       1     1943   2105     0     1    36   -41     1      -46  246463  2357449 
 1975  1.25      53   53    31       1     1974   2074     0     1    36   -40     0      -46  246463  2357450 
 2000  1.88      66   66    25       1     1999   2049     0     1    36   -40     1      -45  246463  2357450 
 2005  2.00      69   69    30       1     2004   2044     0     1    36   -39     1      -45  246463  2357451 
 2037  2.25      81   81    32       1     2036   2012     0     1    37   -38     1      -44  246464  2357452 
 2049  2.46      82   82    12       0     2048   2000     0     0    37   -38     0      -44  246464  2357452 
 2149  4.25      86   86   112       6     2148   1900     1     6    37   -32     6      -38  246464  2357458 
 2344  3.75      80   80   195      14     2342   1706     2    14    39   -18    13      -25  246466  2357472 
 2490  3.25      84   84   146       9     2488   1560     1     9    40   -10     8      -16  246467  2357480 
 2500  3.23      83   83    10       1     2498   1550     0     1    40    -9     1      -16  246467  2357481 
 2617  3.00      71   71   127       7     2615   1433     1     7    42    -3     6      -10  246469  2357487 
 2656  3.00      78   78    39       2     2654   1394     1     2    42    -1     2       -8  246469  2357489 
 2686  2.50      86   94    30       1     2684   1364     0     1    42     1     1       -7  246469  2357491 
 2718  2.75      72  108    32       1     2716   1332     0     1    42     2     1       -5  246469  2357492 
 2780  4.50      67  113    62       4     2777   1271    -1     4    41     6     4       -1  246468  2357496 
 2812  5.50      62  118    32       3     2809   1239    -1     3    40     8     3        1  246467  2357498 
 2844  6.25      62  118    32       3     2841   1207    -2     3    38    11     3        4  246465  2357501 
 2875  6.25      70  110    31       3     2872   1176    -1     3    37    14     3        8  246464  2357504 
 3000  9.33      83   97   124      17     2996   1052    -4    16    33    31    17       25  246460  2357521 
 3017  9.75      85   95   141      20     3013   1035    -4    19    32    33    20       27  246459  2357523 
 3053 10.04      87   93    35       6     3048   1000     0     6    32    40     6       34  246459  2357530 
 3109 10.50      89   91    91      16     3103    945    -1    16    32    50    16       43  246459  2357540 
 3202 11.25      90   90    91      18     3194    854     0    18    31    67    17       61  246458  2357557 
 3283 12.75      85   85    79      17     3274    774     1    17    32    84    16       77  246459  2357574 
 3306 13.00      83   83    22       5     3296    752     1     5    33    89     5       82  246460  2357579 
 3337 13.50      84   84    30       7     3326    722     1     7    34    96     7       89  246461  2357586 
 3369 13.50      89   89    31       7     3357    691     0     7    34   104     7       96  246461  2357594 
 3432 14.25      82   98    61      15     3419    629    -1    15    33   119    15      111  246460  2357609 
 3500 15.29      83   97    66      17     3484    564    -2    17    31   136    17      128  246458  2357626 
 3546 16.00      84   96   110      30     3529    519    -4    30    29   148    30      141  246456  2357638 
 3639 17.00      82   98    89      26     3618    430    -3    26    26   174    26      167  246453  2357664 
 3733 18.00      82   98    90      28     3707    341    -4    28    22   202    28      195  246449  2357692 
 3823 18.25      82   98    86      28     3793    255    -4    28    18   230    28      223  246445  2357720 
 3835 18.23      82   98    11       4     3804    244    -1     4    18   234     4      227  246445  2357724 
 3960 18.07      81   99   119      39     3923    125    -6    39    12   272    39      266  246439  2357762 
 4000 18.01      81   99    38      12     3961     87    -2    12    10   285    12      279  246437  2357775 
 4010 18.00      81   99   178      58     3971     77    -9    58    10   288    58      282  246437  2357778 
 4091 17.66      80  100    77      25     4048      0    -4    24     6   312    25      306  246433  2357802 
 4115 17.56      80  100   100      32     4071    -23    -5    32     4   319    32      314  246431  2357809 
 4173 17.32      79  101   155      49     4126    -78    -8    49     1   336    49      331  246428  2357826 
 4250 17.00      79  101   229      72     4200   -152   -13    71    -3   359    72      354  246424  2357849 
 4277 16.89      78  102    26       8     4225   -177    -2     8    -4   366     8      362  246423  2357856 
 4340 16.63      78  102   315      98     4286   -238   -18    97    -8   384    98      380  246419  2357874 
 4374 16.49      78  102    33      10     4318   -270    -2     9   -10   394    10      390  246417  2357884 
 4419 16.30      77  103    43      13     4361   -313    -3    12   -13   406    13      402  246414  2357896 
 4432 16.25      77  103    12       4     4374   -326    -1     4   -14   410     4      406  246413  2357900 
 4500 16.25      77  103    65      19     4439   -391    -4    19   -18   428    19      425  246409  2357918 
 5000 16.25      77  103   480     140     4919   -871   -31   136   -50   565   140      565  246377  2358055 
 5134 16.25      77  103   129      37     5048  -1000    -8    37   -58   601    37      602  246369  2358091 
 5148 16.25      77  103   687     200     5061  -1013   -45   195   -59   605   200      606  246368  2358095 
 5295 16.25      77  103   141      41     5202  -1154    -9    40   -68   645    41      647  246359  2358135 
 5332 16.25      77  103    36      10     5238  -1190    -2    10   -71   655    10      657  246356  2358145 
                                                                                                               
                                                                                                               
                                                                                                               
                                                                                                               
                                                                                                               
                                                                                                               
                                                                                                               
                                                                                                               
                                                                                                               
                                                                                                               
                                                                                                               
                                                                                                               
                                                                                                               
                                                                                                               
                                                                                                               
                                                                                                               
                                                                                                               
                                                                                                               
                                                                                                               
                                                                                                               
                                                                                                               
                                                                                                               
                                                                                                               
                                                                                                               
                                                                                                               
                                                                                                               
                                                                                                               
                                                                                                               
                                                                                                               
                                                                                                               
                                                                                                               
                                                                                                               
                                                                                                               
                                                                                                               
                                                                                                               
                                                                                                               
                                                                                                               
                                                                                                               
                                                                                                               
                                                                                                               
                                                                                                               
                                                                                                               
                                                                                                               
                                                                                                               
                                                                                                               
                                                                                                               
                                                                                                               
                                                                                                               
                                                                                                               
                                                                                                               
                                                                                                               
                                                                                                               
                                                                                                               
                                                                                                               
                                                                                                               
                                                                                                               
                                                                                                               
                                                                                                               
                                                                                                               
                                                                                                               
                                                                                                               
                                                                                                               
                                                                                                               
                                                                                                               
                                                                                                               
                                                                                                               
                                                                                                               
                                                                                                               
                                                                                                               
                                                                                                               
                                                                                                               
                                                                                                               
                                                                                                               
                                                                                                               
                                                                                                               
                                                                                                               
                                                                                                               
                                                                                                               
                                                                                                               
                                                                                                               
                                                                                                               
                                                                                                               
                                                                                                               
                                                                                                               
                                                                                                               
                                                                                                               
                                                                                                               
                                                                                                               
                                                                                                               
                                                                                                               
                                                                                                               
                                                                                                               
                                                                                                               
                                                                                                               
                                                                                                               
                                                                                                               
                                                                                                               
                                                                                                               
                                                                                                               
                                                                                                               
                                                                                                               
                                                                                                               
                                                                                                               
                                                                                                               
                                                                                                               
                                                                                                               
                                                                                                               
                                                                                                               
                                                                                                               
                                                                                                               
                                                                                                               
                                                                                                               
                                                                                                               
                                                                                                               
                                                                                                               
                                                                                                               
                                                                                                               
                                                                                                               
                                                                                                               
                                                                                                               
                                                                                                               
                                                                                                               
                                                                                                               
                                                                                                               
                                                                                                               
                                                                                                               
                                                                                                               
                                                                                                               
                                                                                                               
                                                                                                               
                                                                                                               
                                                                                                               
                                                                                                               
                                                                                                               
                                                                                                               
