      WELL DATA SUMMARY                                                                                   
            
Well  BLM 46-19 TCH 
                         
Sec Az    0         
Elev   4152 KB      
CoordsNorth  245973 East              2352383 
                         Course               
  MD  Drift Drift D. AzimLength  DH     TVD     SSD    DNS   DEW   N-S   E-W  DSec   Sec   N-LAM E-LAM    
__________________________________________________________________________________________________________
                                                                                                          
    0  0.00       0    0                        4152     0     0     0     0     0     0  245973  2352383 
  152  0.00       0    0   152     0      152   4000     0     0     0     0     0     0  245973  2352383 
  250  0.00       0    0   250     0      250   3902     0     0     0     0     0     0  245973  2352383 
  500  0.00       0    0   250     0      500   3652     0     0     0     0     0     0  245973  2352383 
  750  0.00       0    0   250     0      750   3402     0     0     0     0     0     0  245973  2352383 
  975  0.00       0    0   225     0      975   3177     0     0     0     0     0     0  245973  2352383 
 1000  0.00       0    0    25     0     1000   3152     0     0     0     0     0     0  245973  2352383 
 1152  0.00       0    0   152     0     1152   3000     0     0     0     0     0     0  245973  2352383 
 1250  0.00       0    0   250     0     1250   2902     0     0     0     0     0     0  245973  2352383 
 1418  0.00       0    0   168     0     1418   2734     0     0     0     0     0     0  245973  2352383 
 1500  0.00       0    0    82     0     1500   2652     0     0     0     0     0     0  245973  2352383 
 1570  0.00       0    0    70     0     1570   2582     0     0     0     0     0     0  245973  2352383 
 1750  0.00       0    0   180     0     1750   2402     0     0     0     0     0     0  245973  2352383 
 2000  0.00       0    0   250     0     2000   2152     0     0     0     0     0     0  245973  2352383 
 2152  0.00       0    0   152     0     2152   2000     0     0     0     0     0     0  245973  2352383 
 2250  0.00       0    0   250     0     2250   1902     0     0     0     0     0     0  245973  2352383 
 2500  0.00       0    0   250     0     2500   1652     0     0     0     0     0     0  245973  2352383 
 2750  0.00       0    0   250     0     2750   1402     0     0     0     0     0     0  245973  2352383 
 3000  0.00       0    0   250     0     3000   1152     0     0     0     0     0     0  245973  2352383 
 3152  0.00       0    0   152     0     3152   1000     0     0     0     0     0     0  245973  2352383 
 3250  0.00       0    0   250     0     3250    902     0     0     0     0     0     0  245973  2352383 
 3500  0.00       0    0   250     0     3500    652     0     0     0     0     0     0  245973  2352383 
 3750  0.00       0    0   250     0     3750    402     0     0     0     0     0     0  245973  2352383 
 4000  0.00       0    0   250     0     4000    152     0     0     0     0     0     0  245973  2352383 
 4152  0.00       0    0   152     0     4152      0     0     0     0     0     0     0  245973  2352383 
 4250  0.00       0    0   250     0     4250    -98     0     0     0     0     0     0  245973  2352383 
 4339  0.00       0    0    89     0     4339   -187     0     0     0     0     0     0  245973  2352383 
