      WELL DATA SUMMARY                                                                                                                                                                                                      
            
Well  BLM 52-20     
                         
Sec Az  225 S45W    
Elev   3909 KB      
CoordsNorth  249116 EAST              2358472 
                         Course               
  MD  Drift Drift D. AzimLength  DH     TVD     SSD    DNS   DEW   N-S   E-W  DSec   Sec    N-LAM E-LAM    
___________________________________________________________________________________________________________
                                                                                                                                                                                                                             
    0  0.00       1  179     0     0        0   3909     0     0     0     0     0      0  249116  2358472 
  143  1.00       1  179   143     1      143   3766    -1     0    -1     0     1      1  249115  2358472 
  283  1.50     180  180   140     3      283   3626    -3     0    -4     0     2      3  249112  2358472 
  493  3.00      39  219   210     8      493   3416    -8    -3   -12    -3     7     10  249104  2358469 
  581  4.00      51  231    88     5      581   3328    -4    -4   -16    -7     5     16  249100  2358465 
  675  5.00      49  229    94     7      674   3235    -5    -6   -21   -12     7     23  249095  2358460 
  766  5.75      50  230    91     9      765   3144    -6    -6   -26   -19     8     32  249090  2358453 
  829  5.75      51  231    63     6      828   3081    -4    -5   -30   -24     6     38  249086  2358448 
  891  5.75      54  234    62     6      889   3020    -4    -5   -34   -28     6     44  249082  2358444 
  911  5.75      54  234    20     2      909   3000    -1    -2   -35   -30     2     46  249081  2358442 
  984  5.75      56  236    93     9      982   2927    -5    -8   -39   -36     9     53  249077  2358436 
 1172  5.50      51  231   187    18     1169   2740   -11   -15   -50   -51    18     72  249066  2358421 
 1261  5.75      49  229    89     9     1258   2651    -6    -7   -56   -58     9     80  249060  2358414 
 1350  5.25      46  226    89     9     1346   2563    -6    -6   -62   -64     9     89  249054  2358408 
 1447  5.25      47  227    97     9     1443   2466    -6    -6   -68   -70     9     98  249048  2358402 
 1633  5.00      45  225   185    17     1628   2281   -12   -12   -79   -82    17    114  249037  2358390 
 1724  5.00      44  224    91     8     1719   2190    -6    -6   -85   -88     8    122  249031  2358384 
 1818  4.75      44  224    94     8     1812   2097    -6    -6   -91   -93     8    130  249025  2358379 
 1911  4.00      54  234    93     7     1905   2004    -5    -5   -95   -99     7    137  249021  2358373 
 1915  4.01      54  234     4     0     1909   2000     0     0   -95   -99     0    137  249021  2358373 
 2004  4.25      59  239    93     7     1998   1911    -4    -6   -99  -104     7    144  249017  2358368 
 2100  4.25      44  224    96     7     2093   1816    -4    -6  -103  -110     7    151  249013  2358362 
 2163  4.75      52  232    63     5     2156   1753    -3    -4  -107  -114     5    156  249009  2358358 
 2286  4.50      54  234   123    10     2279   1630    -6    -8  -113  -121    10    166  249003  2358351 
 2381  5.00      49  229    95     8     2374   1535    -5    -6  -118  -128     8    173  248998  2358344 
 2474  4.75      46  226    93     8     2466   1443    -5    -6  -123  -133     8    181  248993  2358339 
 2610  5.25      47  227   135    12     2602   1307    -8    -9  -131  -142    12    193  248985  2358330 
 2672  6.00      49  229    62     6     2663   1246    -4    -5  -135  -147     6    199  248981  2358325 
 2734  6.50      56  236    62     7     2725   1184    -4    -5  -139  -152     7    206  248977  2358320 
 2790  7.75      52  232    56     7     2781   1128    -4    -6  -143  -158     7    213  248973  2358314 
 2799  7.88      54  234     9     1     2790   1119    -1    -1  -144  -158     1    214  248972  2358314 
 2824  8.25      58  238    89    12     2814   1095    -6   -10  -146  -162    11    217  248970  2358310 
 2855  9.00      54  234    31     5     2845   1064    -3    -4  -148  -165     5    222  248968  2358307 
 2886  9.25      50  230    31     5     2876   1033    -3    -4  -151  -169     5    227  248965  2358303 
 2917  9.25      56  236    31     5     2906   1003    -3    -4  -154  -173     5    232  248962  2358299 
 2920  9.29      55  235     3     0     2909   1000     0     0  -154  -174     0    232  248962  2358298 
 2977 10.00      44  224    59    10     2965    944    -6    -8  -161  -181    10    242  248955  2358291 
 3007 12.75      48  228    29     6     2995    914    -4    -4  -165  -185     6    247  248951  2358287 
 3165 15.75      48  228   153    39     3148    761   -26   -29  -191  -214    39    286  248925  2358258 
 3258 18.75      49  229    89    28     3237    672   -18   -21  -209  -235    28    314  248907  2358237 
 3351 22.00      49  229    87    32     3324    585   -21   -24  -230  -259    32    346  248886  2358213 
 3430 23.00      51  231    73    30     3397    512   -19   -23  -250  -282    30    376  248866  2358190 
 3616 23.00      49  229   171    73     3568    341   -47   -56  -296  -338    72    449  248820  2358134 
 3707 23.25      51  231    84    36     3652    257   -23   -27  -319  -365    36    484  248797  2358107 
 3768 23.50      48  228    56    24     3708    201   -16   -18  -335  -384    24    508  248781  2358088 
 3862 24.25      50  230    86    38     3794    115   -25   -29  -360  -413    38    546  248756  2358059 
 3932 24.50      51  231    64    29     3857     52   -18   -22  -378  -435    29    575  248738  2358037 
 3963 23.75      50  230    28    13     3886     23    -8   -10  -387  -445    13    588  248729  2358027 
 3988 23.32      48  228    23    10     3909      0    -7    -8  -393  -452    10    598  248723  2358020 
 3992 23.25      48  228    27    12     3912     -3    -8    -9  -394  -453    12    599  248722  2358019 
 4013 23.75      47  227    19     8     3932    -23    -6    -6  -400  -460     8    608  248716  2358012 
 4054 23.75      45  225    38    17     3969    -60   -11   -12  -411  -471    17    624  248705  2358001 
 4169 22.50      42  222   106    45     4075   -166   -33   -31  -444  -502    45    669  248672  2357970 
 4185 22.59      41  221    15     6     4090   -181    -5    -4  -449  -507     6    675  248667  2357965 
 4262 23.00      38  218    86    36     4161   -252   -28   -23  -472  -526    36    705  248644  2357946 
 4357 23.75      42  222    87    38     4248   -339   -29   -24  -500  -550    38    743  248616  2357922 
 4451 24.00      44  224    86    38     4334   -425   -28   -26  -528  -576    38    781  248588  2357896 
 4544 24.00      41  221    85    38     4419   -510   -28   -26  -556  -601    38    818  248560  2357871 
 4636 24.50      42  222    84    38     4503   -594   -28   -25  -584  -626    38    856  248532  2357846 
 4730 24.75      43  223    85    39     4588   -679   -29   -26  -613  -653    39    895  248503  2357819 
 4827 24.50      40  220    88    40     4676   -767   -30   -27  -644  -680    40    936  248472  2357792 
 4913 23.75      37  217    78    35     4755   -846   -28   -22  -671  -702    35    971  248445  2357770 
 5013 23.00      42  222    92    40     4847   -938   -31   -25  -702  -727    39   1010  248414  2357745 
 5081 22.62      43  223    63    26     4909  -1000   -19   -18  -721  -745    26   1036  248395  2357727 
 5102 22.50      43  223    82    34     4929  -1020   -25   -23  -727  -750    34   1044  248389  2357722 
 5201 22.00      42  222    92    37     5020  -1111   -28   -25  -755  -775    37   1082  248361  2357697 
 5296 22.00      43  223    88    36     5108  -1199   -26   -24  -781  -799    36   1117  248335  2357673 
 5389 23.00      38  218    86    36     5194  -1285   -27   -23  -808  -822    35   1153  248308  2357650 
 5437 23.13      39  219    44    19     5238  -1329   -15   -12  -823  -834    19   1172  248293  2357638 
 5482 23.25      40  220    86    37     5280  -1371   -28   -23  -836  -845    36   1189  248280  2357627 
 5576 23.00      40  220    86    37     5366  -1457   -28   -24  -865  -869    37   1226  248251  2357603 
 5666 22.75      40  220    83    35     5449  -1540   -27   -22  -892  -892    35   1261  248224  2357580 
 5760 21.75      38  218    87    36     5536  -1627   -28   -22  -919  -914    35   1296  248197  2357558 
 5812 21.22      38  218    48    19     5585  -1676   -15   -12  -934  -926    19   1315  248182  2357546 
 5834 21.00      38  218    69    27     5605  -1696   -21   -17  -940  -931    27   1323  248176  2357541 
 5927 20.00      38  218    87    33     5692  -1783   -26   -20  -966  -951    32   1355  248150  2357521 
 5958 20.00      38  218    29    11     5721  -1812    -8    -7  -974  -957    11   1366  248142  2357515 
 6054 19.75      40  220    90    33     5812  -1903   -25   -21 -1000  -978    32   1398  248116  2357494 
 6150 19.00      41  221    91    32     5902  -1993   -24   -21 -1024  -998    32   1430  248092  2357474 
 6157 18.96      41  221     7     2     5909  -2000    -2    -1 -1026 -1000     2   1432  248090  2357472 
 6246 18.50      42  222    91    31     5993  -2084   -23   -20 -1047 -1019    31   1461  248069  2357453 
 6343 17.00      44  224    92    30     6085  -2176   -22   -20 -1069 -1039    30   1490  248047  2357433 
 6439 16.50      42  222    92    28     6177  -2268   -20   -19 -1089 -1058    28   1518  248027  2357414 
 6535 16.00      43  223    92    27     6270  -2361   -20   -18 -1109 -1076    27   1545  248007  2357396 
 6629 16.00      39  219    90    26     6360  -2451   -20   -17 -1128 -1093    26   1571  247988  2357379 
 6696 15.83      40  220    64    18     6424  -2515   -14   -12 -1143 -1105    18   1589  247973  2357367 
 6727 15.75      40  220    94    27     6454  -2545   -21   -17 -1149 -1110    27   1598  247967  2357362 
 6823 15.50      40  220    92    26     6547  -2638   -20   -17 -1169 -1127    26   1623  247947  2357345 
 6917 15.75      39  219    91    25     6637  -2728   -20   -16 -1188 -1143    25   1648  247928  2357329 
 7013 15.75      39  219    92    26     6730  -2821   -20   -16 -1209 -1159    26   1674  247907  2357313 
 7092 15.88      40  220    76    22     6806  -2897   -17   -14 -1225 -1173    21   1696  247891  2357299 
 7169 16.00      40  220   150    43     6880  -2971   -33   -27 -1242 -1186    42   1717  247874  2357286 
 7200 15.84      40  220    30     9     6909  -3000    -7    -5 -1248 -1192     8   1725  247868  2357280 
 7263 15.50      39  219    90    26     6970  -3061   -20   -16 -1261 -1203    25   1742  247855  2357269 
 7360 14.25      40  220    94    25     7064  -3155   -19   -16 -1280 -1218    25   1767  247836  2357254 
 7457 13.25      40  220    94    23     7158  -3249   -18   -15 -1298 -1233    23   1790  247818  2357239 
 7553 12.25      37  217    94    21     7252  -3343   -17   -13 -1315 -1247    21   1811  247801  2357225 
 7650 12.00      40  220    95    20     7347  -3438   -16   -13 -1331 -1259    20   1831  247785  2357213 
 7695 11.45      40  220    44     9     7391  -3482    -7    -6 -1338 -1265     9   1840  247778  2357207 
 8219  5.05      40  220   519    75     7909  -4000   -58   -48 -1395 -1313    75   1915  247721  2357159 
 8305  4.00      40  220   649    91     7995  -4086   -70   -59 -1400 -1318    91   1922  247716  2357154 
 8465  4.00      40  220   160    11     8155  -4246    -9    -7 -1409 -1325    11   1933  247707  2357147 
