      WELL DATA SUMMARY                                                                                      
            
Well  BLM 68A-20RD  
                         
Sec Az  155 S 25 E  
Elev   4046 KB      
CoordsNorth  245212 East              2358822 
                         Course               
  MD  Drift Drift D. AzimLength  DH     TVD     SSD    DNS   DEW   N-S   E-W  DSec    Sec     N-LAM   E-LAM  
_____________________________________________________________________________________________________________
                                                                                                             
    0  0.00      60   60     0     0        0   4046     0     0     0     0     0        0  245212  2358822 
   46  0.16      60   60    46     0       46   4000     0     0     0     0     0        0  245212  2358822 
  141  0.50      60   60   141     1      141   3905     0     1     0     1     0        0  245212  2358823 
  272  0.50      60   60   131     1      272   3774     1     1     1     2     0        0  245213  2358824 
  455  0.75      60   60   183     2      455   3591     1     2     2     3     0        0  245214  2358825 
  500  0.67      60   60    45     1      500   3546     0     0     2     4     0        0  245214  2358826 
  588  0.50      60   60   133     1      588   3458     1     1     3     5     0        0  245215  2358827 
  746  0.75      25   25   158     2      746   3300     1     1     4     6    -1       -1  245216  2358828 
  896  0.50      23   23   150     2      896   3150     1     1     5     6    -1       -2  245217  2358828 
 1000  0.29      56   56   104     1     1000   3046     1     0     6     7     0       -2  245218  2358829 
 1018  0.25      62   62   122     1     1018   3028     1     1     6     7     0       -2  245218  2358829 
 1046  0.33      59   59    28     0     1046   3000     0     0     6     7     0       -3  245218  2358829 
 1110  0.50      52   52    92     1     1110   2936     0     1     6     7     0       -3  245218  2358829 
 1270  0.25      40  220   160     1     1270   2776    -1     1     6     8     1       -2  245218  2358830 
 1358  0.75      28  152    88     1     1358   2688    -1     0     5     8     1       -1  245217  2358830 
 1500  0.75      14  189   142     2     1500   2546    -2     0     3     8     2        1  245215  2358830 
 1514  0.75      13  193   156     2     1514   2532    -2     0     3     8     2        1  245215  2358830 
 1637  0.75       4  176   123     2     1637   2409    -2     0     1     8     1        2  245213  2358830 
 1761  1.00      36  154   124     2     1761   2285    -2     0    -1     9     2        4  245211  2358831 
 1857  0.50      11  191    96     1     1857   2189    -1     0    -2     9     1        5  245210  2358831 
 1969  1.75      22  202   112     2     1969   2077    -2    -1    -4     8     2        7  245208  2358830 
 2000  1.25      20  200    31     1     2000   2046    -1     0    -5     8     1        8  245207  2358830 
 2030  0.75      14  194    30     1     2030   2016    -1     0    -5     8     0        8  245207  2358830 
 2046  0.49      35  215    16     0     2046   2000     0     0    -5     8     0        8  245207  2358830 
 2061  0.25      55  235    31     0     2061   1985     0     0    -6     8     0        8  245206  2358830 
 2091  0.50      68   68    30     0     2091   1955     0     0    -6     8     0        8  245206  2358830 
 2123  1.00      68   68    32     0     2123   1923     0     0    -6     8     0        8  245206  2358830 
 2216  2.00      52   52    93     2     2216   1830     1     2    -4    10     0        8  245208  2358832 
 2248  2.25      50   50    32     1     2248   1798     1     1    -4    11     0        8  245208  2358833 
 2279  2.75      47   47    31     1     2279   1767     1     1    -3    12     0        8  245209  2358834 
 2307  3.25      47   47    28     1     2307   1739     1     1    -2    13     0        7  245210  2358835 
 2338  3.75      43   43    31     2     2338   1708     1     1     0    15    -1        6  245212  2358837 
 2370  4.50      40   40    32     2     2370   1676     2     2     1    16    -1        6  245213  2358838 
 2401  5.00      43   43    31     3     2400   1646     2     2     3    18    -1        5  245215  2358840 
 2489  7.00      41   41    88     9     2488   1558     7     6    10    24    -4        1  245222  2358846 
 2500  7.00      41   41    11     1     2499   1547     1     1    11    25    -1        0  245223  2358847 
 2555  7.00      41   41    66     8     2554   1492     6     5    16    29    -3       -2  245228  2358851 
 2595  6.25      44   44    40     5     2593   1453     3     3    20    32    -2       -4  245232  2358854 
 2653  4.50      51   51    58     5     2651   1395     4     4    23    36    -2       -6  245235  2358858 
 2710  4.25      66   66    57     4     2708   1338     2     4    26    40     0       -6  245238  2358862 
 2772  4.75      79   79    62     5     2770   1276     1     5    27    45     1       -6  245239  2358867 
 2806  5.50      86   86    34     3     2803   1243     0     3    27    48     1       -5  245239  2358870 
 2869  5.75      82   98    63     6     2866   1180     0     6    27    54     3       -2  245239  2358876 
 2931  5.75      71  109    62     6     2928   1118    -1     6    26    60     4        2  245238  2358882 
 2963  6.25      67  113    32     3     2960   1086    -1     3    25    63     2        4  245237  2358885 
 3000  6.25      62  118    37     4     2996   1050    -2     4    23    67     3        7  245235  2358889 
 3025  6.25      59  121    62     7     3021   1025    -3     6    21    69     5       10  245233  2358891 
 3050  6.35      52  128    25     3     3046   1000    -2     2    20    71     2       12  245232  2358893 
 3090  6.50      40  140    65     7     3086    960    -5     5    17    75     7       16  245229  2358897 
 3120  7.50      37  143    30     4     3116    930    -3     2    14    77     4       20  245226  2358899 
 3180  8.47      32  148    59     8     3175    871    -7     5     7    82     8       28  245219  2358904 
 3182  8.50      32  148     2     0     3177    869     0     0     7    82     0       28  245219  2358904 
 3267  9.50      28  152    84    13     3261    785   -12     7    -5    88    13       42  245207  2358910 
 3344 10.25      25  155    76    13     3337    709   -12     6   -17    94    13       55  245195  2358916 
 3390 11.25      21  159    45     9     3382    664    -8     3   -24    98     9       63  245188  2358920 
 3425 12.00      19  161    34     7     3416    630    -7     2   -31   100     7       70  245181  2358922 
 3500 12.39      18  162    73    16     3490    556   -15     5   -46   105    16       86  245166  2358927 
 3520 12.50      18  162    93    20     3509    537   -19     6   -50   106    20       90  245162  2358928 
 3615 12.50      13  167    93    21     3602    444   -20     5   -70   112    20      111  245142  2358934 
 3708 12.50      12  168    91    20     3693    353   -20     4   -90   116    20      130  245122  2358938 
 3800 12.50      12  168    90    20     3783    263   -19     4  -109   120    19      150  245103  2358942 
 3864 12.75      13  167    62    14     3845    201   -14     3  -123   123    14      163  245089  2358945 
 3957 13.00      10  170    91    21     3936    110   -20     4  -143   128    20      184  245069  2358950 
 4000 12.77       8  172    42    10     3978     68    -9     2  -153   129     9      193  245059  2358951 
 4003 12.75       8  172    45    10     3981     65   -10     2  -153   129    10      193  245059  2358951 
 4070 12.75       7  173    65    15     4046      0   -15     2  -168   131    14      208  245044  2358953 
 4088 12.75       7  173    83    19     4063    -17   -19     2  -172   132    18      211  245040  2358954 
 4190 12.50       6  174   100    22     4163   -117   -22     3  -194   134    21      232  245018  2358956 
 4251 11.75       9  171    60    13     4223   -177   -13     2  -207   136    12      245  245005  2358958 
 4283 11.25      12  168    31     6     4254   -208    -6     1  -213   137     6      251  244999  2358959 
 4373 11.00      17  163    88    17     4342   -296   -17     4  -230   141    17      268  244982  2358963 
 4466 11.25      15  165    91    18     4434   -388   -17     5  -247   146    18      286  244965  2358968 
 4500 11.34      15  165    33     7     4467   -421    -6     2  -253   148     7      292  244959  2358970 
 4558 11.50      15  165    90    18     4524   -478   -18     5  -264   151    18      303  244948  2358973 
 4651 12.00      15  165    91    19     4615   -569   -18     5  -283   156    19      322  244929  2358978 
 4744 12.25      15  165    91    20     4706   -660   -19     5  -302   161    19      341  244910  2358983 
 4838 12.00      16  164    92    20     4798   -752   -19     5  -321   166    19      361  244891  2358988 
 4869 12.25      15  165    30     7     4828   -782    -6     2  -327   168     6      367  244885  2358990 
 4966 12.50      17  163    95    21     4923   -877   -20     6  -347   174    21      388  244865  2358996 
 5000 12.50      17  163    33     7     4956   -910    -7     2  -354   176     7      395  244858  2358998 
 5061 12.50      18  162    93    21     5015   -969   -20     6  -367   180    20      408  244845  2359002 
 5092 12.50      19  161    30     7     5046  -1000    -6     2  -373   182     7      415  244839  2359004 
 5149 12.50      20  160    86    19     5101  -1055   -18     6  -385   186    19      427  244827  2359008 
 5233 12.71      18  162    82    18     5183  -1137   -17     6  -402   192    18      445  244810  2359014 
 5247 12.75      18  162    14     3     5197  -1151    -3     1  -405   193     3      448  244807  2359015 
 5341 12.75      19  161    92    21     5289  -1243   -20     7  -424   200    21      469  244788  2359022 
 5435 13.00      17  163    92    21     5380  -1334   -20     6  -444   206    21      490  244768  2359028 
 5500 13.17      16  164    63    15     5444  -1398   -14     4  -459   210    15      504  244753  2359032 
 5529 13.25      16  164    92    21     5472  -1426   -20     6  -465   212    21      511  244747  2359034 
 5600 12.87      16  164    69    16     5541  -1495   -15     4  -480   217    16      527  244732  2359039 
 5623 12.75      16  164    22     5     5563  -1517    -5     1  -485   218     5      532  244727  2359040 
 5713 12.75      18  162    88    20     5651  -1605   -19     6  -504   224    20      552  244708  2359046 
 5812 12.50      20  160    97    22     5748  -1702   -20     7  -525   231    22      573  244687  2359053 
 5901 12.75      20  160    87    19     5835  -1789   -18     7  -543   237    19      592  244669  2359059 
 6000 12.75      19  161    97    22     5931  -1885   -21     7  -564   245    22      614  244648  2359067 
 6061 12.75      19  161   156    35     5991  -1945   -33    12  -576   249    35      628  244636  2359071 
 6118 12.66      20  160    56    13     6046  -2000   -12     4  -588   253    12      640  244624  2359075 
 6150 12.61      20  160    87    20     6078  -2032   -18     7  -595   256    19      647  244617  2359078 
 6195 12.53      21  159    44    10     6121  -2075    -9     3  -604   259    10      657  244608  2359081 
 6215 12.50      21  159    20     4     6141  -2095    -4     2  -608   261     4      661  244604  2359083 
 6240 12.54      21  159    24     5     6165  -2119    -5     2  -613   263     5      666  244599  2359085 
 6370 12.75      21  159   127    28     6292  -2246   -27    10  -639   273    28      695  244573  2359095 
 6500 12.54      24  156   127    28     6419  -2373   -26    11  -666   284    28      723  244546  2359106 
 6527 12.50      25  155    26     6     6445  -2399    -5     2  -671   286     6      729  244541  2359108 
 6641 12.25      25  155   111    24     6557  -2511   -22    10  -693   297    24      754  244519  2359119 
 6799 12.50      24  156   154    34     6711  -2665   -31    14  -724   311    34      787  244488  2359133 
 6949 12.25      26  154   147    32     6858  -2812   -29    14  -753   324    32      820  244459  2359146 
 7000 12.46      26  154    50    11     6907  -2861   -10     5  -763   329    11      831  244449  2359151 
 7011 12.50      26  154    61    13     6918  -2872   -12     6  -765   330    13      833  244447  2359152 
                                                                                                             
                                                                                                             
                                                                                                             
                                                                                                             
                                                                                                             
                                                                                                             
                                                                                                             
                                                                                                             
                                                                                                             
                                                                                                             
                                                                                                             
                                                                                                             
                                                                                                             
                                                                                                             
                                                                                                             
                                                                                                             
                                                                                                             
                                                                                                             
                                                                                                             
                                                                                                             
                                                                                                             
                                                                                                             
                                                                                                             
                                                                                                             
                                                                                                             
                                                                                                             
                                                                                                             
                                                                                                             
                                                                                                             
                                                                                                             
                                                                                                             
                                                                                                             
                                                                                                             
                                                                                                             
                                                                                                             
                                                                                                             
                                                                                                             
                                                                                                             
                                                                                                             
                                                                                                             
                                                                                                             
                                                                                                             
                                                                                                             
                                                                                                             
                                                                                                             
                                                                                                             
                                                                                                             
                                                                                                             
                                                                                                             
                                                                                                             
                                                                                                             
                                                                                                             
                                                                                                             
                                                                                                             
                                                                                                             
                                                                                                             
                                                                                                             
                                                                                                             
                                                                                                             
                                                                                                             
                                                                                                             
                                                                                                             
                                                                                                             
                                                                                                             
                                                                                                             
                                                                                                             
                                                                                                             
                                                                                                             
                                                                                                             
                                                                                                             
                                                                                                             
                                                                                                             
                                                                                                             
                                                                                                             
                                                                                                             
                                                                                                             
                                                                                                             
                                                                                                             
                                                                                                             
                                                                                                             
                                                                                                             
                                                                                                             
                                                                                                             
                                                                                                             
                                                                                                             
                                                                                                             
                                                                                                             
                                                                                                             
                                                                                                             
                                                                                                             
                                                                                                             
                                                                                                             
                                                                                                             
                                                                                                             
                                                                                                             
