      WELL DATA SUMMARY                                                                                                                                                                                                        
            
Well  BLM 68B-20RD  
                         
Sec Az  195 S15W    
Elev   4045 KB      
CoordsNorth  245173 East              2358819 
                         Course               
  MD  Drift Drift D. AzimLength  DH     TVD     SSD    DNS   DEW   N-S   E-W  DSec    Sec     N-LAM E-LAM     DEG F PSIG  L CIR I#in  I#outIDeg F S#in  S#outSDeg F ELEV  ELEV   TVD   MD    N-S   E-W   SEC  FACT  DEG F PSIG 
__________________________________________________________________________________________________________________________________________________________________________________________________________________________________   
                                                                                             245173  2358819                                                                                                                   
    0  0.00       8  172     0     0        0   4045     0     0     0     0     0        0  245173  2358819                                                        4045                                                       
   45  0.29       8  172    45     0       45   4000     0     0     0     0     0        0  245173  2358819 
  153  1.00       8  172   153     1      153   3892    -1     0    -1     0     1        1  245172  2358819                                                        3892  4000    45    45     0     0     0     0             
  324  2.25       8  172   171     5      324   3721    -5     1    -6     1     4        6  245167  2358820                                                        3721                                                       
  499  2.00      14  166   175     6      499   3546    -6     1   -12     2     6       12  245161  2358821                                                        3546                                                       
  500  1.99      14  166     1     0      500   3545     0     0   -13     2     0       12  245160  2358821                                                        3545                                           
  577  1.50       6  172    78     2      577   3468    -2     0   -15     3     2       14  245158  2358822                                                        3468  3500   545   545   -14     2    13     1             
  663  2.00      12  192    86     3      663   3382    -3     0   -17     2     3       16  245156  2358821                                                        3382                                                       
  786  2.00      23  203   123     4      786   3259    -4    -1   -22     1     4       21  245151  2358820                                                        3259                                                       
  907  2.00      20  200   121     4      907   3138    -4    -2   -25     0     4       25  245148  2358819                                                        3138                                                       
 1000  2.15      12  192    93     3     1000   3045    -3    -1   -29    -1     3       28  245144  2358818                                                        3045                                           
 1046  2.22       9  189    46     2     1045   3000    -2     0   -30    -2     2       30  245143  2358817 
 1067  2.25       7  187   160     6     1066   2979    -6    -1   -31    -2     6       31  245142  2358817                                                        2979  3000  1045  1046   -30    -2    30     1             
 1191  2.00      11  191   124     5     1190   2855    -5    -1   -36    -2     5       35  245137  2358817                                                        2855                                                       
 1315  2.25       8  172   124     5     1314   2731    -5     0   -40    -3     4       40  245133  2358816                                                        2731                                                       
 1439  3.00      24  204   124     6     1438   2607    -6    -1   -46    -3     6       45  245127  2358816                                                        2607                                                       
 1500  3.00      27  207    61     3     1499   2546    -3    -1   -49    -5     3       48  245124  2358814                                                        2546                                           
 1559  3.00      30  210   120     6     1558   2487    -6    -3   -52    -6     6       51  245121  2358813                                                        2487  2500  1545  1546   -51    -6    51     1             
 1689  3.25      26  206   130     7     1688   2357    -6    -3   -58   -10     7       58  245115  2358809                                                        2357                                                       
 1772  3.00      22  202    83     5     1771   2274    -4    -2   -62   -11     4       63  245111  2358808                                                        2274                                                       
 1909  3.25      18  198   137     7     1907   2138    -7    -3   -69   -14     7       70  245104  2358805                                                        2138                                                       
 2000  3.25      29  209    91     5     1998   2047    -5    -2   -74   -16     5       75  245099  2358803                                                        2047                                           
 2002  3.25      29  209    93     5     2000   2045    -5    -2   -74   -16     5       75  245099  2358803                                                        2045                                                       
 2047  3.01      27  207    45     2     2045   2000    -2    -1   -76   -17     2       78  245097  2358802 
 2095  2.75      24  204    93     5     2093   1952    -4    -2   -78   -18     5       80  245095  2358801                                                        1952  2000  2045  2047   -76   -17    78     0             
 2185  2.25      24  204    90     4     2183   1862    -4    -2   -82   -20     4       84  245091  2358799                                                        1862                                                       
 2252  2.75      25  205    67     3     2250   1795    -3    -1   -84   -21     3       87  245089  2358798                                                        1795                                                       
 2378  2.00      39  219   126     5     2376   1669    -4    -3   -89   -24     5       92  245084  2358795                                                        1669                                                       
 2413  2.00      44  224    35     1     2411   1634    -1    -1   -90   -25     1       93  245083  2358794                                                        1634                                                       
 2443  2.00      43  223    30     1     2441   1604    -1    -1   -91   -25     1       94  245082  2358794 
 2500  2.00      42  222    87     3     2498   1547    -2    -2   -92   -27     3       96  245081  2358792                                                        1547                                           
 2552  2.00      34  214    52     2     2550   1495    -1    -1   -93   -28     2       97  245080  2358791 
 2771  2.00      34  214   358    12     2769   1276   -10    -8  -100   -32    11      105  245073  2358787                                                        1276  1500  2545  2547   -93   -28    97     0             
 2868  4.00      18  198    97     5     2866   1179    -5    -2  -104   -35     5      110  245069  2358784                                                        1179                                                       
 2964  6.75      25  205    96     9     2961   1084    -8    -3  -112   -38     9      118  245061  2358781                                                        1084                                           
 3048  6.58      17  197    83    10     3045   1000    -9    -4  -122   -42    10      128  245051  2358777 
 3086  6.50      14  194   121    14     3082    963   -13    -5  -126   -43    14      132  245047  2358776 
 3182  6.25      18  198   313    28     3178    867   -27    -9  -131   -43    28      138  245042  2358776                                                         867                                                       
 3310  6.00      17  197   127    14     3306    739   -13    -4  -144   -47    14      151  245029  2358772 
 3403  6.00      16  196    92    10     3398    647    -9    -3  -153   -50    10      161  245020  2358769                                                                                                                   
 3532  6.75      20  200   128    14     3526    519   -14    -4  -167   -55    14      175  245006  2358764                                                                                                                   
 3660  6.75      24  204   127    15     3653    392   -14    -6  -181   -60    15      190  244992  2358759                                                                                                                   
 3789  7.00      26  206   128    15     3781    264   -14    -7  -195   -67    15      205  244978  2358752                                                                                                                   
 3877  8.00      20  200    87    11     3869    176   -11    -4  -205   -71    11      217  244968  2358748                                                                                                                   
 3976  7.75      10  190    98    14     3967     78   -13    -4  -218   -75    14      230  244955  2358744                                                                                                                   
 4055  7.59      11  191    78    11     4045      0   -10    -2  -229   -77    11      241  244944  2358742 
 4101  7.50      12  192   124    17     4091    -46   -16    -3  -235   -78    17      247  244938  2358741                                                                                                                   
 4227  7.25      13  193   125    16     4216   -171   -16    -4  -250   -81    16      263  244923  2358738                                                                                                                   
 4353  7.75      17  197   125    16     4341   -296   -16    -4  -266   -86    16      279  244907  2358733                                                                                                                   
 4481  8.00      17  197   127    18     4467   -422   -17    -5  -283   -91    18      297  244890  2358728                                                                                                                   
 4608  8.25      16  196   126    18     4593   -548   -17    -5  -300   -96    18      315  244873  2358723                                                                                                                   
 4730  8.50      14  194   121    18     4714   -669   -17    -5  -317  -101    18      333  244856  2358718                                                                                                                   
 4895  8.75      18  198   163    25     4877   -832   -24    -7  -341  -107    25      357  244832  2358712                                                                                                                   
 5053  9.00      12  192   156    24     5033   -988   -24    -6  -365  -114    24      382  244808  2358705                                                                                                                   
 5065  8.93      13  193    12     2     5045  -1000    -2     0  -367  -114     2      384  244806  2358705 
 5177  8.25      19  199   123    19     5156  -1111   -18    -5  -383  -119    19      400  244790  2358700                                                                                                                   
 5304  8.25      19  199   126    18     5281  -1236   -17    -6  -400  -125    18      419  244773  2358694                                                                                                                   
 5463  8.50      15  195   157    23     5439  -1394   -22    -7  -422  -131    23      442  244751  2358688                                                                                                                   
 5622  8.75      18  198   157    24     5596  -1551   -23    -7  -445  -138    24      466  244728  2358681                                                                                                                   
 5781  8.75      16  196   157    24     5753  -1708   -23    -7  -468  -145    24      490  244705  2358674                                                                                                                   
 5907  8.16      16  196   125    19     5878  -1833   -18    -5  -486  -150    19      508  244687  2358669 
 5940  8.00      16  196   157    23     5910  -1865   -22    -6  -490  -152    23      513  244683  2358667                                                                                                                   
 5981  7.95      16  196    41     6     5951  -1906    -5    -2  -496  -153     6      519  244677  2358666 
 6076  7.84      16  196    94    13     6045  -2000   -13    -4  -508  -157    13      532  244665  2358662 
 6150  7.75      16  196   208    29     6118  -2073   -28    -8  -518  -160    29      542  244655  2358659                                                                                                                   
 6330  7.75      15  195   178    24     6297  -2252   -23    -6  -541  -166    24      566  244632  2358653                                                                                                                   
 6515  7.50      15  195   183    25     6480  -2435   -24    -6  -565  -172    25      590  244608  2358647                                                                                                                   
 6538  7.47      15  195    23     3     6503  -2458    -3    -1  -568  -173     3      593  244605  2358646 
 6714  7.25      16  196   197    26     6677  -2632   -25    -7  -590  -179    26      616  244583  2358640 
 7058  7.25      16  196   341    43     7019  -2974   -42   -12  -631  -191    43      659  244542  2358628 
