      WELL DATA SUMMARY                                                                                      
            
Well  BLM 72B-19    
                         
Sec Az  235         
Elev   4170 KB      
CoordsNorth  248887 East              2354505 
                         Course               
  MD  Drift Drift D. AzimLength  DH     TVD     SSD    DNS   DEW   N-S   E-W  DSec    Sec     N-LAM E-LAM    
_____________________________________________________________________________________________________________
                                                                                                             
    0  0.00       0  216                        4170     0     0     0     0     0        0  248887  2354505 
  158  1.03      25  216   158     1      158   4012    -1    -1    -1    -1     1        1  248886  2354504 
  170  1.11      27  216    12     0      170   4000     0     0    -1    -1     0        2  248886  2354504 
  230  1.50      36  216   230     3      230   3940    -2    -2    -2    -2     3        3  248885  2354503 
  461  3.25      49  229   231    10      461   3709    -7    -6    -9    -8     9       12  248878  2354497 
  531  3.00      64  244    70     4      531   3639    -2    -3   -12   -11     4       16  248875  2354494 
  625  2.75      59  239    94     5      625   3545    -2    -4   -14   -16     5       21  248873  2354489 
  719  3.00      84  264    94     5      718   3452    -1    -4   -15   -20     5       25  248872  2354485 
  813  2.50      85  265    94     5      812   3358     0    -4   -16   -25     4       29  248871  2354480 
  912  3.00      74  254    99     5      911   3259    -1    -5   -17   -29     4       33  248870  2354476 
  999  3.00      85  265    87     5      998   3172    -1    -4   -17   -34     4       38  248870  2354471 
 1095  3.00      80  260    96     5     1094   3076    -1    -5   -18   -39     4       42  248869  2354466 
 1159  3.26      79  259    64     3     1158   3012    -1    -3   -19   -42     3       45  248868  2354463 
 1171  3.31      79  259    12     1     1170   3000     0    -1   -19   -43     1       46  248868  2354462 
 1217  3.50      79  259   122     7     1216   2954    -1    -7   -19   -45     6       48  248868  2354460 
 1347  4.25      83  263   130     9     1345   2825    -1    -9   -21   -54     8       56  248866  2354451 
 1478  4.50      89  269   131    10     1476   2694    -1   -10   -21   -64     9       65  248866  2354441 
 1529  4.75      84  264    51     4     1527   2643     0    -4   -22   -68     4       68  248865  2354437 
 1559  5.25      90  270    30     3     1557   2613     0    -3   -22   -71     2       71  248865  2354434 
 1590  5.00      81  261    31     3     1588   2582     0    -3   -22   -74     2       73  248865  2354431 
 1620  4.25      84  264    30     2     1618   2552     0    -2   -22   -76     2       75  248865  2354429 
 1652  4.00      80  260    32     2     1650   2520     0    -2   -23   -78     2       77  248864  2354427 
 1683  4.00      80  260    31     2     1680   2490     0    -2   -23   -80     2       79  248864  2354425 
 1714  3.25      81  261    31     2     1711   2459     0    -2   -23   -82     2       81  248864  2354423 
 1745  2.75      71  251    31     2     1742   2428     0    -2   -24   -84     2       82  248863  2354421 
 1777  2.00      71  251    32     1     1774   2396     0    -1   -24   -85     1       84  248863  2354420 
 1807  1.00      69  249    30     1     1804   2366     0    -1   -24   -86     1       84  248863  2354419 
 1870  0.75      70  110    63     1     1867   2303    -1     0   -25   -86     1       85  248862  2354419 
 1994  0.75      26  154   124     2     1991   2179    -1     1   -27   -85     0       85  248860  2354420 
 2117  1.00      28  208   123     2     2114   2056    -2     0   -28   -85     1       86  248859  2354420 
 2161  0.82      24  192    44     1     2158   2012    -1     0   -29   -85     1       86  248858  2354420 
 2173  0.77      23  188    12     0     2170   2000     0     0   -29   -85     0       86  248858  2354420 
 2241  0.50      16  164   124     2     2238   1932    -2     0   -30   -85     1       87  248857  2354420 
 2431  0.75      31  149   190     2     2428   1742    -2     1   -32   -84     0       87  248855  2354421 
 2556  1.00      31  149   125     2     2553   1617    -2     1   -34   -83     0       87  248853  2354422 
 2680  1.25      16  164   124     2     2677   1493    -2     1   -36   -82     0       88  248851  2354423 
 2763  2.00       4  184    83     2     2760   1410    -2     0   -38   -82     1       89  248849  2354423 
 2795  2.75      12  192    32     1     2792   1378    -1     0   -39   -82     1       90  248848  2354423 
 2826  3.50      24  204    31     2     2823   1347    -2    -1   -41   -83     1       91  248846  2354422 
 2857  4.25      28  208    31     2     2854   1316    -2    -1   -43   -83     2       93  248844  2354422 
 2889  5.00      33  213    32     3     2886   1284    -2    -1   -45   -85     2       95  248842  2354420 
 2958  5.75      49  229    69     6     2955   1215    -5    -4   -50   -89     6      102  248837  2354416 
 3049  7.25      53  233    90    10     3045   1125    -6    -8   -57   -97    10      112  248830  2354408 
 3142  8.00      53  233    92    12     3137   1033    -7   -10   -64  -107    12      124  248823  2354398 
 3163  8.02      53  233    21     3     3158   1012    -2    -2   -66  -109     3      127  248821  2354396 
 3175  8.03      53  233    12     2     3170   1000    -1    -1   -67  -111     2      129  248820  2354394 
 3423  8.25      56  236   278    40     3415    755   -23   -32   -87  -139    40      164  248800  2354366 
 3546  8.50      57  237   122    18     3537    633   -10   -15   -97  -154    18      182  248790  2354351 
 3669  9.25      59  239   122    19     3659    511   -10   -16  -107  -170    19      201  248780  2354335 
 3792  9.75      57  237   121    20     3780    390   -11   -17  -118  -187    20      221  248769  2354318 
 3919 10.25      55  235   125    22     3905    265   -12   -18  -130  -206    22      243  248757  2354299 
 4043 10.50      56  236   122    22     4027    143   -13   -18  -143  -224    22      265  248744  2354281 
 4166 10.50      52  232   121    22     4148     22   -13   -18  -156  -242    22      288  248731  2354263 
 4176 10.54      52  232    10     2     4158     12    -1    -1  -157  -244     2      290  248730  2354261 
 4188 10.59      52  232    12     2     4170      0    -1    -2  -158  -245     2      292  248729  2354260 
 4290 11.00      50  230   122    23     4270   -100   -15   -18  -170  -260    23      311  248717  2354245 
 4442 12.00      52  232   149    30     4419   -249   -19   -24  -190  -284    30      341  248697  2354221 
 4566 13.00      52  232   121    27     4540   -370   -17   -21  -206  -305    27      368  248681  2354200 
 4690 13.75      52  232   121    29     4660   -490   -18   -23  -224  -328    29      397  248663  2354177 
 4747 14.00      51  231    55    14     4716   -546    -9   -11  -232  -338    14      410  248655  2354167 
 4839 13.50      50  230    89    22     4805   -635   -14   -17  -246  -355    22      432  248641  2354150 
 4940 13.50      50  230    98    24     4903   -733   -15   -18  -261  -373    23      456  248626  2354132 
 5010 13.50      51  231    68    16     4971   -801   -10   -13  -272  -386    16      472  248615  2354119 
 5064 13.50      52  232   121    29     5024   -854   -18   -22  -279  -396    29      484  248608  2354109 
 5189 13.50      53  233   122    29     5145   -975   -18   -23  -297  -419    29      514  248590  2354086 
 5202 13.45      53  233    13     3     5158   -988    -2    -2  -299  -421     3      517  248588  2354084 
 5214 13.40      52  232    12     3     5170  -1000    -2    -2  -301  -423     3      519  248586  2354082 
 5312 13.00      49  229   120    28     5265  -1095   -18   -22  -315  -441    28      542  248572  2354064 
 5435 12.50      46  226   120    27     5385  -1215   -18   -20  -333  -461    27      569  248554  2354044 
 5562 13.00      46  226   124    28     5509  -1339   -19   -20  -353  -481    28      596  248534  2354024 
 5640 13.00      48  228    76    18     5585  -1415   -12   -13  -365  -494    17      614  248522  2354011 
 5789 13.25      48  228   145    34     5730  -1560   -23   -25  -387  -519    34      647  248500  2353986 
 5850 13.45      48  228    59    14     5789  -1619    -9   -10  -397  -529    14      661  248490  2353976 
 5916 13.66      49  229   124    30     5854  -1684   -20   -22  -407  -541    29      677  248480  2353964 
 5945 13.75      49  229   152    36     5882  -1712   -24   -27  -412  -546    36      683  248475  2353959 
 5980 13.70      49  229    34     8     5916  -1746    -5    -6  -417  -552     8      692  248470  2353953 
 6119 13.50      47  227   169    41     6051  -1881   -27   -30  -439  -577    41      724  248448  2353928 
 6212 14.00      42  222    90    22     6141  -1971   -16   -15  -455  -592    22      746  248432  2353913 
 6229 13.98      42  222    16     4     6158  -1988    -3    -3  -458  -595     4      750  248429  2353910 
 6242 13.96      42  222    13     3     6170  -2000    -2    -2  -460  -597     3      753  248427  2353908 
 6262 13.93      42  222    49    12     6190  -2020    -9    -8  -464  -600    12      758  248423  2353905 
 6401 13.75      42  222   183    45     6325  -2155   -34   -30  -488  -622    44      790  248399  2353883 
 6557 14.75      48  228   151    38     6476  -2306   -27   -27  -516  -650    38      828  248371  2353855 
 6712 15.00      54  234   150    40     6626  -2456   -25   -31  -541  -681    40      868  248346  2353824 
 6870 15.00      51  231   153    41     6778  -2608   -25   -32  -565  -713    41      908  248322  2353792 
 7027 14.75      49  229   152    40     6930  -2760   -26   -31  -591  -744    40      949  248296  2353761 
 7181 14.00      49  229   149    38     7079  -2909   -25   -29  -616  -773    38      987  248271  2353732 
 7262 14.22      48  228    79    20     7158  -2988   -13   -15  -630  -787    20     1006  248257  2353718 
 7275 14.25      48  228    13     3     7170  -3000    -2    -2  -632  -790     3     1009  248255  2353715 
 7369 14.50      46  226   182    46     7261  -3091   -31   -34  -648  -807    46     1032  248239  2353698 
 7493 14.00      44  224   120    31     7382  -3212   -22   -22  -669  -828    30     1063  248218  2353677 
 7657 12.25      47  227   160    37     7541  -3371   -26   -27  -695  -855    37     1099  248192  2353650 
 7970 14.00      39  219   305    71     7846  -3676   -52   -48  -747  -903    70     1169  248140  2353602 
 8289 10.69      38  218   312    68     8158  -3988   -53   -43  -801  -946    65     1234  248086  2353559 
 8301 10.57      38  218    12     2     8170  -4000    -2    -1  -802  -947     2     1236  248085  2353558 
 8452  9.00      38  218   472    96     8318  -4148   -75   -60  -823  -963    92     1261  248064  2353542 
 8580  9.00      38  218   126    20     8445  -4275   -16   -12  -838  -976    19     1280  248049  2353529 
