      WELL DATA SUMMARY                                                                                      
            
Well  BLM 88-20     
                         
Sec Az   90 EAST    
Elev   3889 KB      
CoordsNorth  245409 East              2360723 
                         Course               
  MD  Drift Drift D.Azim Length  DH     TVD     SSD    DNS   DEW   N-S   E-W  DSec    Sec     N-LAM E-LAM    
_____________________________________________________________________________________________________________
                                                                                                             
    0  0.00      31   31                        3889     0     0     0     0     0        0  245409  2360723 
  209  0.75      31   31   209     1      209   3680     1     1     1     1     1        1  245410  2360724 
  361  0.75      61   61   152     2      361   3528     1     1     3     2     1        2  245412  2360725 
  454  0.75      64  116    93     1      454   3435     0     1     3     3     1        3  245412  2360726 
  500  0.84      63  117    46     1      500   3389     0     1     2     4     1        4  245411  2360727 
  582  1.00      62  118   128     2      582   3307    -1     2     2     5     2        5  245411  2360728 
  699  1.00      61  119   117     2      699   3190    -1     2     1     7     2        7  245410  2360730 
  811  0.75      38  142   112     2      811   3078    -1     1     0     8     1        8  245409  2360731 
  889  0.75      73  107    78     1      889   3000    -1     1    -1     9     1        9  245408  2360732 
  908  0.75      81   99    97     1      908   2981    -1     1    -1     9     1        9  245408  2360732 
 1000  0.75      73  107    92     1     1000   2889     0     1    -1    10     1       10  245408  2360733 
 1040  0.75      69  111   132     2     1040   2849     0     2    -1    11     2       11  245408  2360734 
 1158  0.75      88   88   118     2     1158   2731     0     2    -2    12     2       12  245407  2360735 
 1291  0.75      37  323   133    -2     1291   2598     2     1     0    13     1       13  245409  2360736 
 1418  1.00      46  314   127     2     1418   2471     1    -1     1    12    -1       12  245410  2360735 
 1500  0.83      72  288    82     1     1500   2389     1    -1     2    11    -1       11  245411  2360734 
 1541  0.75      85  275   123     2     1541   2348     1    -2     2    10    -2       10  245411  2360733 
 1658  0.75      72  288   117     2     1658   2231     0    -2     2     9    -2        9  245411  2360732 
 1768  0.75      26  154   110     1     1768   2121    -1    -1     1     8    -1        8  245410  2360731 
 1884  0.75      11  169   116     2     1884   2005    -1     0     0     8     0        8  245409  2360731 
 1889  0.76      13  167     5     0     1889   2000     0     0     0     8     0        8  245409  2360731 
 2000  0.98      48  132   116     2     2000   1889    -2     1    -2     9     1        9  245407  2360732 
 2009  1.00      51  129   125     2     2009   1880    -2     1    -2     9     1        9  245407  2360732 
 2106  0.75      36  144    97     1     2106   1783    -1     1    -3    10     1       10  245406  2360733 
 2240  0.75      64  116   134     2     2240   1649    -1     1    -4    12     1       12  245405  2360735 
 2386  0.75      58  122   146     2     2386   1503    -1     2    -5    13     2       13  245404  2360736 
 2461  2.00      72  108    75     2     2461   1428    -1     2    -6    15     2       15  245403  2360738 
 2493  2.75      77  103    32     1     2493   1396     0     1    -6    16     1       16  245403  2360739 
 2500  2.86      77  103     7     0     2500   1389     0     0    -6    17     0       17  245403  2360740 
 2524  3.25      76  104    31     2     2524   1365     0     2    -6    18     2       18  245403  2360741 
 2556  4.00      73  107    32     2     2556   1333    -1     2    -7    20     2       20  245402  2360743 
 2587  4.25      81   99    31     2     2587   1302    -1     2    -7    22     2       22  245402  2360745 
 2650  4.75      87   93    63     5     2649   1240    -1     5    -8    27     5       27  245401  2360750 
 2680  5.00      80  100    30     3     2679   1210     0     3    -8    29     3       29  245401  2360752 
 2711  5.50      78  102    31     3     2710   1179    -1     3    -9    32     3       32  245400  2360755 
 2741  5.25      84   96    30     3     2740   1149     0     3    -9    35     3       35  245400  2360758 
 2797  6.00      89   91    56     5     2796   1093     0     5   -10    40     5       40  245399  2360763 
 2833  6.25      90   90    36     4     2832   1057     0     4   -10    44     4       44  245399  2360767 
 2864  7.00      88   88    31     4     2862   1027     0     4   -10    48     4       48  245399  2360771 
 2891  7.44      86   86    27     3     2889   1000     0     3    -9    51     3       51  245400  2360774 
 2895  7.50      86   86    31     4     2893    996     0     4    -9    52     4       52  245400  2360775 
 2926  8.25      85   85    31     4     2924    965     0     4    -9    56     4       56  245400  2360779 
 2958  8.75      87   87    32     5     2955    934     0     5    -9    61     5       61  245400  2360784 
 2990  9.50      86   86    32     5     2987    902     0     5    -8    66     5       66  245401  2360789 
 3000  9.74      85   85    10     2     2997    892     0     2    -8    67     2       67  245401  2360790 
 3021 10.25      84   84    31     5     3018    871     0     5    -8    71     5       71  245401  2360794 
 3052 10.75      83   83    30     6     3048    841     1     6    -7    77     6       77  245402  2360800 
 3084 11.25      82   82    31     6     3079    810     1     6    -6    83     6       83  245403  2360806 
 3115 12.00      82   82    30     6     3110    779     1     6    -6    89     6       89  245403  2360812 
 3147 12.25      83   83    31     7     3141    748     1     7    -5    96     7       96  245404  2360819 
 3201 13.00      86   86    53    12     3194    695     1    12    -4   107    12      107  245405  2360830 
 3293 16.00      86   86    89    23     3283    606     2    23    -2   130    23      130  245407  2360853 
 3389 17.75      86   86    92    28     3375    514     2    28     0   158    28      158  245409  2360881 
 3480 19.75      85   85    86    29     3461    428     2    29     2   187    29      187  245411  2360910 
 3500 20.13      85   85    19     7     3480    409     1     7     3   194     7      194  245412  2360917 
 3572 21.50      85   85    86    32     3547    342     3    32     5   220    32      220  245414  2360943 
 3669 22.75      83   83    90    37     3637    252     4    36     9   256    36      256  245418  2360979 
 3762 24.75      79   79    85    37     3722    167     6    37    15   293    37      293  245424  2361016 
 3828 24.75      80   80    60    28     3782    107     5    27    20   320    27      320  245429  2361043 
 3921 24.25      80   80    85    39     3867     22     7    38    26   358    38      358  245435  2361081 
 3946 24.05      80   80    23    10     3889      0     2    10    28   368    10      368  245437  2361091 
 4000 23.62      79   79    72    32     3939    -50     6    32    32   390    32      390  245441  2361113 
 4015 23.50      79   79    86    38     3952    -63     7    37    33   395    37      395  245442  2361118 
 4069 23.50      80   80    50    22     4002   -113     4    21    37   417    21      417  245446  2361140 
 4101 23.50      81   81    29    13     4031   -142     2    13    39   429    13      429  245448  2361152 
 4133 23.50      81   81    29    13     4061   -172     2    13    41   442    13      442  245450  2361165 
 4258 24.50      89   89   114    51     4175   -286     4    51    46   492    51      492  245455  2361215 
 4394 25.25      87   93   123    57     4298   -409    -1    57    45   550    57      550  245454  2361273 
 4488 23.25      86   94    86    39     4384   -495    -2    39    43   588    39      588  245452  2361311 
 4500 23.33      86   94    11     5     4395   -506     0     5    42   593     5      593  245451  2361316 
 4568 23.75      86   94    73    32     4457   -568    -2    32    40   620    32      620  245449  2361343 
 4646 24.75      86   94    71    32     4528   -639    -2    32    38   652    32      652  245447  2361375 
 4719 26.25      86   94    66    31     4594   -705    -2    31    36   683    31      683  245445  2361406 
 4813 26.00      89   91    84    41     4679   -790    -2    41    34   725    41      725  245443  2361448 
 4878 26.75      88   92    58    29     4737   -848    -1    29    33   753    29      753  245442  2361476 
 4977 26.25      87   93    89    44     4826   -937    -2    44    31   798    44      798  245440  2361521 
 5000 26.13      87   93    21    10     4846   -957    -1    10    31   808    10      808  245440  2361531 
 5048 25.87      87   93    43    21     4889  -1000    -1    21    30   829    21      829  245439  2361552 
 5258 24.75      86   94   254   121     5079  -1190    -7   121    24   918   121      918  245433  2361641 
 5350 24.00      90   90    84    38     5163  -1274    -1    38    23   956    38      956  245432  2361679 
 5455 25.00      87   93    96    44     5259  -1370    -1    44    22  1000    44     1000  245431  2361723 
 5500 25.00      87   93    41    19     5299  -1410    -1    19    21  1019    19     1019  245430  2361742 
 5580 25.00      88   92   113    53     5372  -1483    -2    53    19  1053    53     1053  245428  2361776 
 5709 25.00      88   92   117    55     5489  -1600    -2    54    17  1107    54     1107  245426  2361830 
 5731 25.08      88   92    20     9     5509  -1620     0     9    17  1116     9     1116  245426  2361839 
 5844 25.50      87   93   122    58     5611  -1722    -3    58    15  1165    58     1165  245424  2361888 
 5961 24.50      88   92   106    49     5717  -1828    -2    49    13  1214    49     1214  245422  2361937 
 6000 24.34      88   92    36    16     5752  -1863    -1    16    12  1230    16     1230  245421  2361953 
 6084 24.00      88   92   112    51     5829  -1940    -2    50    11  1265    50     1265  245420  2361988 
 6149 23.55      89   91    59    26     5889  -2000    -1    26    10  1291    26     1291  245419  2362014 
 6228 23.00      90   90   132    57     5961  -2072    -1    57    10  1322    57     1322  245419  2362045 
 6305 22.75      88   88    71    30     6032  -2143     1    30    10  1352    30     1352  245419  2362075 
 6394 23.00      89   89    82    35     6114  -2225     1    35    11  1386    35     1386  245420  2362109 
 6487 24.25      89   89    85    37     6199  -2310     1    37    12  1424    37     1424  245421  2362147 
 6500 24.70      89   89    12     5     6211  -2322     0     5    12  1429     5     1429  245421  2362152 
 6580 27.50      88   88    84    41     6283  -2394     1    41    13  1464    41     1464  245422  2362187 
 6698 29.00      88   88   104    56     6387  -2498     2    56    15  1520    56     1520  245424  2362243 
 6770 29.00      88   88    63    35     6450  -2561     1    35    16  1555    35     1555  245425  2362278 
 6885 29.00      86   86   101    56     6550  -2661     3    56    19  1611    56     1611  245428  2362334 
 6928 29.00      86   86    38    21     6588  -2699     1    21    21  1631    21     1631  245430  2362354 
 7000 29.72      86   86    63    35     6651  -2762     2    35    23  1667    35     1667  245432  2362390 
 7028 30.00      86   86    87    49     6675  -2786     3    49    24  1681    49     1681  245433  2362404 
 7122 30.00      85   85    81    47     6756  -2867     4    47    28  1727    47     1727  245437  2362450 
 7216 30.25      85   85    81    47     6838  -2949     4    47    32  1774    47     1774  245441  2362497 
 7275 30.41      85   85    51    30     6889  -3000     3    30    34  1804    30     1804  245443  2362527 
 7310 30.50      85   85    81    48     6919  -3030     4    47    36  1822    47     1822  245445  2362545 
 7407 30.50      85   85    84    49     7002  -3113     4    49    40  1871    49     1871  245449  2362594 
 7500 30.01      82   82    80    47     7083  -3194     5    47    46  1917    47     1917  245455  2362640 
 7501 30.00      82   82    81    47     7084  -3195     5    47    46  1918    47     1918  245455  2362641 
 7596 29.00      81   81    83    47     7166  -3277     7    46    53  1964    46     1964  245462  2362687 
 7691 28.50      80   80    83    46     7250  -3361     8    45    60  2009    45     2009  245469  2362732 
 7785 28.25      79   79    83    45     7332  -3443     8    44    68  2053    44     2053  245477  2362776 
 7880 27.00      79   79    84    44     7417  -3528     8    43    77  2096    43     2096  245486  2362819 
 8000 25.68      78   78   108    53     7524  -3635    11    52    87  2149    52     2149  245496  2362872 
 8016 25.50      78   78   122    60     7538  -3649    12    59    89  2155    59     2155  245498  2362878 
 8093 24.25      81   81    70    32     7608  -3719     6    32    95  2187    32     2187  245504  2362910 
 8154 24.25      81   81    56    25     7664  -3775     4    25    98  2212    25     2212  245507  2362935 
                                                                                                             
                                                                                                             
                                                                                                             
                                                                                                             
                                                                                                             
                                                                                                             
                                                                                                             
                                                                                                             
                                                                                                             
                                                                                                             
                                                                                                             
                                                                                                             
                                                                                                             
                                                                                                             
                                                                                                             
                                                                                                             
                                                                                                             
                                                                                                             
                                                                                                             
                                                                                                             
                                                                                                             
                                                                                                             
                                                                                                             
                                                                                                             
                                                                                                             
                                                                                                             
                                                                                                             
                                                                                                             
                                                                                                             
                                                                                                             
                                                                                                             
                                                                                                             
                                                                                                             
                                                                                                             
                                                                                                             
                                                                                                             
                                                                                                             
                                                                                                             
                                                                                                             
                                                                                                             
                                                                                                             
                                                                                                             
                                                                                                             
                                                                                                             
                                                                                                             
                                                                                                             
                                                                                                             
                                                                                                             
                                                                                                             
                                                                                                             
                                                                                                             
                                                                                                             
                                                                                                             
                                                                                                             
                                                                                                             
                                                                                                             
                                                                                                             
                                                                                                             
                                                                                                             
                                                                                                             
                                                                                                             
                                                                                                             
                                                                                                             
                                                                                                             
                                                                                                             
                                                                                                             
                                                                                                             
                                                                                                             
                                                                                                             
                                                                                                             
                                                                                                             
                                                                                                             
                                                                                                             
                                                                                                             
                                                                                                             
                                                                                                             
                                                                                                             
                                                                                                             
                                                                                                             
                                                                                                             
                                                                                                             
                                                                                                             
                                                                                                             
                                                                                                             
                                                                                                             
                                                                                                             
                                                                                                             
                                                                                                             
                                                                                                             
                                                                                                             
                                                                                                             
                                                                                                             
                                                                                                             
                                                                                                             
