      WELL DATA SUMMARY                                                                                   
            
Well  BLM 35-20     
                         
Sec Az  242         
Elev   4048 KB      
CoordsNorth  246568 East              2357440 
                         Course               
  MD  Drift Drift D. AzimLength  DH     TVD     SSD    DNS   DEW   N-S   E-W  DSec   Sec      N-L   E-LAM 
__________________________________________________________________________________________________________
                                                                                                          
    0  0.00      48  228                        4048     0     0     0     0     0     0  246568  2357440 
   48  0.08      48  228    48     0       48   4000     0     0     0     0     0     0  246568  2357440 
  146  0.25      48  228   146     0      146   3902     0     0     0     0     0     0  246568  2357440 
  320  0.50      48  228   174     1      320   3728    -1    -1    -1    -1     1     1  246567  2357439 
  435  0.50      48  228   115     1      435   3613    -1    -1    -2    -2     1     2  246566  2357438 
  500  0.84      48  228    65     1      500   3548    -1    -1    -2    -2     1     3  246566  2357438 
  578  1.25      48  228    78     1      578   3470    -1    -1    -3    -3     1     5  246565  2357437 
  734  1.25      49  229   156     3      734   3314    -2    -3    -5    -6     3     8  246563  2357434 
  914  1.00      49  229   180     4      914   3134    -2    -3    -8    -9     3    11  246560  2357431 
 1000  1.27      54  234    86     2     1000   3048    -1    -1    -9   -10     2    13  246559  2357430 
 1048  1.42      57  237    48     1     1048   3000    -1    -1    -9   -11     1    14  246559  2357429 
 1072  1.50      59  239    72     2     1072   2976    -1    -1   -10   -11     2    15  246558  2357429 
 1226  1.25      82  262   154     4     1226   2822    -1    -3   -11   -15     4    18  246557  2357425 
 1383  1.00      74  254   157     3     1383   2665    -1    -3   -12   -18     3    21  246556  2357422 
 1500  1.38      76  256   117     2     1500   2548    -1    -2   -12   -20     2    24  246556  2357420 
 1536  1.50      76  256    36     1     1536   2512     0    -1   -12   -21     1    25  246556  2357419 
 1691  2.25      88  268   155     5     1691   2357    -1    -5   -13   -26     5    29  246555  2357414 
 1782  2.00      71  251    91     3     1782   2266    -1    -3   -14   -30     3    33  246554  2357410 
 1905  2.50      76  256   123     5     1905   2143    -1    -5   -15   -34     5    37  246553  2357406 
 2000  3.15      79  259    95     5     1999   2049    -1    -5   -16   -39     5    42  246552  2357401 
 2015  3.25      80  260    15     1     2014   2034     0    -1   -16   -40     1    43  246552  2357400 
 2049  3.25      78  258    34     2     2048   2000     0    -2   -17   -41     2    44  246551  2357399 
 2154  3.25      73  253   139     8     2153   1895    -2    -8   -18   -47     8    50  246550  2357393 
 2278  3.00      65  245   124     7     2277   1771    -2    -6   -21   -54     7    57  246547  2357386 
 2431  3.25      68  248   153     8     2430   1618    -3    -8   -24   -61     8    65  246544  2357379 
 2500  3.25      69  249    69     4     2499   1549    -1    -4   -25   -65     4    69  246543  2357375 
 2536  3.25      69  249    36     2     2535   1513    -1    -2   -26   -67     2    71  246542  2357373 
 2659  3.75      78  258   123     8     2657   1391    -2    -7   -28   -74     7    78  246540  2357366 
 2720  4.25      71  251    61     4     2718   1330    -1    -4   -29   -78     4    83  246539  2357362 
 2833  4.75      73  253   113     9     2831   1217    -3    -8   -32   -86     9    91  246536  2357354 
 2924  4.75      68  248    91     8     2922   1126    -3    -7   -35   -94     7    99  246533  2357346 
 3000  5.15      74  254    76     7     2997   1051    -2    -6   -37  -100     6   105  246531  2357340 
 3018  5.25      75  255    18     2     3015   1033     0    -2   -37  -101     2   107  246531  2357339 
 3051  5.25      75  255    33     3     3048   1000    -1    -3   -38  -104     3   110  246530  2357336 
 3109  5.25      76  256    91     8     3106    942    -2    -8   -39  -109     8   115  246529  2357331 
 3201  5.50      73  253    92     9     3197    851    -2    -8   -42  -118     8   123  246526  2357322 
 3294  6.00      76  256    93     9     3290    758    -2    -9   -44  -127     9   133  246524  2357313 
 3387  6.00      73  253    92    10     3382    666    -3    -9   -47  -136     9   142  246521  2357304 
 3450  5.75      73  253    63     6     3445    603    -2    -6   -49  -142     6   148  246519  2357298 
 3481  4.50      70  250    31     3     3476    572    -1    -3   -49  -145     3   151  246519  2357295 
 3500  4.07      62  242    19     1     3495    553    -1    -1   -50  -146     1   152  246518  2357294 
 3536  3.25      46  226    36     2     3531    517    -1    -2   -51  -148     2   155  246517  2357292 
 3788  3.25      50  230   252    14     3782    266   -10   -11   -61  -159    14   169  246507  2357281 
 3874  3.25      50  230    86     5     3868    180    -3    -4   -64  -162     5   173  246504  2357278 
 4000  3.65      49  229   126     8     3994     54    -5    -6   -69  -168     7   181  246499  2357272 
 4030  3.75      49  229    30     2     4024     24    -1    -1   -70  -170     2   183  246498  2357270 
 4054  3.75      50  230    24     2     4048      0    -1    -1   -71  -171     2   184  246497  2357269 
 4134  3.75      53  233   104     7     4128    -80    -4    -5   -74  -175     7   189  246494  2357265 
 4233  4.25      49  229    99     7     4227   -179    -4    -5   -79  -180     7   196  246489  2357260 
 4326  4.75      44  224    93     7     4319   -271    -5    -5   -84  -186     7   203  246484  2357254 
 4370  4.88      44  224    44     4     4363   -315    -3    -3   -87  -188     4   207  246481  2357252 
 4414  5.00      44  224    44     4     4407   -359    -3    -3   -89  -191     4   210  246479  2357249 
 4500  5.00      44  224    86     7     4493   -445    -5    -5   -95  -196     7   217  246473  2357244 
 4545  5.00      44  224    45     4     4537   -489    -3    -3   -97  -199     4   221  246471  2357241 
 4550  5.03      44  224     5     0     4542   -494     0     0   -98  -199     0   222  246470  2357241 
 4661  5.75      45  225   111    10     4653   -605    -7    -7  -105  -206    10   232  246463  2357234 
 4884  6.50      60  240   222    24     4875   -827   -14   -19  -120  -225    23   255  246448  2357215 
 5000  7.07      62  242   115    14     4990   -942    -7   -12  -126  -237    14   269  246442  2357203 
 5059  7.37      63  243    59     7     5048  -1000    -3    -7  -130  -244     7   276  246438  2357196 
 5123  7.68      65  245   122    16     5112  -1064    -7   -14  -133  -251    16   284  246435  2357189 
 5167  8.50      62  242    44     6     5155  -1107    -3    -6  -136  -257     6   291  246432  2357183 
 5234  8.23      67  247    66    10     5222  -1174    -4    -9  -140  -266    10   300  246428  2357174 
 5288  8.50      68  248    53     8     5275  -1227    -3    -7  -143  -273     8   308  246425  2357167 
                                                                                                          
                                                                                                          
                                                                                                          
                                                                                                          
                                                                                                          
                                                                                                          
                                                                                                          
                                                                                                          
                                                                                                          
                                                                                                          
                                                                                                          
                                                                                                          
                                                                                                          
                                                                                                          
                                                                                                          
                                                                                                          
                                                                                                          
                                                                                                          
                                                                                                          
                                                                                                          
                                                                                                          
                                                                                                          
                                                                                                          
                                                                                                          
                                                                                                          
                                                                                                          
                                                                                                          
                                                                                                          
                                                                                                          
                                                                                                          
                                                                                                          
                                                                                                          
                                                                                                          
                                                                                                          
                                                                                                          
                                                                                                          
                                                                                                          
                                                                                                          
                                                                                                          
                                                                                                          
                                                                                                          
                                                                                                          
                                                                                                          
                                                                                                          
                                                                                                          
                                                                                                          
                                                                                                          
                                                                                                          
                                                                                                          
                                                                                                          
                                                                                                          
                                                                                                          
                                                                                                          
                                                                                                          
                                                                                                          
                                                                                                          
                                                                                                          
                                                                                                          
                                                                                                          
                                                                                                          
                                                                                                          
                                                                                                          
                                                                                                          
                                                                                                          
                                                                                                          
                                                                                                          
                                                                                                          
                                                                                                          
                                                                                                          
                                                                                                          
                                                                                                          
                                                                                                          
                                                                                                          
                                                                                                          
                                                                                                          
                                                                                                          
                                                                                                          
                                                                                                          
                                                                                                          
                                                                                                          
                                                                                                          
                                                                                                          
                                                                                                          
                                                                                                          
                                                                                                          
                                                                                                          
                                                                                                          
                                                                                                          
                                                                                                          
                                                                                                          
                                                                                                          
                                                                                                          
                                                                                                          
                                                                                                          
                                                                                                          
                                                                                                          
                                                                                                          
                                                                                                          
                                                                                                          
                                                                                                          
                                                                                                          
                                                                                                          
                                                                                                          
                                                                                                          
                                                                                                          
                                                                                                          
                                                                                                          
                                                                                                          
                                                                                                          
                                                                                                          
                                                                                                          
                                                                                                          
                                                                                                          
                                                                                                          
                                                                                                          
                                                                                                          
                                                                                                          
                                                                                                          
                                                                                                          
                                                                                                          
                                                                                                          
                                                                                                          
                                                                                                          
                                                                                                          
                                                                                                          
                                                                                                          
                                                                                                          
                                                                                                          
                                                                                                          
                                                                                                          
                                                                                                          
                                                                                                          
                                                                                                          
                                                                                                          
                                                                                                          
                                                                                                          
                                                                                                          
                                                                                                          
                                                                                                          
                                                                                                          
