      WELL DATA SUMMARY                                                                                                                                                                                                      
            
Well  NAVY I 78B-6ST
                         
Sec Az  320 N40W    
Elev   4181 KB      
CoordsNorth  260600 East              2354229 
                         Course               
  MD  Drift Drift D. AzimLength  DH     TVD     SSD    DNS   DEW   N-S   E-W  DSec   Sec    N-LAM E-LAM    
___________________________________________________________________________________________________________
                                                                                                                                                                                                                             
    0  0.00       0   32     0     0        0   4181     0     0     0     0     0      0  260600  2354229                                                                                                                   
  132  0.50      32   32   132     1      132   4049     0     0     0     0     0      0  260600  2354229                                                                                                                   
  181  0.61      46  143    49     0      181   4000     0     0     1     1     0      0  260601  2354230 
  200  0.65      52  186    19     0      200   3981     0     0     0     1     0      0  260600  2354230 
  248  0.75      66  294   116    -1      248   3933     1     0     2     0     1      1  260602  2354229                                                                                                                   
  337  1.25      89  271    89     2      337   3844     0    -2     2    -2     1      3  260602  2354227                                                                                                                   
  425  1.00      86  274    88     2      425   3756     0    -2     2    -3     1      4  260602  2354226                                                                                                                   
  509  0.75      81  279    84     1      509   3672     0    -1     2    -5     1      5  260602  2354224                                                                                                                   
  610  0.75      71  289   101     1      610   3571     0    -1     3    -6     1      6  260603  2354223                                                                                                                   
  760  1.00      43  317   150     2      760   3421     1    -2     4    -8     2      8  260604  2354221                                                                                                                   
  875  1.00      52  308   115     2      875   3306     1    -1     5    -9     2     10  260605  2354220                                                                                                                   
  926  2.25      62  298    51     1      926   3255     1    -1     6   -10     1     11  260606  2354219                                                                                                                   
  957  3.00      56  304    31     1      957   3224     1    -1     7   -12     1     13  260607  2354217                                                                                                                   
  968  3.25      59  301    11     1      968   3213     0    -1     7   -12     1     13  260607  2354217 
 1000  3.73      63  297    32     2     1000   3181     1    -2     8   -14     2     15  260608  2354215 
 1005  3.81      63  297     5     0     1005   3176     0     0     8   -14     0     15  260608  2354215 
 1018  4.00      65  295    50     3     1018   3163     1    -3     9   -15     3     16  260609  2354214                                                                                                                   
 1097  4.75      41  319    79     6     1097   3084     4    -5    12   -20     6     22  260612  2354209                                                                                                                   
 1173  5.75      58  302    76     7     1172   3009     5    -5    17   -25     7     29  260617  2354204 
 1182  5.68      59  301     9     1     1181   3000     0    -1    17   -26     1     30  260617  2354203 
 1203  5.50      61  299    21     2     1202   2979     1    -2    18   -28     2     32  260618  2354201 
 1204  5.50      61  299    31     3     1203   2978     2    -3    18   -28     3     32  260618  2354201                                                                                                                   
 1254  5.75      58  302    50     5     1253   2928     2    -4    21   -32     5     36  260621  2354197                                                                                                                   
 1348  6.00      62  298    94    10     1346   2835     5    -8    25   -40     9     45  260625  2354189                                                                                                                   
 1440  6.00      62  298    91    10     1438   2743     5    -8    30   -49     9     54  260630  2354180                                                        2743        1346  1348    25   -40    45  0.00 
 1534  5.75      63  297    94    10     1531   2650     4    -9    34   -57     9     63  260634  2354172                                                                                                                   
 1593  6.00      60  300    59     6     1590   2591     3    -5    37   -63     6     69  260637  2354166                                                                                                                   
 1687  5.50      58  302    94     9     1684   2497     5    -8    42   -71     9     78  260642  2354158 
 1779  6.00      58  302    92     9     1775   2406     5    -8    47   -78     9     87  260647  2354151                                                                                                                   
 1825  6.25      66  294    46     5     1821   2360     2    -4    49   -83     5     91  260649  2354146 
 1902  6.50      70  290    77     9     1897   2284     3    -8    53   -91     8     99  260653  2354138 
 2027  6.50      67  293   124    14     2022   2159     5   -13    58  -104    12    111  260658  2354125                                                                                                                   
 2104  6.50      66  294    77     9     2098   2083     3    -8    61  -112     8    119  260661  2354117 
 2105  6.50      66  294    77     9     2099   2082     4    -8    61  -112     8    119  260661  2354117 
 2150  6.50      65  295   122    14     2144   2037     6   -13    63  -117    13    124  260663  2354112                                                                                                                   
 2188  6.50      65  295    38     4     2181   2000     2    -4    65  -121     4    127  260665  2354108 
 2304  6.50      63  297   153    17     2297   1884     8   -16    71  -132    16    139  260671  2354097                                                                                                                   
 2362  6.25      64  296    58     6     2354   1827     3    -6    74  -138     6    145  260674  2354091                                                                                                                   
 2378  6.20      61  299    16     2     2370   1811     1    -2    75  -140     2    147  260675  2354089 
 2394  6.15      59  301    16     2     2386   1795     1    -1    76  -141     2    149  260676  2354088 
 2405  6.12      57  303    12     1     2398   1783     1    -1    76  -142     1    150  260676  2354087 
 2445  6.00      51  309    83     9     2437   1744     5    -7    79  -146     8    154  260679  2354083 
 2450  5.97      51  309     5     1     2442   1739     0     0    79  -146     1    154  260679  2354083 
 2504  5.69      52  308    54     6     2496   1685     3    -4    82  -150     5    160  260682  2354079 
 2540  5.50      53  307    95    10     2531   1650     6    -8    85  -153     9    163  260685  2354076 
 2553  5.56      54  306    13     1     2544   1637     1    -1    85  -154     1    164  260685  2354075 
 2605  5.79      56  304    52     5     2596   1585     3    -4    88  -158     5    169  260688  2354071 
 2653  6.00      58  302   112    11     2644   1537     6    -9    91  -162    11    174  260691  2354067                                                                                                                   
 2704  6.25      58  302    51     5     2695   1486     3    -5    94  -167     5    179  260694  2354062                                                                                                                   
 2735  6.50      52  308    31     3     2725   1456     2    -3    96  -170     3    183  260696  2354059                                                                                                                   
 2796  6.25      41  319    61     7     2786   1395     5    -5   100  -175     7    189  260700  2354054                                                                                                                   
 2900  8.50      35  325   103    13     2889   1292    11    -8   111  -183    13    203  260711  2354046                                                                                                                   
 2902  8.50      35  325     3     0     2892   1289     0     0   111  -183     0    203  260711  2354046 
 2969  8.50      35  325    68    10     2957   1224     8    -6   119  -189    10    213  260719  2354040 
 2991  8.50      35  325    90    13     2979   1202    11    -8   122  -191    13    216  260722  2354038                                                                                                                   
 3004  7.79      32  298    13     2     2993   1188     1    -1   123  -192     2    218  260723  2354037 
 3062  4.81      20  184    71     8     3050   1131    -2    -8   120  -199     3    219  260720  2354030 
 3085  3.62      15  138    23     2     3073   1108    -2     1   118  -198    -2    218  260718  2354031 
 3105  6.78      28  259    20     2     3093   1088    -2    -1   117  -199    -1    217  260717  2354030 
 3116  8.50      35  325   124    18     3103   1078    15   -11   137  -201    18    234  260737  2354028                                                                                                                   
 3195  8.50      37  323    78    12     3181   1000     9    -7   147  -208    12    246  260747  2354021 
 3205  8.50      37  323    10     2     3191    990     1    -1   148  -209     2    248  260748  2354020 
 3282  8.50      38  322    86    13     3267    914    10    -8   157  -216    13    259  260757  2354013 
 3306  8.50      39  321    24     4     3291    890     3    -2   160  -218     4    262  260760  2354011 
 3364  8.50      40  320   245    37     3348    833    29   -22   166  -224    37    271  260766  2354005                                                                                                                   
 3488  8.50      32  328   123    18     3471    710    15   -11   181  -234    18    289  260781  2353995                                                                                                                   
 3610  9.00      37  323   121    19     3591    590    15   -11   196  -245    18    308  260796  2353984                                                                                                                   
 3737  9.00      33  327   125    20     3717    464    16   -11   213  -256    20    328  260813  2353973                                                                                                                   
 3851  8.75      31  329   113    18     3829    352    15    -9   228  -266    17    345  260828  2353963                                                                                                                   
 3981  8.75      30  330   128    20     3958    223    17   -10   245  -276    20    365  260845  2353953                                                             /ma111..ak200~a115~           CCCCCC{GOTO}a1~/fcceinsert1~  
 4105  9.00      31  329   123    19     4080    101    16   -10   261  -285    19    383  260861  2353944                                                                                                                   
 4201  8.81      32  328    96    15     4176      5    13    -8   274  -293    15    398  260874  2353936 
 4207  8.79      32  328   101    16     4181      0    13    -8   275  -294    16    399  260875  2353935 
 4229  8.75      32  328   123    19     4203    -22    16   -10   277  -295    19    402  260877  2353934                                                                                                                   
 4289  8.38      31  330    59     9     4262    -81     8    -5   285  -300     9    411  260885  2353929 
 4302  8.30      31  331    13     2     4275    -94     2    -1   287  -301     2    413  260887  2353928 
 4352  8.00      30  333   122    18     4325   -144    16    -9   293  -304    18    420  260893  2353925                                                                                                                   
 4475  8.50      33  327   122    18     4446   -265    15    -9   308  -313    17    437  260908  2353916                                                                                                                   
 4568  8.75      41  319    92    14     4538   -357    11    -8   319  -321    14    451  260919  2353908                                                                                                                   
 4662  8.50      41  319    93    14     4631   -450    11    -9   330  -331    14    465  260930  2353898                                                                                                                   
 4788  8.75      40  320   125    19     4756   -575    14   -12   344  -343    19    484  260944  2353886                                                                                                                   
 4945  9.00      45  315   155    24     4911   -730    18   -16   362  -359    24    508  260962  2353870                                                                                                                   
 5002  9.00      47  313    56     9     4967   -786     6    -6   368  -366     9    517  260968  2353863                                                                                                                   
 5102  8.75      46  314    99    15     5066   -885    11   -11   379  -377    15    533  260979  2353852                                                                                                                   
 5218  9.23      48  312   115    18     5181  -1000    12   -13   391  -390    18    551  260991  2353839 
 5223  9.25      48  312   120    19     5185  -1004    13   -14   392  -391    19    551  260992  2353838                                                                                                                   
 5351  9.00      48  312   126    20     5312  -1131    14   -15   406  -406    20    572  261006  2353823                                                                                                                   
 5405  9.00      48  312    54     8     5365  -1184     6    -6   411  -412     8    580  261011  2353817 
 5430  9.00      48  312    78    12     5390  -1209     8    -9   414  -415    12    584  261014  2353814 
 5446  9.00      48  312    94    15     5406  -1225    10   -11   416  -417    15    586  261016  2353812                                                                                                                   
 5544  9.50      46  314    97    16     5502  -1321    11   -12   426  -428    16    602  261026  2353801                                                                                                                   
 5557  9.50      46  314    13     2     5515  -1334     1    -2   428  -430     2    604  261028  2353799 
 5600  9.50      46  314    43     7     5558  -1377     5    -5   433  -435     7    611  261033  2353794 
 5671  9.50      45  315   125    21     5628  -1447    15   -15   441  -443    21    623  261041  2353786                                                                                                                   
 5701  9.42      45  315    30     5     5658  -1477     4    -4   445  -447     5    628  261045  2353782 
 5786  9.20      47  313   113    19     5741  -1560    13   -13   454  -457    19    641  261054  2353772 
 5801  9.16      47  313    15     2     5756  -1575     2    -2   456  -458     2    644  261056  2353771 
 5862  9.00      48  312   189    31     5816  -1635    21   -22   462  -466    31    653  261062  2353763                                                                                                                   
 5905  8.55      47  313    43     7     5859  -1678     4    -5   467  -470     7    660  261067  2353759 
 5958  8.00      46  314    95    14     5911  -1730    10   -10   472  -476    14    667  261072  2353753                                                                                                                   
 6000  8.22      47  313    42     6     5953  -1772     4    -4   476  -480     6    673  261076  2353749 
 6002  8.23      47  313    44     6     5955  -1774     4    -5   476  -480     6    673  261076  2353749 
 6053  8.50      48  312    94    14     6005  -1824     9   -10   481  -486    14    681  261081  2353743                                                                                                                   
 6213  7.75      44  316   158    23     6164  -1983    16   -16   497  -502    22    703  261097  2353727                                                                                                                   
 6231  7.75      44  316    18     2     6181  -2000     2    -2   499  -504     2    706  261099  2353725 
 6341  7.75      43  317   109    15     6290  -2109    11   -10   509  -514    15    721  261109  2353715 
 6392  7.75      43  317   177    24     6341  -2160    18   -17   514  -519    24    727  261114  2353710                                                                                                                   
 6469  7.75      44  316    76    10     6417  -2236     8    -7   522  -526    10    738  261122  2353703                                                                                                                   
 6558  7.75      44  316    88    12     6505  -2324     9    -8   530  -534    12    750  261130  2353695                                                                                                                   
 6685  7.50      59  301   126    17     6631  -2450    10   -13   541  -547    17    766  261141  2353682                                                                                                                   
 6798  7.50      59  301   112    15     6743  -2562     8   -13   549  -560    14    780  261149  2353669                                                                                                                   
 6802  7.50      59  301     4     1     6747  -2566     0     0   549  -561     1    781  261149  2353668 
 6837  7.55      57  303    39     5     6782  -2601     3    -4   551  -564     5    785  261151  2353665 
 6902  7.62      54  306    64     9     6846  -2665     5    -7   556  -571     8    793  261156  2353658 
 6909  7.63      53  307    71    10     6853  -2672     5    -8   557  -572     9    794  261157  2353657 
 7001  7.74      48  312    92    12     6945  -2764     8   -10   565  -582    12    806  261165  2353647 
 7011  7.75      48  312   211    28     6954  -2773    17   -23   565  -583    27    808  261165  2353646                                                                                                                   
 7071  7.75      48  312    59     8     7014  -2833     5    -6   571  -589     8    816  261171  2353640                                                                                                                   
 7240  7.75      48  312   167    23     7181  -3000    15   -17   586  -606    23    838  261186  2353623 
 7352  7.75      48  312   278    38     7292  -3111    25   -28   596  -617    38    853  261196  2353612                                                                                                                   
 7579  7.25      50  310   225    30     7517  -3336    19   -22   616  -639    29    883  261216  2353590                                                                                                                   
 7885  7.00      45  315   304    38     7821  -3640    26   -28   641  -667    38    920  261241  2353562                                                                                                                   
 8095  7.25      46  314   208    26     8029  -3848    18   -19   659  -686    26    946  261259  2353543                                                                                                                   
 8248  7.52      44  316   152    20     8181  -4000    14   -14   673  -700    20    966  261273  2353529 
 8375  7.75      43  317   278    37     8307  -4126    26   -26   686  -712    36    982  261286  2353517 
 8650  7.75      41  319   550    72     8580  -4399    53   -50   712  -736    72   1018  261312  2353493                                                                                                                   
 8700  7.75      41  319    50     7     8629  -4448     5    -4   717  -740     7   1025  261317  2353489                                                                                                                   
