      WELL DATA SUMMARY                                                                                   
            
Well  BLM 24-20     
                         
Sec Az  222         
Elev   4049 KB      
CoordsNorth  247564 East 2E+06        2356534 
                         Course               
  MD  Drift Drift D. AzimLength  DH     TVD     SSD    DNS   DEW   N-S   E-W  DSec   Sec   N-LAM E-LAM    
__________________________________________________________________________________________________________
                                                                                                          
    0  0.00       0    0                        4049     0     0     0     0     0     0  247564  2356534 
   49  0.00       0    0    49     0       49   4000     0     0     0     0     0     0  247564  2356534 
  460  0.00       0    0   460     0      460   3589     0     0     0     0     0     0  247564  2356534 
  460  0.00      55  125     0     0      460   3589     0     0     0     0     0     0  247564  2356534 
  500  1.06      55  125    40     0      500   3549     0     0     0     0     0     0  247564  2356534 
  545  2.25      55  125    45     1      545   3504    -1     1    -1     1     0     0  247563  2356535 
  638  2.25      57  123    93     4      638   3411    -2     3    -3     4    -1    -1  247561  2356538 
  731  2.00      51  129    93     3      731   3318    -2     3    -5     7     0    -1  247559  2356541 
  824  2.25      52  128    93     3      824   3225    -2     3    -7    10     0    -1  247557  2356544 
  917  2.75      56  124    93     4      917   3132    -2     3   -10    13     0    -2  247554  2356547 
 1000  2.98      57  123    83     4     1000   3049    -2     3   -12    17    -1    -2  247552  2356551 
 1009  3.00      57  123     9     0     1009   3040     0     0   -12    17     0    -2  247552  2356551 
 1049  3.32      61  119    40     2     1049   3000    -1     2   -13    19     0    -3  247551  2356553 
 1102  3.75      66  114    93     5     1101   2948    -3     5   -15    22    -1    -4  247549  2356556 
 1195  3.50      62  118    93     6     1194   2855    -3     5   -17    27    -2    -5  247547  2356561 
 1288  3.75      59  121    93     6     1287   2762    -3     5   -20    32    -1    -7  247544  2356566 
 1381  4.25      56  124    93     6     1380   2669    -3     5   -24    38    -1    -8  247540  2356572 
 1473  4.00      60  120    92     7     1472   2577    -4     6   -27    43    -1    -9  247537  2356577 
 1500  4.00      59  121    27     2     1499   2550    -1     2   -28    45     0    -9  247536  2356579 
 1566  4.00      56  124    66     5     1564   2485    -2     4   -31    49    -1   -10  247533  2356583 
 1659  4.00      55  125    93     6     1657   2392    -4     5   -34    54    -1   -11  247530  2356588 
 1752  4.00      53  127    93     6     1750   2299    -4     5   -38    59    -1   -11  247526  2356593 
 1845  3.75      46  134    93     6     1843   2206    -4     5   -42    64     0   -12  247522  2356598 
 1938  4.50      42  138    93     7     1935   2114    -5     5   -47    69     0   -11  247517  2356603 
 1969  4.00      43  137    31     2     1966   2083    -2     2   -49    70     0   -11  247515  2356604 
 1987  4.00      37  143    18     1     1984   2065    -1     1   -50    71     0   -11  247514  2356605 
 2000  3.94      35  145    13     1     1997   2052    -1     1   -50    72     0   -11  247514  2356606 
 2052  3.68      25  155    52     3     2049   2000    -3     2   -53    73     1    -9  247511  2356607 
 2087  3.50      18  162    87     6     2084   1965    -5     2   -55    74     2    -8  247509  2356608 
 2207  3.25      16  164   120     7     2204   1845    -7     2   -62    76     4    -5  247502  2356610 
 2331  3.00       6  174   124     7     2328   1721    -7     1   -69    78     4    -1  247495  2356612 
 2456  3.00       3  183   125     7     2453   1596    -7     0   -75    78     5     4  247489  2356612 
 2500  3.00      10  190    44     2     2496   1553    -2     0   -78    77     2     6  247486  2356611 
 2575  3.00      22  202    75     4     2571   1478    -4    -1   -81    76     4     9  247483  2356610 
 2581  3.00      23  203     6     0     2577   1472     0     0   -82    76     0    10  247482  2356610 
 2704  3.25      34  214   123     7     2700   1349    -6    -3   -88    73     7    16  247476  2356607 
 2828  4.50      57  237   124     8     2824   1225    -6    -6   -93    67     8    25  247471  2356601 
 2953  5.25      64  244   125    11     2948   1101    -5    -9   -99    58    10    35  247465  2356592 
 3000  5.63      64  244    47     4     2995   1054    -2    -4  -101    54     4    39  247463  2356588 
 3054  6.06      65  245    54     5     3049   1000    -2    -5  -103    49     5    44  247461  2356583 
 3078  6.25      65  245    78     8     3073    976    -3    -7  -104    47     7    46  247460  2356581 
 3201  5.75      61  241   122    13     3195    854    -6   -11  -110    35    12    58  247454  2356569 
 3325  6.25      58  238   123    13     3318    731    -7   -11  -117    24    12    71  247447  2356558 
 3451  6.75      59  239   125    14     3444    605    -7   -12  -124    12    14    84  247440  2356546 
 3500  6.95      61  241    49     6     3492    557    -3    -5  -127     7     6    90  247437  2356541 
 3573  7.25      65  245    72     9     3565    484    -4    -8  -131    -1     8    98  247433  2356533 
 3697  7.00      61  241   123    15     3688    361    -7   -14  -138   -15    14   113  247426  2356519 
 3820  7.75      67  247   122    16     3810    239    -7   -14  -145   -29    15   127  247419  2356505 
 3945  7.75      64  244   124    17     3934    115    -7   -15  -152   -45    15   143  247412  2356489 
 4000  7.75      64  244    54     7     3988     61    -3    -7  -155   -51     7   150  247409  2356483 
 4040  7.75      64  244    40     5     4028     21    -2    -5  -157   -56     5   155  247407  2356478 
 4061  7.75      64  244    21     3     4049      0    -1    -3  -159   -59     3   157  247405  2356475 
 4069  7.75      64  244    29     4     4056     -7    -2    -4  -159   -60     4   158  247405  2356474 
 4194  8.50      64  244   124    18     4180   -131    -8   -16  -167   -76    16   175  247397  2356458 
 4318  9.00      64  244   123    19     4303   -254    -8   -17  -175   -92    17   192  247389  2356442 
 4439  9.25      62  242   119    19     4422   -373    -9   -17  -184  -110    18   210  247380  2356424 
 4500  9.96      63  243    60    10     4482   -433    -5    -9  -189  -119    10   220  247375  2356415 
 4590 11.00      64  244    88    16     4571   -522    -7   -15  -196  -133    15   235  247368  2356401 
 4746 11.00      66  246   153    30     4724   -675   -13   -27  -209  -160    27   262  247355  2356374 
 4792 11.00      65  245    45     9     4769   -720    -4    -8  -212  -168     8   270  247352  2356366 
 4834 11.00      63  243    41     8     4810   -761    -4    -7  -216  -175     7   278  247348  2356359 
 4866 11.00      62  242    31     6     4842   -793    -3    -5  -219  -181     6   283  247345  2356353 
 4875 11.00      62  242     9     2     4851   -802    -1    -2  -219  -182     2   285  247345  2356352 
 4885 11.00      62  242    10     2     4860   -811    -1    -2  -220  -184     2   287  247344  2356350 
 4893 11.00      62  242     8     2     4868   -819    -1    -1  -221  -185     1   288  247343  2356349 
 5000 11.00      63  243   105    20     4973   -924    -9   -18  -230  -203    19   307  247334  2356331 
 5074 11.00      64  244    73    14     5046   -997    -6   -13  -237  -216    13   320  247327  2356318 
                                                                                                          
                                                                                                          
                                                                                                          
                                                                                                          
                                                                                                          
                                                                                                          
                                                                                                          
                                                                                                          
                                                                                                          
                                                                                                          
                                                                                                          
                                                                                                          
                                                                                                          
                                                                                                          
                                                                                                          
                                                                                                          
                                                                                                          
                                                                                                          
                                                                                                          
                                                                                                          
                                                                                                          
                                                                                                          
                                                                                                          
                                                                                                          
                                                                                                          
                                                                                                          
                                                                                                          
                                                                                                          
                                                                                                          
                                                                                                          
                                                                                                          
                                                                                                          
                                                                                                          
                                                                                                          
                                                                                                          
                                                                                                          
                                                                                                          
                                                                                                          
                                                                                                          
                                                                                                          
                                                                                                          
                                                                                                          
                                                                                                          
                                                                                                          
                                                                                                          
                                                                                                          
                                                                                                          
                                                                                                          
                                                                                                          
                                                                                                          
                                                                                                          
                                                                                                          
                                                                                                          
                                                                                                          
                                                                                                          
                                                                                                          
                                                                                                          
                                                                                                          
                                                                                                          
                                                                                                          
                                                                                                          
                                                                                                          
                                                                                                          
                                                                                                          
                                                                                                          
                                                                                                          
                                                                                                          
                                                                                                          
                                                                                                          
                                                                                                          
                                                                                                          
                                                                                                          
                                                                                                          
                                                                                                          
                                                                                                          
                                                                                                          
                                                                                                          
                                                                                                          
                                                                                                          
                                                                                                          
                                                                                                          
                                                                                                          
                                                                                                          
                                                                                                          
                                                                                                          
                                                                                                          
                                                                                                          
                                                                                                          
                                                                                                          
                                                                                                          
                                                                                                          
                                                                                                          
                                                                                                          
                                                                                                          
                                                                                                          
                                                                                                          
                                                                                                          
                                                                                                          
                                                                                                          
                                                                                                          
                                                                                                          
                                                                                                          
                                                                                                          
                                                                                                          
                                                                                                          
                                                                                                          
                                                                                                          
                                                                                                          
                                                                                                          
                                                                                                          
                                                                                                          
                                                                                                          
                                                                                                          
                                                                                                          
                                                                                                          
                                                                                                          
                                                                                                          
                                                                                                          
                                                                                                          
                                                                                                          
                                                                                                          
                                                                                                          
                                                                                                          
                                                                                                          
                                                                                                          
                                                                                                          
                                                                                                          
                                                                                                          
                                                                                                          
                                                                                                          
                                                                                                          
                                                                                                          
                                                                                                          
                                                                                                          
                                                                                                          
                                                                                                          
                                                                                                          
                                                                                                          
                                                                                                          
                                                                                                          
                                                                                                          
                                                                                                          
                                                                                                          
