      WELL DATA SUMMARY                                                                                                                                                                                                        
            
Well  BLM 32-20     
                         
Sec Az  230 S 50 W  
Elev   4008 KB      
CoordsNorth  249053 East              2357208 
                         Course               
  MD  Drift Drift D. AzimLength  DH     TVD     SSD    DNS   DEW   N-S   E-W  DSec    Sec     N-LAM E-LAM     DEG F PSIG  L CIR I#in  I#outIDeg F S#in  S#outSDeg F ELEV  ELEV   TVD   MD    N-S   E-W   SEC  FACT  DEG F PSIG 
__________________________________________________________________________________________________________________________________________________________________________________________________________________________________   
                                                                                                                                                                                                                               
    0  0.00      36   36     0     0        0   4008     0     0     0     0     0        0  249053  2357208                                                        4008                                                       
  199  0.50      36   36   199     1      199   3809     1     1     1     1    -1       -1  249054  2357209                                                        3809  4000     8     8     0     0     0     0             
  459  1.00      21  159   260     3      459   3549     0     3     0     4    -2       -3  249053  2357212                                                        3549                                                       
  500  0.92      19  161    41     1      500   3508    -1     0     0     4     0       -3  249053  2357212                                                        3508                                           
  589  0.75      15  165   130     2      589   3419    -2     1    -2     4     1       -2  249051  2357212                                                        3419  3500   508   508     0     4    -3     0             
  721  0.50      30  210   132     1      721   3287    -1     0    -3     4     1       -1  249050  2357212                                                        3287                                                       
  833  1.00      16  196   112     1      833   3175    -1    -1    -4     4     1        0  249049  2357212                                                        3175                                                       
  956  1.75      58  238   123     3      956   3052    -2    -2    -7     2     3        3  249046  2357210                                                        3052                                                       
 1000  2.10      61  258    44     1     1000   3008    -1    -1    -7     1     1        4  249046  2357209               200                                      3008                                                       
 1081  2.75      66  294    81     3     1081   2927     0    -3    -7    -3     2        7  249046  2357205                                                        2927  3000  1008  1008    -7     0     4     0             
 1204  3.00      71  289   123     6     1204   2804     2    -6    -5    -9     3       10  249048  2357199                                                        2804                                                       
 1319  4.25      76  284   115     7     1318   2690     2    -7    -3   -16     4       14  249050  2357192                                                        2690                                                       
 1373  5.00      90  270    54     4     1372   2636     1    -4    -2   -20     3       17  249051  2357188                                                        2636                                                       
 1404  4.75      84  264    31     3     1403   2605     0    -3    -2   -22     2       19  249051  2357186                                                        2605                                                       
 1435  4.50      76  256    31     2     1434   2574     0    -2    -3   -25     2       21  249050  2357183                                                        2574                                                       
 1465  4.25      66  246    30     2     1464   2544    -1    -2    -3   -27     2       23  249050  2357181                                                        2544                                                       
 1500  3.89      51  231    35     2     1499   2509    -1    -2    -5   -29     2       25  249048  2357179                                                        2509                                           
 1513  3.75      46  226    48     3     1512   2496    -2    -3    -5   -30     3       26  249048  2357178                                                        2496  2500  1508  1509    -5   -30    26     1             
 1607  4.00      47  227    94     6     1606   2402    -4    -5   -10   -34     6       33  249043  2357174                                                        2402                                                       
 1728  4.00      45  225   121     8     1726   2282    -6    -6   -16   -41     8       41  249037  2357167                                                        2282                                                       
 1827  4.00      46  226    99     7     1825   2183    -5    -5   -20   -45     7       48  249033  2357163                                                        2183                                                       
 1974  4.25      52  232   147    11     1972   2036    -7    -8   -27   -53    11       59  249026  2357155                                                        2036                                                       
 2000  4.35      52  232    26     2     1998   2010    -1    -2   -29   -55     2       60  249024  2357153                                                        2010                                           
 2050  4.55      53  233    76     6     2047   1961    -4    -5   -31   -58     6       64  249022  2357150                10                                      1961  2000  2008  2010   -29   -56    61     0             
 2099  4.75      54  234    49     4     2096   1912    -2    -3   -33   -61     4       68  249020  2357147                                                        1912                                                       
 2223  5.25      60  240   124    11     2220   1788    -6    -9   -39   -70    11       79  249014  2357138                                                        1788                                                       
 2322  6.00      64  244    99    10     2318   1690    -5    -9   -44   -79     9       89  249009  2357129                                                        1690                                                       
 2383  6.00      59  239    61     6     2379   1629    -3    -6   -47   -85     6       95  249006  2357123                                                        1629                                                       
 2467  6.50      58  238    84     9     2463   1545    -5    -8   -51   -92     9      104  249002  2357116                                                        1545                                                       
 2497  7.00      58  238    30     4     2492   1516    -2    -3   -53   -95     3      107  249000  2357113                                                        1516                                                       
 2500  7.04      58  238     3     0     2495   1513     0     0   -54   -96     0      108  248999  2357112                                                        1513                                           
 2566  8.00      54  234    68     9     2561   1447    -5    -7   -58  -103     9      116  248995  2357105                                                        1447  1500  2508  2513   -55   -97   109     0             
 2660  9.75      54  234    93    15     2654   1354    -9   -12   -67  -115    14      131  248986  2357093                                                        1354                                                       
 2730 11.43      55  235    69    13     2722   1286    -8   -10   -74  -125    13      144  248979  2357083                20                                      1286                                                       
 2785 12.75      55  235    54    12     2776   1232    -7    -9   -81  -134    11      155  248972  2357074                                                        1232                                                       
 2877 14.25      58  238    89    21     2866   1142   -12   -18   -93  -152    21      176  248960  2357056                                                        1142                                                       
 2969 15.50      55  235    89    24     2955   1053   -13   -20  -106  -172    23      200  248947  2357036                                                        1053                                                       
 3000 16.17      54  234    30     8     2984   1024    -5    -7  -111  -179     8      208  248942  2357029                                                        1024                                           
 3062 17.50      52  232    89    26     3044    964   -16   -21  -122  -193    26      226  248931  2357015                                                         964  1000  3008  3025  -115  -185   216     1             
 3171 20.00      51  231   103    35     3147    861   -22   -27  -143  -221    35      261  248910  2356987                                                         861                                                       
 3221 20.00      51  231    47    17     3194    814   -11   -13  -154  -234    17      278  248899  2356974                                                         814                                                       
 3385 20.98      54  234   154    57     3348    660   -35   -46  -189  -280    57      336  248864  2356928                25                                       660                                                       
 3471 21.50      56  236    80    31     3428    580   -18   -26  -207  -305    31      367  248846  2356903                                                         580                                                       
 3500 21.50      55  235    27    11     3455    553    -6    -9  -213  -314    11      377  248840  2356894                                                         553                                           
 3570 21.50      52  232    92    36     3520    488   -21   -29  -228  -334    36      403  248825  2356874                50                                       488   500  3508  3557  -225  -331   398     1             
 3620 21.50      50  230    47    18     3566    442   -12   -14  -240  -349    18      421  248813  2356859                20                                       442                                                       
 3595 21.50      51  231   -23    -9     3543    465     6     7  -234  -342    -9      412  248819  2356866                                                         465                                                       
 3717 22.50      54  234   113    46     3656    352   -28   -36  -262  -378    46      458  248791  2356830                                                         352                                                       
 3851 22.75      50  230   124    52     3780    228   -32   -41  -293  -419    52      509  248760  2356789                                                         228                                                       
 3975 23.00      50  230   114    48     3894    114   -31   -37  -324  -455    48      557  248729  2356753                                                         114                                                       
 4000 23.20      50  230    23    10     3917     91    -6    -8  -331  -463    10      567  248722  2356745                                                          91                                           
 4098 24.00      50  230   113    49     4007      1   -32   -38  -356  -493    49      607  248697  2356715                                                           1                                                       
 4221 23.75      51  231   112    50     4119   -111   -32   -38  -388  -531    50      656  248665  2356677                                                        -111     0  4008  4099  -356  -493   607     0             
 4315 24.00      50  230    86    38     4205   -197   -24   -29  -412  -561    38      694  248641  2356647                                                        -197                                                       
 4376 24.25      53  233    56    25     4261   -253   -16   -20  -427  -580    25      719  248626  2356628                                                        -253                                                       
 4500 24.00      51  231   113    51     4374   -366   -31   -40  -459  -620    51      770  248594  2356588                                                        -366                                                       
 4623 24.25      52  232   112    50     4486   -478   -31   -39  -490  -660    50      820  248563  2356548                                                        -478                                                       
 4746 24.50      54  234   112    51     4599   -591   -31   -41  -520  -700    51      871  248533  2356508                                                        -591  -500  4508  4647  -496  -667   830     0             
 5000 25.18      51  231   231   107     4829   -821   -65   -85  -585  -785   107      977  248468  2356423                                                        -821                                           
 5026 25.25      51  231   254   118     4853   -845   -72   -93  -592  -794   118      989  248461  2356414                                                        -845                                                       
 5153 25.75      52  232   115    55     4967   -959   -34   -43  -626  -836    55     1043  248427  2356372                                                        -959                                                       
 5268 25.00      51  231   104    49     5071  -1063   -31   -39  -657  -875    49     1092  248396  2356333                                                       -1063 -1000  5008  5198  -638  -852  1063     0             
 5393 25.25      50  230   113    53     5184  -1176   -34   -41  -691  -916    53     1146  248362  2356292                                                       -1176                                                       
 5500 25.47      51  231    97    46     5281  -1273   -29   -35  -720  -951    46     1191  248333  2356257                                                       -1273                                           
 5516 25.50      51  231   111    53     5295  -1287   -34   -41  -724  -957    53     1198  248329  2356251                                                       -1287                                                       
 5642 25.30      50  230   114    54     5409  -1401   -34   -42  -758  -998    54     1252  248295  2356210                                                       -1401                                                       
 5720 25.25      51  231    71    33     5480  -1472   -21   -26  -780 -1024    33     1286  248273  2356184                                                       -1472                                                       
 5788 25.16      52  232    62    29     5541  -1533   -18   -23  -798 -1047    29     1315  248255  2356161               400                                     -1533 -1500  5508  5751  -788 -1034  1299     0             
 5904 25.00      55  235   167    78     5646  -1638   -47   -62  -827 -1086    78     1364  248226  2356122                                                       -1638                                                       
 5953 25.00      54  234    44    21     5691  -1683   -12   -17  -839 -1103    21     1384  248214  2356105                75                                     -1683                                                       
 6000 25.00      52  232    43    20     5733  -1725   -12   -16  -851 -1119    20     1404  248202  2356089                                                       -1725                                           
 6036 25.00      51  231   120    56     5766  -1758   -34   -45  -860 -1131    56     1419  248193  2356077                                                       -1758                                                       
 6046 25.00      51  231     9     4     5775  -1767    -3    -3  -863 -1134     4     1424  248190  2356074                65                                     -1767                                                       
 6223 25.00      50  230   160    75     5935  -1927   -48   -58  -911 -1192    75     1498  248142  2356016                                                       -1927                                                       
 6245 24.97      50  230    20     9     5955  -1947    -6    -7  -917 -1199     9     1508  248136  2356009                30                                     -1947                                                       
 6440 24.75      51  231   177    82     6132  -2124   -52   -63  -969 -1262    82     1590  248084  2355946                                                       -2124 -2000  6008  6303  -932 -1218  1532     0             
 6500 24.56      51  231    55    25     6187  -2179   -16   -19  -984 -1282    25     1615  248069  2355926                                                       -2179                                           
 6595 24.25      50  230   141    64     6273  -2265   -41   -50 -1009 -1312    64     1654  248044  2355896                                                       -2265                                                       
 6610 24.25      50  230    14     6     6287  -2279    -4    -5 -1013 -1317     6     1660  248040  2355891                                                       -2279                                                       
                                                                                                                                                                                                                               
                                                                                                                                                                                                                               
                                                                                                                                                                                                                               
                                                                                                                                                                                                                               
                                                                                                                                                                                                                               
                                                                                                                                                                                                                               
                                                                                                                                                                                                                               
                                                                                                                                                                                                                               
                                                                                                                                                                                                                               
                                                                                                                                                                                                                               
                                                                                                                                                                                                                               
                                                                                                                                                                                                                               
                                                                                                                                                                                                                               
                                                                                                                                                                                                                               
                                                                                                                                                                                                                               
                                                                                                                                                                                                                               
                                                                                                               E-W                                                                                                             
                                                                                                                                                                                                                               
                                                                                                                                                                                                                               
                                                                                                                                                                                                                               
                                                                                                                                                                                                                               
                                                                                                                 0                                                                                                             
                                                                                                                                                                                                                               
                                                                                                                 0                                                                                                             
                                                                                                                 0                                                                                                             
                                                                                                                 0                                                                                                             
                                                                                                                                                                                                                               
                                                                                                                 0                                                                                                             
                                                                                                                 0                                                                                                             
                                                                                                                 0                                                                                                             
                                                                                                                 0                                                                                                             
                                                                                                                 0                                                                                                             
                                                                                                                                                                                                                               
                                                                                                                 0                                                                                                             
                                                                                                                 0                                                                                                             
                                                                                                                 0                                                                                                             
                                                                                                                 0                                                                                                             
                                                                                                                 0                                                                                                             
                                                                                                                 0                                                                                                             
                                                                                                                 0                                                                                                             
                                                                                                                                                                                                                               
                                                                                                                 0                                                                                                             
                                                                                                                 0                                                                                                             
                                                                                                                 0                                                                                                             
                                                                                                                                                                                                                               
                                                                                                                 0                                                                                                             
                                                                                                                 0                                                                                                             
                                                                                                                 0                                                                                                             
                                                                                                                                                                                                                               
                                                                                                                 0                                                                                                             
                                                                                                                 0                                                                                                             
                                                                                                                 0                                                                                                             
                                                                                                                 0                                                                                                             
                                                                                                                                                                                                                               
                                                                                                                 0                                                                                                             
                                                                                                                 0                                                                                                             
                                                                                                                 0                                                                                                             
                                                                                                                                                                                                                               
                                                                                                                 0                                                                                                             
                                                                                                                 0                                                                                                             
                                                                                                                 0                                                                                                             
                                                                                                                 0                                                                                                             
                                                                                                                                                                                                                               
                                                                                                                 0                                                                                                             
                                                                                                                 0                                                                                                             
                                                                                                                 0                                                                                                             
                                                                                                                                                                                                                               
                                                                                                                 0                                                                                                             
                                                                                                                 0                                                                                                             
                                                                                                                 0                                                                                                             
                                                                                                                                                                                                                               
                                                                                                                 0                                                                                                             
                                                                                                                 0                                                                                                             
                                                                                                                 0                                                                                                             
                                                                                                                                                                                                                               
                                                                                                                 0                                                                                                             
                                                                                                                 0                                                                                                             
                                                                                                                 0                                                                                                             
                                                                                                                                                                                                                               
                                                                                                                 0                                                                                                             
                                                                                                                 0                                                                                                             
                                                                                                                 0                                                                                                             
                                                                                                                                                                                                                               
                                                                                                                                                                                                                               
                                                                                                                                                                                                                               
                                                                                                                                                                                                                               
                                                                                                                                                                                                                               
                                                                                                                                                                                                                               
                                                                                                                                                                                                                               
                                                                                                                                                                                                                               
                                                                                                                                                                                                                               
                                                                                                                                                                                                                               
                                                                                                                                                                                                                               
                                                                                                                                                                                                                               
                                                                                                                                                                                                                               
                                                                                                                                                                                                                               
                                                                                                                                                                                                                               
                                                                                                                                                                                                                               
                                                                                                                                                                                                                               
                                                                                                                                                                                                                               
                                                                                                                                                                                                                               
                                                                                                                                                                                                                               
                                                                                                                                                                                                                               
                                                                                                                                                                                                                               
                                                                                                                                                                                                                               
                                                                                                                                                                                                                               
                                                                                                                                                                                                                               
                                                                                                                                                                                                                               
                                                                                                                                                                                                                               
                                                                                                                                                                                                                               
                                                                                                                                                                                                                               
                                                                                                                                                                                                                               
                                                                                                                                                                                                                               
                                                                                                                                                                                                                               
                                                                                                                                                                                                                               
                                                                                                                                                                                                                               
                                                                                                                                                                                                                               
                                                                                                                                                                                                                               
                                                                                                                                                                                                                               
                                                                                                             
                                                                                                             
                                                                                                             
                                                                                                             
                                                                                                             
                                                                                                             
                                                                                                             
                                                                                                             
                                                                                                             
                                                                                                                                                                                           
                                                                                                                                                                                           
                                                                                                                                                                                           
                                                                                                                                                                                           
                                                                                                                                                                                           
                                                                                                                                                                                           
                                                                                                                                                                                           
                                                                                                                                                                                           
                                                                                                                                                                                           
                                                                                                                                                                                           
                                                                                                                                                                                           
                                                                                                                                                                                           
                                                                                                                                                                                           
