      WELL DATA SUMMARY                                                                                      
            
Well  BLM 46A-19    
                         
Sec Az  200 S 20 W  
Elev   4180 KB      
CoordsNorth  246284 East              2352618 
                         Course               
  MD  Drift Drift D. AzimLength  DH     TVD     SSD    DNS   DEW   N-S   E-W  DSec    Sec     N-LAM E-LAM    
_____________________________________________________________________________________________________________
                                                                                                             
    0  0.00      43  223     0     0        0   4180     0     0     0     0     0        0  246284  2352618 
  180  0.66      43  223   180     1      180   4000    -1    -1    -1    -1     1        1  246283  2352617 
  205  0.75      43  223   205     1      205   3975    -1    -1    -1    -1     1        1  246283  2352617 
  328  0.75      81  279   123     2      328   3852    -1    -2    -2    -2     1        2  246282  2352616 
  451  0.75      74  286   123     2      451   3729     0    -2    -1    -4     0        2  246283  2352614 
  500  0.86      64  262    49     1      500   3680     0    -1    -1    -5     0        3  246283  2352613 
  561  1.00      51  231   110     2      561   3619     0    -2    -1    -6     1        3  246283  2352612 
  663  0.50      78  258   102     1      663   3517    -1    -1    -2    -7     1        4  246282  2352611 
  786  2.00      78  258   123     3      786   3394    -1    -3    -3    -9     1        6  246281  2352609 
  879  2.25      79  259    93     3      879   3301    -1    -3    -3   -13     2        8  246281  2352605 
 1000  1.51      66  294   121     4     1000   3180     0    -4    -3   -17     1        8  246281  2352601 
 1001  1.50      66  294   122     4     1001   3179     0    -4    -3   -17     1        8  246281  2352601 
 1124  0.75      90  270   123     2     1124   3056     1    -2    -2   -19     0        9  246282  2352599 
 1180  0.75      85  275    56     1     1180   3000     0    -1    -2   -20     0        9  246282  2352598 
 1249  0.75      78  282   125     2     1249   2931     0    -2    -2   -21     0        9  246282  2352597 
 1373  1.00       3  177   124     2     1373   2807    -1    -1    -3   -22     2       11  246281  2352596 
 1500  0.51      18   20   127     2     1500   2680     0     2    -4   -21     0       10  246280  2352597 
 1502  0.50      18   18   129     2     1502   2678     0     2    -4   -21     0       10  246280  2352597 
 1623  0.50      54   54   121     1     1623   2557     1     1    -3   -20    -1        9  246281  2352598 
 1760  1.00      56  124   137     2     1760   2420     0     2    -3   -18    -1        9  246281  2352600 
 1885  0.25      80  260   125     1     1885   2295    -1     0    -4   -18     1       10  246280  2352600 
 2000  0.48      72  252   115     1     2000   2180     0    -1    -4   -19     0       11  246280  2352599 
 2010  0.50      71  251   125     1     2010   2170     0    -1    -4   -19     0       11  246280  2352599 
 2135  0.75      53  307   125     1     2135   2045     0    -1    -4   -21     0       11  246280  2352597 
 2180  0.85      48  312    45     1     2180   2000     0     0    -4   -21     0       11  246280  2352597 
 2246  1.00      40  320   111     2     2246   1934     1    -1    -3   -22    -1       10  246281  2352596 
 2370  0.75      19   19   124    -2     2370   1810     2     0    -1   -22    -2        9  246283  2352596 
 2464  0.25       4  184    94     1     2464   1716     0     1    -1   -21     0        8  246283  2352597 
 2480  0.46      22  239    16     0     2480   1700     0     0    -1   -21     0        9  246283  2352597 
 2502  0.75      46  314    38     0     2502   1678     0     0    -1   -22     0        9  246283  2352596 
 2534  1.25       8  352    32     1     2534   1646     0     0    -1   -22     0        8  246283  2352596 
 2565  2.00      18   18    31    -1     2565   1615     1     0     0   -22    -1        7  246284  2352596 
 2596  2.50      10   10    31     1     2596   1584     1     0     1   -22    -1        6  246285  2352596 
 2755  6.25      22   22   159    12     2754   1426    12     3    13   -18   -12       -6  246297  2352600 
 2787  7.25      23   23    32     4     2786   1394     3     1    16   -17    -4      -10  246300  2352601 
 2870  9.75      20   20    82    12     2868   1312    11     4    28   -12   -12      -22  246312  2352606 
 2961 12.00      12   12    89    17     2957   1223    17     5    44    -8   -17      -39  246328  2352610 
 3004 12.00      16   16    42     9     2999   1181     9     2    53    -5    -9      -48  246337  2352613 
 3035 11.50      19   19    30     6     3030   1150     6     2    59    -3    -6      -54  246343  2352615 
 3067 11.25      24   24    31     6     3061   1119     6     2    65    -1    -6      -61  246349  2352617 
 3098 11.25      26   26    30     6     3092   1088     5     3    70     1    -6      -67  246354  2352619 
 3150 13.00      27   27    51    11     3142   1038    10     5    80     6   -11      -77  246364  2352624 
 3189 13.00      26   26    38     9     3180   1000     8     4    88    10    -9      -86  246372  2352628 
 3213 13.00      25   25    61    14     3204    976    13     6    93    12   -14      -92  246377  2352630 
 3252 13.00      26   26    38     9     3242    938     8     4   101    16    -9     -100  246385  2352634 
 3270 13.00      26   26    56    13     3259    921    12     6   104    18   -13     -104  246388  2352636 
 3351 13.25      25   25    79    18     3338    842    17     8   121    26   -18     -123  246405  2352644 
 3413 13.75      25   25    60    14     3399    781    13     6   134    32   -14     -137  246418  2352650 
 3475 13.75      21   21    60    15     3459    721    14     6   148    38   -15     -152  246432  2352656 
 3536 14.00      21   21    59    15     3518    662    14     5   161    43   -15     -166  246445  2352661 
 3598 14.00      22   22    60    15     3578    602    14     5   175    49   -15     -181  246459  2352667 
 3659 14.25      21   21    59    15     3637    543    14     5   189    54   -15     -196  246473  2352672 
 3722 14.00      21   21    61    15     3698    482    14     6   204    59   -15     -212  246488  2352677 
 3783 14.25      22   22    59    15     3758    422    14     5   217    65   -15     -226  246501  2352683 
 3844 14.75      23   23    59    15     3817    363    14     6   231    71   -15     -242  246515  2352689 
 3913 14.75      24   24    67    18     3883    297    16     7   248    78   -18     -259  246532  2352696 
 3974 14.25      23   23    59    15     3942    238    14     6   262    84   -15     -275  246546  2352702 
 4038 14.50      21   21    62    16     4004    176    15     6   276    90   -16     -290  246560  2352708 
 4100 14.50      22   22    60    16     4064    116    14     6   291    96   -16     -306  246575  2352714 
 4162 14.50      23   23    60    16     4124     56    14     6   305   101   -16     -321  246589  2352719 
 4219 14.61      25   25    55    14     4180      0    13     6   318   107   -14     -336  246602  2352725 
 4286 14.75      27   27   120    31     4244    -64    28    13   333   115   -31     -353  246617  2352733 
 4349 14.50      22   22    61    16     4305   -125    14     7   348   121   -16     -368  246632  2352739 
 4411 14.50      23   23    60    16     4365   -185    14     6   362   127   -16     -384  246646  2352745 
 4474 14.75      22   22    61    16     4426   -246    15     6   377   133   -16     -400  246661  2352751 
 4536 14.75      22   22    60    16     4486   -306    15     6   392   139   -16     -416  246676  2352757 
 4599 14.75      23   23    61    16     4547   -367    15     6   406   145   -16     -432  246690  2352763 
 4662 14.50      22   22    61    16     4608   -428    15     6   421   151   -16     -448  246705  2352769 
 4725 14.75      20   20    61    16     4669   -489    15     6   436   157   -16     -463  246720  2352775 
 4786 14.50      23   23    59    15     4728   -548    14     6   450   163   -15     -479  246734  2352781 
 4842 14.50      24   24    54    14     4782   -602    13     6   463   168   -14     -493  246747  2352786 
 4903 14.50      23   23    59    15     4841   -661    14     6   477   174   -15     -508  246761  2352792 
 4963 14.75      23   23    58    15     4899   -719    14     6   491   180   -15     -523  246775  2352798 
 5054 15.00      23   23    88    23     4987   -807    22     9   513   190   -23     -547  246797  2352808 
 5146 15.25      23   23    89    24     5076   -896    22     9   535   199   -24     -571  246819  2352817 
 5240 15.25      23   23    91    25     5167   -987    23    10   557   209   -25     -595  246841  2352827 
 5254 15.32      23   23    14     4     5180  -1000     3     1   561   210    -4     -599  246845  2352828 
 5335 15.75      22   22    92    25     5258  -1078    23    10   581   218   -25     -621  246865  2352836 
 5427 16.00      22   22    88    25     5347  -1167    23     9   604   228   -25     -646  246888  2352846 
 5520 15.75      20   20    89    25     5436  -1256    24     9   628   237   -25     -671  246912  2352855 
 5614 15.50      21   21    91    25     5527  -1347    24     9   652   246   -25     -696  246936  2352864 
 5705 15.75      19   19    88    25     5615  -1435    23     8   675   254   -25     -721  246959  2352872 
 5801 15.50      20   20    92    26     5707  -1527    24     9   699   263   -26     -747  246983  2352881 
 5896 15.25      20   20    92    25     5799  -1619    24     9   723   271   -25     -772  247007  2352889 
 5989 14.75      21   21    90    24     5888  -1708    23     8   745   280   -24     -796  247029  2352898 
 6083 14.75      21   21    91    24     5979  -1799    22     9   768   288   -24     -820  247052  2352906 
 6209 15.00      21   21   122    32     6101  -1921    30    12   798   300   -32     -852  247082  2352918 
 6291 14.85      21   21    79    21     6180  -2000    20     8   818   307   -21     -873  247102  2352925 
 6347 14.75      21   21   133    35     6235  -2055    33    13   831   313   -35     -888  247115  2352931 
 6462 14.75      24   24   111    29     6346  -2166    27    11   858   324   -29     -917  247142  2352942 
 6553 14.75      24   24    88    23     6434  -2254    21     9   879   333   -23     -940  247163  2352951 
 6555 14.75      24   24    90    24     6436  -2256    22    10   880   333   -24     -941  247164  2352951 
 6692 14.75      24   24   132    35     6568  -2388    32    14   912   348   -35     -975  247196  2352966 
 6809 14.75      23   23   113    30     6681  -2501    27    12   939   360   -30    -1005  247223  2352978 
 6935 14.75      25   25   122    32     6803  -2623    29    13   968   373   -32    -1037  247252  2352991 
 7062 14.75      23   23   123    32     6926  -2746    30    13   998   386   -32    -1069  247282  2353004 
 7325 14.96      24   24   254    67     7180  -3000    62    27  1060   413   -67    -1137  247344  2353031 
 7379 15.00      24   24   306    81     7232  -3052    75    32  1072   418   -81    -1151  247356  2353036 
 7507 15.00      23   23   124    33     7356  -3176    30    13  1103   431   -33    -1184  247387  2353049 
 7634 14.75      24   24   123    33     7479  -3299    30    13  1133   444   -33    -1216  247417  2353062 
 7766 15.00      24   24   128    34     7606  -3426    31    14  1164   458   -34    -1250  247448  2353076 
 7891 14.25      27   27   121    32     7727  -3547    28    14  1192   472   -31    -1282  247476  2353090 
 7954 14.00      28   28    61    15     7788  -3608    14     7  1206   479   -15    -1297  247490  2353097 
 7985 14.08      28   28    30     8     7818  -3638     7     4  1212   482    -7    -1304  247496  2353100 
 8049 14.25      28   28    92    23     7880  -3700    20    11  1226   490   -23    -1320  247510  2353108 
 8110 14.25      29   29    59    15     7940  -3760    13     7  1239   497   -15    -1335  247523  2353115 
 8145 14.25      29   29    93    24     7974  -3794    21    11  1247   501   -23    -1343  247531  2353119 
 8241 12.25      29   29    93    22     8067  -3887    19    11  1266   512   -22    -1365  247550  2353130 
 8305 13.00      29   29    62    14     8129  -3949    12     7  1278   518   -14    -1379  247562  2353136 
 8357 12.79      29   29    51    12     8180  -4000    10     6  1289   524   -11    -1390  247573  2353142 
 8368 12.75      29   29    61    14     8191  -4011    12     7  1291   525   -14    -1392  247575  2353143 
 8451 12.25      26   26    81    18     8272  -4092    16     8  1307   534   -18    -1410  247591  2353152 
 8546 12.75      32   32    93    21     8365  -4185    18    10  1325   544   -20    -1431  247609  2353162 
 8642 12.75      34   34    94    21     8458  -4278    18    12  1342   555   -21    -1451  247626  2353173 
 8738 12.00      31   31    94    21     8552  -4372    17    11  1360   566   -20    -1471  247644  2353184 
 8834 12.00      30   30    94    20     8646  -4466    17    10  1377   576   -20    -1491  247661  2353194 
 8995 11.00      30   30   158    32     8804  -4624    28    16  1405   592   -32    -1523  247689  2353210 
 9057 11.25      25   25    61    12     8865  -4685    11     6  1415   598   -12    -1534  247699  2353216 
 9185 10.75      31   31   126    24     8990  -4810    22    11  1437   609   -24    -1559  247721  2353227 
 9313 11.25      24   24   126    24     9116  -4936    22    11  1459   621   -24    -1583  247743  2353239 
 9378 10.57      28   28    64    12     9180  -5000    11     5  1470   626   -12    -1595  247754  2353244 
 9408 10.25      30   30    93    18     9209  -5029    16     8  1474   629   -18    -1600  247758  2353247 
 9468 10.00      27   27    59    11     9268  -5088     9     5  1484   634   -10    -1611  247768  2353252 
 9577 11.07      25   25   107    20     9375  -5195    18     9  1501   642   -20    -1631  247785  2353260 
 9595 11.25      25   25   125    23     9393  -5213    21    10  1505   644   -23    -1634  247789  2353262 
 9725 10.25      30   30   128    24     9521  -5341    22    11  1526   655   -24    -1658  247810  2353273 
 9849 10.25      26   26   122    22     9643  -5463    19    10  1546   665   -22    -1680  247830  2353283 
 9909 10.00      24   24    59    11     9702  -5522    10     4  1555   670   -11    -1691  247839  2353288 
 9974 11.00      21   21    64    12     9766  -5586    11     5  1566   674   -12    -1702  247850  2353292 
10038 12.25      21   21    63    13     9828  -5648    12     5  1578   679   -13    -1715  247862  2353297 
10093 13.75      20   20    54    12     9882  -5702    12     4  1590   683   -12    -1728  247874  2353301 
10157 15.00      19   19    62    16     9944  -5764    15     5  1605   689   -16    -1744  247889  2353307 
10222 16.50      22   22    63    18    10007  -5827    17     6  1621   695   -18    -1761  247905  2353313 
10382 17.25      20   20   153    46    10160  -5980    43    17  1665   712   -46    -1808  247949  2353330 
10403 17.31      20   20    20     6    10180  -6000     6     2  1671   714    -6    -1814  247955  2353332 
10471 17.50      19   19    85    27    10245  -6065    25     9  1690   720   -27    -1834  247974  2353338 
10607 17.25      18   18   130    41    10374  -6194    39    13  1728   733   -41    -1875  248012  2353351 
10734 17.25      16   16   121    38    10496  -6316    36    11  1764   744   -38    -1912  248048  2353362 
10862 18.00      17   17   122    39    10618  -6438    37    11  1801   755   -39    -1951  248085  2353373 
10996 17.75      18   18   128    41    10745  -6565    39    12  1841   768   -41    -1992  248125  2353386 
11117 18.00      19   19   115    37    10860  -6680    35    12  1876   779   -37    -2029  248160  2353397 
11249 16.25      22   22   126    39    10987  -6807    36    14  1912   793   -39    -2068  248196  2353411 
11377 14.75      18   18   123    34    11110  -6930    32    12  1944   805   -34    -2102  248228  2353423 
11443 15.00      17   17    64    17    11174  -6994    16     5  1961   810   -17    -2119  248245  2353428 
11450 15.06      17   17     7     2    11180  -7000     2     1  1962   810    -2    -2121  248246  2353428 
11569 16.00      20   20   121    34    11295  -7115    32    11  1992   821   -34    -2153  248276  2353439 
11698 16.75      21   21   124    36    11419  -7239    34    13  2027   833   -36    -2189  248311  2353451 
11820 17.25      23   23   117    36    11536  -7356    33    13  2060   847   -36    -2225  248344  2353465 
11946 16.25      20   20   121    36    11656  -7476    34    13  2093   860   -36    -2261  248377  2353478 
12076 17.00      20   20   125    37    11781  -7601    35    13  2128   873   -37    -2298  248412  2353491 
12495 18.02      20   20   400   126    12180  -8000   118    43  2247   916  -126    -2425  248531  2353534 
12530 18.10      20   20   433   137    12214  -8034   129    47  2257   920  -137    -2435  248541  2353538 
12796 18.75      20   20   685   221    12466  -8286   208    76  2336   948  -221    -2519  248620  2353566 
13020 18.75      20   20   212    72    12678  -8498    68    25  2404   973   -72    -2591  248688  2353591 
