      WELL DATA SUMMARY                                                                                                                                                                                                      
            
Well  BLM 47B-20    
                         
Sec Az  135 S45E    
Elev   4102 KB      
CoordsNorth  245476 EAST              2357661 
                         Course               
  MD  Drift Drift D. AzimLength  DH     TVD     SSD    DNS   DEW   N-S   E-W  DSec   Sec    N-LAM E-LAM    
___________________________________________________________________________________________________________
                                                                                                                                                                                                                             
    0  0.00      54   54     0     0        0   4102     0     0     0     0     0      0  245476  2357661 
  102  0.35      54   54   102     0      102   4000     0     0     0     0     0      0  245476  2357661 
  145  0.50      54   54   145     1      145   3957     0     1     0     1     0      0  245476  2357662 
  256  1.00       1    1   111     1      256   3846     1     1     2     1     0      0  245478  2357662 
  460  0.75      10   10   204     3      460   3642     3     0     5     1    -2     -2  245481  2357662 
  608  1.00      28  332   148    -2      608   3494     2     0     7     1    -2     -4  245483  2357662 
  739  0.25      45  315   131     1      739   3363     1    -1     8     0    -1     -6  245484  2357661 
  865  0.50      72  252   126     1      865   3237     0    -1     8    -1    -1     -6  245484  2357660 
  984  0.75      86  266   245     2      984   3118     1    -2     9    -2    -2     -8  245485  2357659 
 1102  1.46      76  283   118     2     1102   3000     0    -2     9    -4    -2     -9  245485  2357657 
 1108  1.50      76  284   124     2     1108   2994     0    -2     9    -4    -2     -9  245485  2357657 
 1230  2.00      68  292   122     4     1230   2872     1    -4    10    -8    -3    -13  245486  2357653 
 1322  2.00      76  284    92     3     1322   2780     1    -3    11   -11    -3    -16  245487  2357650 
 1445  1.75      86  266   123     4     1445   2657     0    -4    12   -15    -3    -19  245488  2357646 
 1568  2.25      86  274   123     4     1568   2534     0    -4    12   -19    -3    -22  245488  2357642 
 1692  2.50      88  272   124     5     1692   2410     0    -5    12   -24    -4    -25  245488  2357637 
 1789  3.00      79  281    97     5     1788   2314     1    -5    12   -29    -4    -29  245488  2357632 
 1882  2.75      82  262    93     5     1881   2221     0    -5    13   -33    -3    -33  245489  2357628 
 1974  2.25      86  266    92     4     1973   2129     0    -4    12   -37    -3    -35  245488  2357624 
 2068  2.00      90  270    94     3     2067   2035     0    -3    12   -41    -2    -37  245488  2357620 
 2103  2.10      88  272    35     1     2102   2000     0    -1    12   -42    -1    -38  245488  2357619 
 2160  2.25      86  274    92     3     2159   1943     0    -3    12   -44    -2    -40  245488  2357617 
 2251  2.25      81  261    91     4     2250   1852     0    -4    12   -48    -2    -42  245488  2357613 
 2343  2.50      86  266    92     4     2342   1760     0    -4    12   -52    -2    -45  245488  2357609 
 2404  2.75      69  249    61     3     2403   1699    -1    -3    11   -54    -2    -46  245487  2357607 
 2496  2.75      65  245    92     4     2495   1607    -2    -4     9   -58    -2    -48  245485  2357603 
 2622  2.50      64  244   126     6     2621   1481    -2    -5     7   -64    -2    -50  245483  2357597 
 2686  3.75      74  254    64     3     2685   1417    -1    -3     5   -67    -1    -51  245481  2357594 
 2718  3.50      68  248    32     2     2716   1386    -1    -2     5   -69    -1    -52  245481  2357592 
 2749  3.00      53  233    31     2     2747   1355    -1    -2     4   -70     0    -53  245480  2357591 
 2780  2.50      36  216    31     1     2778   1324    -1    -1     3   -71     0    -53  245479  2357590 
 2912  4.50      26  154   132     8     2910   1192    -8    -1    -5   -72     5    -47  245471  2357589 
 2965  6.00      28  152    53     5     2963   1139    -4     2    -9   -70     5    -43  245467  2357591 
 2995  6.25      33  147    30     3     2993   1109    -3     2   -12   -68     3    -40  245464  2357593 
 3025  6.50      37  143    30     3     3023   1079    -3     2   -15   -66     3    -36  245461  2357595 
 3056  7.25      36  144    31     4     3053   1049    -3     2   -18   -64     4    -33  245458  2357597 
 3087  7.75      36  144    31     4     3084   1018    -3     2   -21   -62     4    -29  245455  2357599 
 3105  7.75      39  141    18     2     3102   1000    -2     1   -23   -60     2    -26  245453  2357601 
 3118  7.75      41  139    31     4     3115    987    -3     3   -25   -59     4    -25  245451  2357602 
 3149  7.75      55  125    31     4     3146    956    -3     3   -27   -56     4    -20  245449  2357605 
 3181  8.00      48  132    32     4     3177    925    -3     3   -30   -53     4    -16  245446  2357608 
 3212  8.50      50  130    31     4     3208    894    -3     3   -33   -49     4    -12  245443  2357612 
 3244  8.25      54  126    32     5     3240    862    -3     4   -36   -46     5     -7  245440  2357615 
 3275  8.50      55  125    31     5     3270    832    -3     4   -38   -42     4     -3  245438  2357619 
 3339  9.25      58  122    63    10     3333    769    -5     8   -44   -34    10      7  245432  2357627 
 3432 10.75      56  124    92    16     3425    677    -9    14   -53   -20    16     23  245423  2357641 
 3528 12.75      61  119    94    20     3519    583   -10    17   -63    -4    19     42  245413  2357657 
 3622 15.00      64  116    91    23     3610    492   -10    20   -73    16    21     63  245403  2357677 
 3715 17.00      63  117    89    26     3700    402   -11    23   -85    39    24     88  245391  2357700 
 3808 17.75      63  117    89    28     3788    314   -13    25   -97    64    26    114  245379  2357725 
 3834 18.07      64  116    25     8     3813    289    -4     7  -101    71     8    122  245375  2357732 
 3890 18.75      65  115    78    26     3866    236   -11    23  -109    87    24    138  245367  2357748 
 3958 19.22      63  117    64    22     3931    171   -10    20  -118   107    21    159  245358  2357768 
 3962 19.25      63  117    68    23     3934    168   -10    21  -119   108    22    161  245357  2357769 
 4040 20.00      64  116    73    26     4008     94   -12    23  -131   132    25    185  245345  2357793 
 4074 20.00      63  117    32    12     4040     62    -5    10  -136   142    11    197  245340  2357803 
 4132 20.00      61  119    86    31     4094      8   -15    28  -145   160    30    215  245331  2357821 
 4140 20.00      61  119     8     3     4102      0    -1     2  -146   162     3    218  245330  2357823 
 4163 20.00      62  118    29    11     4123    -21    -5     9  -150   169    10    226  245326  2357830 
 4257 20.00      64  116   117    43     4212   -110   -20    38  -165   198    41    256  245311  2357859 
 4352 20.00      62  118    89    32     4301   -199   -15    29  -180   227    31    287  245296  2357888 
 4442 20.00      62  118    85    31     4386   -284   -14    27  -194   254    29    317  245282  2357915 
 4565 19.75      62  118   116    42     4501   -399   -20    37  -214   291    40    357  245262  2357952 
 4659 20.00      59  121    88    32     4590   -488   -16    28  -229   318    31    387  245247  2357979 
 4666 19.93      59  121     7     2     4596   -494    -1     2  -231   320     2    390  245245  2357981 
 4753 19.00      60  120    89    31     4678   -576   -16    27  -245   345    30    418  245231  2358006 
 4848 19.50      58  122    90    31     4768   -666   -16    27  -261   372    30    448  245215  2358033 
 4982 18.50      56  124   127    44     4895   -793   -24    37  -285   409    43    491  245191  2358070 
 5075 18.25      56  124    88    29     4983   -881   -16    24  -302   433    29    520  245174  2358094 
 5138 18.25      56  124    60    20     5043   -941   -11    16  -313   450    19    539  245163  2358111 
 5200 18.14      55  125    59    19     5102  -1000   -11    16  -324   466    19    558  245152  2358127 
 5222 18.10      55  125    80    26     5123  -1021   -15    22  -328   471    26    565  245148  2358132 
 5280 18.00      54  126   135    44     5178  -1076   -25    36  -338   486    44    582  245138  2358147 
 5330 18.19      53  127    48    16     5225  -1123    -9    12  -347   498    15    598  245129  2358159 
 5467 18.71      50  130   130    43     5355  -1253   -27    34  -374   532    43    641  245102  2358193 
 5544 19.00      49  131   250    84     5428  -1326   -52    66  -390   551    83    666  245086  2358212 
 5637 19.25      50  130    88    30     5516  -1414   -20    23  -410   574    30    696  245066  2358235 
 5762 19.00      47  133   118    41     5634  -1532   -27    31  -437   605    41    737  245039  2358266 
 5886 19.00      48  132   117    40     5751  -1649   -27    30  -464   635    40    777  245012  2358296 
 6010 18.75      49  131   117    40     5869  -1767   -27    30  -491   665    40    817  244985  2358326 
 6069 18.52      49  131    56    19     5925  -1823   -12    14  -503   679    19    836  244973  2358340 
 6137 18.25      48  132   120    40     5989  -1887   -27    30  -518   695    40    858  244958  2358356 
 6256 19.20      44  136   113    38     6102  -2000   -26    28  -544   723    38    896  244932  2358384 
 6262 19.25      44  136   118    40     6107  -2005   -28    29  -546   724    40    898  244930  2358385 
 6292 19.21      44  136    28    10     6136  -2034    -7     7  -553   731    10    908  244923  2358392 
 6406 19.06      44  136   108    37     6243  -2141   -27    26  -580   757    37    945  244896  2358418 
 6449 19.00      44  136   177    61     6284  -2182   -44    43  -590   767    61    959  244886  2358428 
 6453 19.01      44  136     4     1     6288  -2186    -1     1  -591   768     1    960  244885  2358429 
 6773 19.75      42  138   306   107     6590  -2488   -79    73  -668   840   107   1066  244808  2358501 
 6920 20.00      46  134   138    50     6728  -2626   -36    35  -704   875    50   1116  244772  2358536 
 7076 19.75      47  133   147    53     6875  -2773   -37    38  -741   913    53   1169  244735  2358574 
 7317 19.10      50  130   227    80     7102  -3000   -53    60  -794   973    80   1249  244682  2358634 
 7356 19.00      50  130   264    93     7139  -3037   -62    70  -802   983    93   1262  244674  2358644 
 7575 18.75      50  130   207    71     7346  -3244   -46    54  -848  1037    71   1333  244628  2358698 
 7824 18.50      46  134   236    80     7582  -3480   -53    59  -901  1096    79   1412  244575  2358757 
 8198 22.50      47  133   350   131     7932  -3830   -90    95  -991  1191   131   1543  244485  2358852 
 8381 22.32      48  132   169    70     8102  -4000   -47    51 -1038  1242    70   1613  244438  2358903 
 8457 22.25      48  132   240    99     8172  -4070   -67    73 -1058  1264    98   1642  244418  2358925 
 8517 22.25      48  132    56    23     8227  -4125   -15    17 -1073  1281    23   1664  244403  2358942 
