      WELL DATA SUMMARY                                                                                   
            
Well  BLM 68A-20    
                         
Sec Az   41 N 45 E  
Elev   4076 KB      
CoordsNorth  245212 East              2358822 
                         Course               
  MD  Drift Drift D. AzimLength  DH     TVD     SSD    DNS   DEW   N-S   E-W  DSec   Sec   N-LAM   E-LAM  
__________________________________________________________________________________________________________
                                                                                                          
    0  0.00      60   60                        4076     0     0     0     0     0     0  245212  2358822 
   76  0.27      60   60    76     0       76   4000     0     0     0     0     0     0  245212  2358822 
  141  0.50      60   60   141     1      141   3935     0     1     0     1     1     1  245212  2358823 
  272  0.50      60   60   131     1      272   3804     1     1     1     2     1     2  245213  2358824 
  455  0.75      60   60   183     2      455   3621     1     2     2     3     2     4  245214  2358825 
  500  0.67      60   60    45     1      500   3576     0     0     2     4     1     4  245214  2358826 
  588  0.50      60   60    88     1      588   3488     0     1     3     5     1     5  245215  2358827 
  746  0.75      25   25   158     2      746   3330     1     1     4     6     2     7  245216  2358828 
  896  0.50      23   23   150     2      896   3180     1     1     5     6     2     8  245217  2358828 
 1000  0.29      56   56   104     1     1000   3076     1     0     6     7     1     9  245218  2358829 
 1018  0.25      62   62    18     0     1018   3058     0     0     6     7     0     9  245218  2358829 
 1076  0.41      56   56    58     0     1076   3000     0     0     6     7     0     9  245218  2358829 
 1110  0.50      52   52    92     1     1110   2966     0     1     6     7     1    10  245218  2358829 
 1270  0.25      40  220   160     1     1270   2806    -1     1     6     8     0     9  245218  2358830 
 1358  0.75      28  152    88     1     1358   2718    -1     0     5     8    -1     9  245217  2358830 
 1500  0.75      14  189   142     2     1500   2576    -2     0     3     8    -1     8  245215  2358830 
 1514  0.75      13  193    14     0     1514   2562     0     0     3     8     0     8  245215  2358830 
 1637  0.75       4  176   123     2     1637   2439    -2     0     1     8    -1     6  245213  2358830 
 1761  1.00      36  154   124     2     1761   2315    -2     0    -1     9    -1     5  245211  2358831 
 1857  0.50      11  191    96     1     1857   2219    -1     0    -2     9    -1     4  245210  2358831 
 1969  1.75      22  202   112     2     1969   2107    -2    -1    -4     8    -2     2  245208  2358830 
 2000  1.25      20  200    31     1     2000   2076    -1     0    -5     8    -1     2  245207  2358830 
 2030  0.75      14  194    30     1     2030   2046    -1     0    -5     8     0     1  245207  2358830 
 2061  0.25      55  235    31     0     2061   2015     0     0    -6     8     0     1  245206  2358830 
 2076  0.38      62  152    15     0     2076   2000     0     0    -6     8     0     1  245206  2358830 
 2091  0.50      68   68    30     0     2091   1985     0     0    -6     8     0     1  245206  2358830 
 2123  1.00      68   68    32     0     2123   1953     0     0    -6     8     0     1  245206  2358830 
 2216  2.00      52   52    93     2     2216   1860     1     2    -4    10     2     3  245208  2358832 
 2248  2.25      50   50    32     1     2248   1828     1     1    -4    11     1     5  245208  2358833 
 2279  2.75      47   47    31     1     2279   1797     1     1    -3    12     1     6  245209  2358834 
 2307  3.25      47   47    28     1     2307   1769     1     1    -2    13     1     7  245210  2358835 
 2338  3.75      43   43    31     2     2338   1738     1     1     0    15     2     9  245212  2358837 
 2370  4.50      40   40    32     2     2370   1706     2     2     1    16     2    12  245213  2358838 
 2401  5.00      43   43    31     3     2400   1676     2     2     3    18     3    14  245215  2358840 
 2489  7.00      41   41    88     9     2488   1588     7     6    10    24     9    23  245222  2358846 
 2500  7.03      41   41    11     1     2499   1577     1     1    11    25     1    25  245223  2358847 
 2586  7.25      39   39    85    11     2584   1492     8     7    19    32    11    35  245231  2358854 
 2651  9.75      40   40    64    10     2649   1427     7     6    27    38    10    45  245239  2358860 
 2756 11.50      50   50   103    19     2752   1324    14    14    40    51    19    64  245252  2358873 
 2818 12.00      51   51    61    13     2812   1264     8    10    49    61    12    77  245261  2358883 
 2848 12.25      49   49    29     6     2842   1234     4     5    53    66     6    83  245265  2358888 
 2907 12.75      48   48    58    13     2899   1177     8    10    61    76    13    96  245273  2358898 
 2967 13.25      50   50    58    13     2958   1118     9    10    70    86    13   109  245282  2358908 
 3000 13.66      51   51    32     8     2990   1086     5     6    75    92     8   117  245287  2358914 
 3028 14.00      51   51    27     7     3017   1059     4     5    79    97     7   123  245291  2358919 
 3088 14.75      47   47    58    15     3075   1001    10    11    89   108    15   138  245301  2358930 
 3089 14.75      47   47     1     0     3076   1000     0     0    89   108     0   138  245301  2358930 
 3165 14.50      47   47    75    19     3150    926    13    14   102   122    19   157  245314  2358944 
 3245 14.75      48   48    77    20     3227    849    14    15   116   137    20   177  245328  2358959 
 3369 14.25      45   45   120    31     3347    729    21    23   137   160    31   208  245349  2358982 
 3471 14.50      46   46    99    25     3446    630    18    18   155   178    25   233  245367  2359000 
 3500 14.41      46   46    28     7     3474    602     5     5   160   183     7   241  245372  2359005 
 3556 14.25      47   47    54    14     3528    548    10    10   169   193    14   254  245381  2359015 
 3648 13.75      46   46    89    22     3618    458    15    16   185   209    22   277  245397  2359031 
 3743 14.50      46   46    92    23     3710    366    16    17   201   226    23   300  245413  2359048 
 3836 15.00      45   45    90    24     3800    276    17    17   217   243    24   323  245429  2359065 
 3929 15.75      45   45    90    25     3889    187    17    17   235   260    25   348  245447  2359082 
 4000 16.13      46   46    68    19     3958    118    14    14   248   274    19   367  245460  2359096 
 4022 16.25      46   46    89    26     3979     97    18    18   253   279    26   373  245465  2359101 
 4116 16.75      42   42    90    27     4069      7    19    19   272   297    27   400  245484  2359119 
 4123 16.75      42   42     7     2     4076      0     1     1   273   298     2   402  245485  2359120 
 4206 16.75      42   42    86    26     4155    -79    19    17   291   314    26   426  245503  2359136 
 4244 17.00      41   41    36    11     4191   -115     8     7   300   322    11   437  245512  2359144 
 4330 18.00      39   39    82    26     4273   -197    20    17   319   338    26   463  245531  2359160 
 4394 19.25      40   40    61    20     4334   -258    16    13   335   351    20   483  245547  2359173 
 4491 21.25      38   38    91    34     4425   -349    26    21   361   372    34   517  245573  2359194 
 4500 21.25      38   38     8     3     4433   -357     3     2   364   374     3   520  245576  2359196 
 4582 21.25      36   36    76    30     4510   -434    24    18   388   392    30   550  245600  2359214 
 4645 21.50      35   35    59    23     4569   -493    19    13   406   406    23   573  245618  2359228 
 4731 20.75      39   39    80    31     4649   -573    25    19   431   424    31   604  245643  2359246 
 4762 20.50      41   41    29    11     4678   -602     8     7   439   431    11   615  245651  2359253 
 4793 20.50      44   44    29    11     4707   -631     8     7   447   439    11   625  245659  2359261 
 5000 21.36      46   46   193    74     4900   -824    52    52   500   491    74   699  245712  2359313 
 5035 21.50      46   46    33    13     4933   -857     9     9   509   500    13   712  245721  2359322 
 5090 22.14      46   46    51    20     4984   -908    14    15   523   515    20   732  245735  2359337 
 5099 22.25      46   46     8     3     4992   -916     2     2   525   517     3   736  245737  2359339 
 5190 22.01      44   44    84    34     5076  -1000    24    24   549   541    34   770  245761  2359363 
 5194 22.00      44   44    88    36     5080  -1004    25    25   551   542    36   771  245763  2359364 
 5319 21.75      43   43   116    47     5196  -1120    34    32   584   575    47   818  245796  2359397 
 5444 22.00      43   43   116    47     5312  -1236    34    32   618   606    47   864  245830  2359428 
 5500 22.23      43   43    52    21     5364  -1288    15    14   634   621    21   886  245846  2359443 
 5568 22.50      42   42    63    26     5427  -1351    19    17   653   638    26   911  245865  2359460 
 5693 22.00      41   41   116    47     5543  -1467    35    31   688   669    47   959  245900  2359491 
 5819 22.00      43   43   117    47     5659  -1583    35    32   724   701    47  1006  245936  2359523 
 5900 21.82      42   42    75    30     5735  -1659    22    20   746   721    30  1036  245958  2359543 
 5934 21.75      42   42   107    43     5766  -1690    32    29   755   730    43  1049  245967  2359552 
 6000 21.87      42   42    61    25     5827  -1751    18    16   773   746    25  1073  245985  2359568 
 6070 22.00      43   43   126    51     5892  -1816    37    34   792   764    51  1099  246004  2359586 
 6184 21.75      41   41   106    42     5998  -1922    32    28   824   793    42  1142  246036  2359615 
 6268 21.60      39   39    78    31     6076  -2000    24    20   848   813    31  1173  246060  2359635 
 6325 21.50      38   38   131    52     6129  -2053    40    33   864   826    52  1194  246076  2359648 
 6471 21.50      37   37   136    54     6265  -2189    42    33   907   858    53  1247  246119  2359680 
 6500 21.77      37   37    27    11     6292  -2216     9     6   915   865    11  1258  246127  2359687 
 6607 22.75      35   35    99    41     6391  -2315    33    24   948   888    40  1298  246160  2359710 
 6731 22.75      35   35   114    48     6505  -2429    39    28   987   916    48  1346  246199  2359738 
 6846 22.00      35   35   106    44     6612  -2536    36    25  1023   941    44  1389  246235  2359763 
 6971 22.00      35   35   116    47     6728  -2652    38    27  1062   968    47  1436  246274  2359790 
 7000 22.06      35   35    27    11     6755  -2679     9     6  1070   974    11  1447  246282  2359796 
 7095 22.25      35   35    88    36     6843  -2767    29    21  1100   995    36  1482  246312  2359817 
 7230 22.00      33   33   125    51     6968  -2892    42    28  1142  1023    50  1533  246354  2359845 
 7345 21.50      30   30   107    43     7074  -2998    36    22  1178  1045    42  1575  246390  2359867 
 7347 21.48      30   30     2     1     7076  -3000     1     0  1179  1046     1  1576  246391  2359868 
 7474 20.00      32   32   121    46     7195  -3119    39    24  1217  1069    45  1620  246429  2359891 
 7500 19.60      32   32    24     9     7220  -3144     7     5  1225  1073     9  1629  246437  2359895 
 7604 18.00      31   31    98    34     7318  -3242    29    17  1254  1091    33  1662  246466  2359913 
 7729 16.25      33   33   119    37     7437  -3361    31    20  1285  1110    36  1698  246497  2359932 
 7853 13.00      36   36   120    31     7557  -3481    26    18  1311  1128    31  1729  246523  2359950 
 7905 13.00      36   36    51    12     7608  -3532     9     7  1320  1135    12  1741  246532  2359957 
                                                                                                          
                                                                                                          
                                                                                                          
                                                                                                          
                                                                                                          
                                                                                                          
                                                                                                          
                                                                                                          
                                                                                                          
                                                                                                          
                                                                                                          
                                                                                                          
                                                                                                          
                                                                                                          
                                                                                                          
                                                                                                          
                                                                                                          
                                                                                                          
                                                                                                          
                                                                                                          
                                                                                                          
                                                                                                          
                                                                                                          
                                                                                                          
                                                                                                          
                                                                                                          
                                                                                                          
                                                                                                          
                                                                                                          
                                                                                                          
                                                                                                          
                                                                                                          
                                                                                                          
                                                                                                          
                                                                                                          
                                                                                                          
                                                                                                          
                                                                                                          
                                                                                                          
                                                                                                          
                                                                                                          
                                                                                                          
                                                                                                          
                                                                                                          
                                                                                                          
                                                                                                          
                                                                                                          
                                                                                                          
                                                                                                          
                                                                                                          
                                                                                                          
                                                                                                          
                                                                                                          
                                                                                                          
                                                                                                          
                                                                                                          
                                                                                                          
                                                                                                          
                                                                                                          
                                                                                                          
                                                                                                          
                                                                                                          
                                                                                                          
                                                                                                          
                                                                                                          
                                                                                                          
                                                                                                          
                                                                                                          
                                                                                                          
                                                                                                          
                                                                                                          
                                                                                                          
                                                                                                          
                                                                                                          
                                                                                                          
                                                                                                          
                                                                                                          
                                                                                                          
                                                                                                          
                                                                                                          
                                                                                                          
                                                                                                          
                                                                                                          
                                                                                                          
                                                                                                          
                                                                                                          
                                                                                                          
                                                                                                          
                                                                                                          
                                                                                                          
                                                                                                          
                                                                                                          
                                                                                                          
                                                                                                          
                                                                                                          
                                                                                                          
                                                                                                          
                                                                                                          
                                                                                                          
                                                                                                          
                                                                                                          
