      WELL DATA SUMMARY                                                                                      
            
Well  BLM 74B-19RD  
                         
Sec Az   70 N 70 E  
Elev   4150 KB      
CoordsNorth  247402 East              2354499 
                         Course               
  MD  Drift Drift D. AzimLength  DH     TVD     SSD    DNS   DEW   N-S   E-W  DSec    Sec     N-LAM E-LAM    
_____________________________________________________________________________________________________________
                                                                                                             
    0  0.00      38  322                        4150     0     0     0     0     0        0  247402  2354499 
  140  0.46      38  322   140     1      140   4010     0     0     0     0     0        0  247402  2354499 
  150  0.49      38  322    10     0      150   4000     0     0     1     0     0        0  247403  2354499 
  153  0.50      38  322   153     1      153   3997     1     0     1     0     0        0  247403  2354499 
  190  0.60      38  322    37     0      190   3960     0     0     1    -1     0        0  247403  2354498 
  336  1.00      38  322   183     2      336   3814     2    -1     2    -2    -1       -1  247404  2354497 
  500  0.83      38  322   164     3      500   3650     2    -2     4    -3    -1       -2  247406  2354496 
  573  0.75      38  322   237     4      573   3577     3    -2     5    -4    -1       -2  247407  2354495 
  647  0.75      53  307    74     1      647   3503     1    -1     6    -5     0       -2  247408  2354494 
  709  0.50      67  293    62     1      709   3441     0    -1     6    -5     0       -3  247408  2354494 
  772  0.75      14  346    63     1      772   3378     1     0     7    -6     0       -3  247409  2354493 
  834  0.50       8  352    62     1      834   3316     1     0     7    -6     0       -3  247409  2354493 
  896  0.00       0  360    62     0      896   3254     0     0     8    -6     0       -3  247410  2354493 
  960  0.75      46  314    64     0      960   3190     0     0     8    -6     0       -3  247410  2354493 
  992  1.25      46  314    32     1      992   3158     0     0     9    -7     0       -3  247411  2354492 
 1000  1.38      47  313     8     0     1000   3150     0     0     9    -7     0       -3  247411  2354492 
 1023  1.75      48  312    31     1     1023   3127     1    -1     9    -7     0       -4  247411  2354492 
 1055  2.25      52  308    32     1     1055   3095     1    -1    10    -8    -1       -4  247412  2354491 
 1086  2.75      55  305    31     1     1086   3064     1    -1    11    -9    -1       -5  247413  2354490 
 1117  3.50      61  299    31     2     1117   3033     1    -1    11   -11    -1       -6  247413  2354488 
 1148  4.25      59  301    31     2     1148   3002     1    -2    13   -12    -1       -7  247415  2354487 
 1150  4.27      59  301     2     0     1150   3000     0     0    13   -12     0       -7  247415  2354487 
 1238  5.25      52  308    90     7     1237   2913     4    -6    17   -18    -4      -12  247419  2354481 
 1300  5.25      52  308    62     6     1299   2851     3    -4    20   -23    -3      -15  247422  2354476 
 1363  5.25      48  312    63     6     1362   2788     4    -4    24   -27    -3      -18  247426  2354472 
 1487  5.00      46  314   124    11     1485   2665     8    -8    32   -35    -5      -23  247434  2354464 
 1500  4.97      46  314    13     1     1498   2652     1    -1    32   -36     0      -23  247434  2354463 
 1612  4.75      49  311   125    11     1610   2540     7    -8    39   -43    -5      -27  247441  2354456 
 1733  4.00      45  315   121     9     1731   2419     6    -7    45   -50    -4      -32  247447  2354449 
 1828  4.00      46  314    95     7     1825   2325     5    -5    50   -55    -3      -34  247452  2354444 
 1859  4.25      45  315    31     2     1856   2294     2    -2    51   -56    -1      -35  247453  2354443 
 1922  4.00      50  310    63     5     1919   2231     3    -3    54   -60    -2      -38  247456  2354439 
 1986  4.00      45  315    64     4     1983   2167     3    -3    57   -63    -2      -40  247459  2354436 
 2000  3.67      43  317    14     1     1997   2153     1    -1    58   -64     0      -40  247460  2354435 
 2018  3.25      41  319    32     2     2015   2135     1    -1    59   -64    -1      -40  247461  2354435 
 2085  4.75      49  311    67     5     2082   2068     3    -3    62   -68    -2      -42  247464  2354431 
 2176  5.25      68  292    91     8     2172   1978     4    -7    66   -74    -5      -47  247468  2354425 
 2153  5.37      68  292   -23    -2     2150   2000    -1     2    65   -72     2      -46  247467  2354427 
 2270  4.75      70  290    94     8     2266   1884     3    -8    69   -82    -6      -53  247471  2354417 
 2395  5.75      74  286   124    11     2391   1759     4   -11    73   -93    -9      -63  247475  2354406 
 2500  5.21      66  294   105    10     2495   1655     3    -9    76  -102    -8      -70  247478  2354397 
 2540  5.00      63  297   144    14     2535   1615     5   -13    78  -106   -10      -73  247480  2354393 
 2571  5.00      56  304    31     3     2566   1584     1    -2    79  -108    -2      -74  247481  2354391 
 2635  5.00      43  317    64     6     2630   1520     4    -4    83  -112    -3      -77  247485  2354387 
 2746  5.00       3  357   111    10     2740   1410     9    -4    92  -116    -1      -78  247494  2354383 
 2822  5.75       4    4    76    -7     2816   1334     7     0    99  -116     2      -75  247501  2354383 
 2884  5.25      15   15    62     6     2877   1273     6     1   105  -115     3      -72  247507  2354384 
 2946  5.75      33   33    62     6     2939   1211     5     2   110  -112     4      -68  247512  2354387 
 3000  6.39      43   43    54     6     2993   1157     4     4   114  -109     5      -63  247516  2354390 
 3009  6.50      45   45    63     7     3002   1148     5     4   115  -108     6      -62  247517  2354391 
 3088  7.25      54   54    78     9     3080   1070     6     7   121  -101     9      -53  247523  2354398 
 3158  8.21      51   51    69     9     3150   1000     6     7   127   -94     9      -45  247529  2354405 
 3161  8.25      51   51    72    10     3153    997     6     8   127   -93     9      -44  247529  2354406 
 3197  8.75      51   51    36     5     3188    962     3     4   131   -89     5      -39  247533  2354410 
 3224  8.75      54   54    27     4     3215    935     3     3   133   -86     4      -35  247535  2354413 
 3281  9.00      65   65    56     9     3271    879     4     8   138   -78     9      -27  247540  2354421 
 3388 10.75      72   72   105    18     3377    773     7    17   144   -61    18       -8  247546  2354438 
 3450 11.50      74   74    61    12     3437    713     3    11   148   -50    12        4  247550  2354449 
 3500 12.10      75   75    49    10     3486    664     3    10   151   -40    10       14  247553  2354459 
 3512 12.25      75   75    61    13     3498    652     3    12   151   -37    13       17  247553  2354462 
 3565 12.50      74   74    52    11     3550    600     3    11   154   -27    11       28  247556  2354472 
 3659 13.00      74   74    92    21     3642    508     6    20   160    -7    21       49  247562  2354492 
 3753 13.00      73   73    92    21     3733    417     6    20   166    14    21       70  247568  2354513 
 3846 13.25      73   73    91    21     3824    326     6    20   172    34    21       91  247574  2354533 
 3940 13.75      74   74    91    22     3915    235     6    21   178    55    22      113  247580  2354554 
 4000 13.75      74   74    58    14     3973    177     4    14   182    69    14      127  247584  2354568 
 4065 13.75      74   74   121    30     4037    113     8    29   187    83    30      142  247589  2354582 
 4159 14.75      72   72    91    23     4128     22     7    22   193   106    23      165  247595  2354605 
 4182 14.75      72   72    22     6     4150      0     2     6   195   111     6      171  247597  2354610 
 4255 14.75      72   72    93    24     4221    -71     8    23   201   129    24      190  247603  2354628 
 4325 14.37      71   71    68    18     4288   -138     6    17   206   146    18      207  247608  2354645 
 4348 14.25      71   71    90    23     4311   -161     7    22   208   151    23      213  247610  2354650 
 4360 14.25      71   71    12     3     4322   -172     1     3   209   154     3      216  247611  2354653 
 4442 14.25      73   73    91    23     4402   -252     7    22   215   173    23      236  247617  2354672 
 4500 14.25      74   74    56    14     4458   -308     4    14   220   187    14      250  247622  2354686 
 4542 14.25      74   74    97    25     4499   -349     7    24   222   197    25      261  247624  2354696 
 4635 14.00      74   74    90    23     4589   -439     6    22   229   218    23      283  247631  2354717 
 4729 14.50      75   75    91    23     4680   -530     6    22   235   241    23      306  247637  2354740 
 4823 14.25      74   74    91    23     4771   -621     6    22   241   263    23      330  247643  2354762 
 4916 14.75      71   71    90    23     4861   -711     7    22   248   285    23      353  247650  2354784 
 5000 14.75      71   71    81    21     4942   -792     7    20   255   306    21      374  247657  2354805 
 5011 14.75      71   71    92    24     4953   -803     8    23   256   308    24      377  247658  2354807 
 5107 14.75      67   67    93    24     5046   -896     9    23   265   331    24      402  247667  2354830 
 5200 15.00      64   64    90    24     5136   -986    10    22   275   353    24      425  247677  2354852 
 5215 15.00      64   64    14     4     5150  -1000     2     3   276   356     4      429  247678  2354855 
 5293 15.00      67   67    90    24     5225  -1075    10    22   285   375    24      449  247687  2354874 
 5417 14.75      68   68   120    32     5345  -1195    12    29   297   404    32      481  247699  2354903 
 5500 14.35      67   67    80    21     5426  -1276     8    19   305   423    21      502  247707  2354922 
 5574 14.00      67   67   152    39     5497  -1347    15    36   312   440    39      520  247714  2354939 
 5729 14.00      67   67   150    37     5648  -1498    15    35   326   475    37      558  247728  2354974 
 5880 11.75      62   62   147    34     5795  -1645    14    30   341   505    33      591  247743  2355004 
 6000 11.75      61   61   117    24     5912  -1762    12    22   352   526    24      615  247754  2355025 
 6040 11.75      61   61   157    33     5952  -1802    16    29   356   534    32      623  247758  2355033 
 6164 11.95      56   56   121    25     6073  -1923    13    22   370   555    25      648  247772  2355054 
 6196 12.00      55   55   153    32     6104  -1954    17    27   373   561    31      655  247775  2355060 
 6243 12.00      55   55    46    10     6150  -2000     6     8   379   569     9      664  247781  2355068 
 6445 12.00      57   57   244    52     6348  -2198    29    43   402   604    50      705  247804  2355103 
 6500 11.58      58   58    54    11     6402  -2252     6     9   408   613    11      716  247810  2355112 
 6541 11.27      59   59    40     8     6442  -2292     4     7   413   620     8      724  247815  2355119 
 6699 10.06      63   63   155    29     6597  -2447    14    26   427   646    29      753  247829  2355145 
 6746  9.70      65   65    46     8     6643  -2493     4     7   430   653     8      761  247832  2355152 
 7000  7.76      71   71   251    39     6894  -2744    15    36   445   689    39      799  247847  2355188 
 7231  6.00      77   77   776   123     7124  -2974    48   113   450   717   123      828  247852  2355216 
 7257  6.00      77   77    26     3     7150  -3000     1     3   451   720     3      830  247853  2355219 
 7439  6.00      77   77   982   155     7330  -3180    61   143   463   747   155      860  247865  2355246 
                                                                                                             
                                                                                                             
                                                                                                             
                                                                                                             
                                                                                                             
                                                                                                             
                                                                                                             
                                                                                                             
                                                                                                             
                                                                                                             
                                                                                                             
                                                                                                             
                                                                                                             
                                                                                                             
                                                                                                             
                                                                                                             
                                                                                                             
                                                                                                             
                                                                                                             
                                                                                                             
                                                                                                             
                                                                                                             
                                                                                                             
                                                                                                             
                                                                                                             
                                                                                                             
                                                                                                             
                                                                                                             
                                                                                                             
                                                                                                             
                                                                                                             
                                                                                                             
                                                                                                             
                                                                                                             
                                                                                                             
                                                                                                             
                                                                                                             
                                                                                                             
                                                                                                             
                                                                                                             
                                                                                                             
                                                                                                             
                                                                                                             
                                                                                                             
                                                                                                             
                                                                                                             
                                                                                                             
                                                                                                             
                                                                                                             
                                                                                                             
                                                                                                             
                                                                                                             
                                                                                                             
                                                                                                             
                                                                                                             
                                                                                                             
                                                                                                             
                                                                                                             
                                                                                                             
                                                                                                             
                                                                                                             
                                                                                                             
                                                                                                             
                                                                                                             
                                                                                                             
                                                                                                             
                                                                                                             
                                                                                                             
                                                                                                             
                                                                                                             
                                                                                                             
                                                                                                             
                                                                                                             
                                                                                                             
                                                                                                             
                                                                                                             
                                                                                                             
                                                                                                             
                                                                                                             
                                                                                                             
                                                                                                             
                                                                                                             
                                                                                                             
                                                                                                             
                                                                                                             
                                                                                                             
                                                                                                             
                                                                                                             
                                                                                                             
                                                                                                             
                                                                                                             
                                                                                                             
                                                                                                             
                                                                                                             
                                                                                                             
                                                                                                             
                                                                                                             
                                                                                                             
                                                                                                             
                                                                                                             
                                                                                                             
                                                                                                             
                                                                                                             
                                                                                                             
                                                                                                             
                                                                                                             
                                                                                                             
                                                                                                             
                                                                                                             
                                                                                                             
                                                                                                             
                                                                                                             
                                                                                                             
                                                                                                             
                                                                                                             
                                                                                                             
                                                                                                             
                                                                                                             
                                                                                                             
                                                                                                             
                                                                                                             
                                                                                                             
                                                                                                             
                                                                                                             
                                                                                                             
                                                                                                             
                                                                                                             
                                                                                                             
                                                                                                             
