      WELL DATA SUMMARY                                                                                                                                                                                                        
            
Well  NAVY I 78-6   
                         
Sec Az   50         
Elev   4181 KB      
CoordsNorth  260508 East              2354158 
                         Course               
  MD  Drift Drift D. AzimLength  DH     TVD     SSD    DNS   DEW   N-S   E-W  DSec    Sec     N-LAM E-LAM    
_____________________________________________________________________________________________________________
                                                                                                                                                                                                                               
    0  0.00      89  269                        4181     0     0     0     0     0        0  260508  2354158                                                                                                                   
  131  0.75      89  269   131     1      131   4050     0    -1     0    -1    -1       -1  260508  2354157                                                                                                                   
  181  0.75      89  269    50     1      181   4000     0    -1     0    -2    -1       -1  260508  2354156                                                        4000         131   131     0    -1    -1  0.00 
  285  0.75      89  269   154     2      285   3896     0    -2     0    -3    -2       -2  260508  2354155                                                                                                                   
  460  1.00      89  269   175     3      460   3721     0    -3     0    -6    -2       -4  260508  2354152                                                                                                                   
  500  0.85      89  269    40     1      500   3681     0    -1     0    -6    -1       -5  260508  2354152                                                             
  527  0.75      89  269    27     0      527   3654     0     0     0    -7     0       -5  260508  2354151                                                                                                                   
  587  0.75      81   81    60     1      587   3594    -1     0    -1    -6     0       -6  260507  2354152                                                                                                                   
  618  1.50      59   59    31     1      618   3563     0     1    -1    -6     1       -5  260507  2354152                                                                                                                   
  648  2.25      59   59    30     1      648   3533     1     1     0    -5     1       -4  260508  2354153                                                                                                                   
  711  3.25      58   58    63     3      711   3470     2     3     1    -3     3       -1  260509  2354155                                                                                                                   
  742  4.00      58   58    31     2      742   3439     1     2     2    -1     2        1  260510  2354157                                                                                                                   
  774  5.25      53   53    32     3      774   3407     1     2     4     1     3        3  260512  2354159                                                                                                                   
  804  6.00      51   51    30     3      804   3377     2     2     6     4     3        6  260514  2354162                                                                                                                   
  835  6.50      50   50    31     3      834   3347     2     3     8     6     3       10  260516  2354164                                                                                                                   
  866  7.25      53   53    31     4      865   3316     2     3    10     9     4       14  260518  2354167                                                                                                                   
  897  8.00      54   54    31     4      896   3285     2     3    13    12     4       18  260521  2354170                                                                                                                   
  927  8.75      54   54    30     4      926   3255     3     4    15    16     4       22  260523  2354174                                                                                                                   
  959  9.50      54   54    32     5      957   3224     3     4    18    20     5       27  260526  2354178                                                                                                                   
  992 10.00      49   49    33     6      990   3191     3     4    22    24     6       33  260530  2354182                                                                                                                   
 1000 10.08      49   49     8     1      998   3183     1     1    23    25     1       34  260531  2354183                                                             
 1065 10.74      47   47    64    12     1061   3120     8     9    30    34    12       46  260538  2354192                                                                                                                   
 1115 11.25      45   45    49    10     1111   3070     7     7    37    41    10       55  260545  2354199                                                                                                                   
 1187 11.61      45   45    71    14     1181   3000    10    10    47    51    14       69  260555  2354209                                                        3000        1111  1115    37    41    55  0.00 
 1411 12.75      45   45   290    62     1400   2781    44    44    81    85    61      117  260589  2354243                                                                                                                   
 1449 13.00      46   46    37     8     1437   2744     6     6    87    91     8      125  260595  2354249                                                                                                                   
 1486 13.50      46   46    36     8     1473   2708     6     6    92    97     8      133  260600  2354255                                                                                                                   
 1500 13.73      47   47    14     3     1487   2694     2     2    95    99     3      137  260603  2354257                                                             
 1517 14.00      48   48    17     4     1503   2678     3     3    97   102     4      141  260605  2354260                                                                                                                   
 1549 15.00      49   49    31     8     1534   2647     5     6   103   108     8      149  260611  2354266                                                                                                                   
 1580 15.75      50   50    30     8     1564   2617     5     6   108   114     8      157  260616  2354272                                                                                                                   
 1612 16.75      52   52    31     9     1595   2586     6     7   114   121     9      166  260622  2354279                                                                                                                   
 1643 17.00      52   52    30     9     1625   2556     6     7   119   128     9      175  260627  2354286                                                                                                                   
 1675 18.00      52   52    31    10     1655   2526     6     8   125   136    10      185  260633  2354294                                                                                                                   
 1707 18.50      52   52    30    10     1685   2496     6     8   131   144    10      195  260639  2354302                                                                                                                   
 1738 19.00      50   50    29    10     1715   2466     6     8   138   152    10      205  260646  2354310                                                                                                                   
 1770 19.75      49   49    30    11     1745   2436     7     8   145   160    11      215  260653  2354318                                                                                                                   
 1802 20.75      50   50    30    11     1775   2406     7     8   152   168    11      226  260660  2354326                                                                                                                   
 1833 21.25      51   51    29    11     1804   2377     7     9   159   177    11      237  260667  2354335                                                                                                                   
 1893 22.00      53   53    56    22     1860   2321    14    17   172   194    22      259  260680  2354352                                                                                                                   
 1924 22.25      54   54    29    12     1888   2293     7     9   179   203    12      271  260687  2354361                                                                                                                   
 1956 22.50      56   56    30    12     1918   2263     7    10   186   213    12      283  260694  2354371                                                                                                                   
 2000 22.50      56   56    41    17     1959   2222     9    14   196   227    17      300  260704  2354385                                                             
 2025 22.50      56   56    23    10     1982   2199     5     8   201   235    10      310  260709  2354393                                                                                                                   
 2093 22.50      56   56    63    26     2045   2136    15    22   216   257    26      335  260724  2354415                                                                                                                   
 2145 22.50      56   56    48    20     2093   2088    11    16   227   273    20      355  260735  2354431                                                                                                                   
 2204 22.50      56   56    55    23     2147   2034    13    19   239   292    22      378  260747  2354450                                                                                                                   
                                                                                                                                                                                                                   



                                                                                                                                                                                                                   
                                                                                                                                                                                                                               
                                                                                                                                                                                                                               
                                                                                                                                                                                                                               
                                                                                                                                                                                                                               
                                                                                                                                                                                                                               
                                                                                                                                                                                                                               
                                                                                                                                                                                                                               
                                                                                                                                                                                                                               
                                                                                                                                                                                                                               
                                                                                                                                                                                                                               
                                                                                                                                                                                                                               
                                                                                                                                                                                                                               
                                                                                                                                                                                                                               
                                                                                                                                                                                                                               
                                                                                                                                                                                                                               
                                                                                                                                                                                                                               
                                                                                                                                                                                                                               
                                                                                                                                                                                                                               
                                                                                                                                                                                                                               
                                                                                                                                                                                                                               
                                                                                                                                                                                                                               
                                                                                                                                                                                                                               
                                                                                                                                                                                                                               
                                                                                                                                                                                                                               
                                                                                                                                                                                                                               
                                                                                                                                                                                                                               
                                                                                                                                                                                                                               
                                                                                                                                                                                                                               
                                                                                                                                                                                                                               
                                                                                                                                                                                                                               
                                                                                                                                                                                                                               
                                                                                                                                                                                                                               
                                                                                                                                                                                                                               
                                                                                                                                                                                                                               
                                                                                                                                                                                                                               
                                                                                                                                                                                                                               
                                                                                                                                                                                                                               
                                                                                                                                                                                                                               
                                                                                                                                                                                                                               
                                                                                                                                                                                                                               
                                                                                                                                                                                                                               
                                                                                                                                                                                                                               
                                                                                                                                                                                                                               
                                                                                                                                                                                                                               
                                                                                                                                                                                                                               
                                                                                                                                                                                                                               
                                                                                                                                                                                                                               
                                                                                                                                                                                                                               
                                                                                                                                                                                                                               
                                                                                                                                                                                                                               
                                                                                                                                                                                                                               




                                                                                                                                                                                                                               
                                                                                                                                                                                                                               
                                                                                                                                                                                                                               
                                                                                                                                                                                                                               
                                                                                                                                                                                                                               
                                                                                                                                                                                                                               
                                                                                                                                                                                                                               
                                                                                                                                                                                                                               
                                                                                                                                                                                                                               
                                                                                                                                                                                                                               
                                                                                                                                                                                                                               
                                                                                                                                                                                                                               
                                                                                                                                                                                                                               
                                                                                                                                                                                                                               
                                                                                                                                                                                                                               
                                                                                                                                                                                                                               
                                                                                                                                                                                                                               
                                                                                                                                                                                                                               
                                                                                                                                                                                                                               
                                                                                                                                                                                                                               
                                                                                                                                                                                                                               
                                                                                                                                                                                                                               
                                                                                                                                                                                                                               
                                                                                                                                                                                                                               
                                                                                                                                                                                                                               
                                                                                                                                                                                                                               
                                                                                                                                                                                                                               
                                                                                                                                                                                                                               
                                                                                                                                                                                                                               
                                                                                                                                                                                                                               
                                                                                                                                                                                                                               
                                                                                                                                                                                                                               
                                                                                                                                                                                                                               
                                                                                                                                                                                                                               
                                                                                                                                                                                                                               
                                                                                                                                                                                                                               
                                                                                                                                                                                                                               
                                                                                                                                                                                                                               
                                                                                                                                                                                                                               
                                                                                                                                                                                                                               
                                                                                                                                                                                                                               
                                                                                                                                                                                                                               
                                                                                                                                                                                                                               
                                                                                                                                                                                                                               
                                                                                                                                                                                                                               
                                                                                                                                                                                                                               
                                                                                                                                                                                                                               
                                                                                                                                                                                                                               
                                                                                                                                                                                                                               
                                                                                                                                                                                                                               
                                                                                                                                                                                                                               
                                                                                                                                                                                                                               
                                                                                                                                                                                                                               
                                                                                                                                                                                                                               
                                                                                                                                                                                                                               
                                                                                                                                                                                                                               
                                                                                                                                                                                                                               
                                                                                                                                                                                                                               
                                                                                                                                                                                                                               
                                                                                                                                                                                                                               
                                                                                                                                                                                                                               
                                                                                                                                                                                                                               
                                                                                                                                                                                                                               
                                                                                                                                                                                                                               
                                                                                                                                                                                                                               
                                                                                                                                                                                                                               
                                                                                                                                                                                                                               
                                                                                                                                                                                                                               
                                                                                                                                                                                                                               
                                                                                                                                                                                                                               
                                                                                                                                                                                                                               
                                                                                                                                                                                                                               
                                                                                                                                                                                                                               
                                                                                                                                                                                                                               
                                                                                                                                                                                                                               
                                                                                                                                                                                                                               
                                                                                                                                                                                                                               
                                                                                                                                                                                                                               
                                                                                                                                                                                                                               
                                                                                                                                                                                                                               
                                                                                                                                                                                                                               
                                                                                                                                                                                                                               
                                                                                                                                                                                                                               
                                                                                                                                                                                                                               
                                                                                                                                                                                                                               
                                                                                                                                                                                                                               
                                                                                                                                                                                           
                                                                                                                                                                                           
                                                                                                                                                                                           
                                                                                                                                                                                           
                                                                                                                                                                                           
                                                                                                                                                                                           
                                                                                                                                                                                           
                                                                                                                                                                                           
                                                                                                                                                                                           
                                                                                                                                                                                           
                                                                                                                                                                                           
                                                                                                                                                                                           
                                                                                                                                                                                           
