			WELL DATA SUMMARY																																			/ca11..aj12~a112~						{GOTO}r11~/fcceinsert3~
			 																																			/rva59..aj59~a59..aj59~						/wgc6~
		Well	51B-16 Drilling																																			/ma59..ak200~a63~						/rff0~a13..aj200~
		 	 	 	 																																	/ca11..aj12~a60~						/rff~c13..c200~
		Sec Azim	 	 																																		/ppr~gp{esc}{esc}{esc}						{GOTO}C3~WELL DATA SUMMARY~
		Elev	3746	KB																																								{GOTO}Q1~/WCS9~/WCHAH1~
	 	Coords:	North	254769	EAST	2363815																																						/PPOMR240~QQ
	 					 																																						{GOTO}A1~/wcs9~
Casing	 	MD	Drift A.	Drift D.	Azim	TVD	SSD	DNS	DEW	N-S	E-W	N-LAM	E-LAM																															{GOTO}D1~/wcs8~
	 	_________	_________	_________	_________	_________	_________	_________	_________	_________	_________	____________	_________																															{GOTO}H1~/wcs9~
	 				 																																							{GOTO}P1~/wcs8~
xxxxx	 	0	0	0	89	0	3746	0.0	0.0	0.0	0.0	254769.0	2363815.0																															/wchi1~
xxxxx	 	159	0	0	89	159	3587	0.0	0.0	0.0	0.0	254769.0	2363815.0																															/wchi1~
xxxxx	 	304	1	0	89	304	3442	0.0	0.9	0.0	0.9	254769.0	2363815.9																															/wchi1~
xxxxx	 	485	1	0	119	485	3261	-0.8	3.1	-0.7	4.0	254768.3	2363819.0																															/wchi1~
xxxxx		618	1	0	175	618	3128	-2.2	1.4	-2.9	5.4	254766.1	2363820.4																															
xxxxx	 	745	1	0	149	745	3001	-3.2	3.3	-3.9	7.3	254765.1	2363822.3																															/wchi1~
xxxxx		746	1	0	149	746	3000	0.0	0.0	-3.9	7.3	254765.1	2363822.3																															
xxxxx	 	911	1	0	173	911	2835	-2.7	0.9	-6.6	8.2	254762.4	2363823.2																															/wchi1~
xxxxx	 	1100	1	0	192	1100	2646	-3.7	-0.2	-10.3	8.1	254758.7	2363823.1																															/wchi1~
xxxxx		1255	2	0	136	1255	2491	-3.3	0.9	-13.6	9.0	254755.4	2363824.0																															
xxxxx	LC	1411	1	0	130	1411	2335	-2.0	2.1	-15.6	11.1	254753.4	2363826.1																															
xxxxx		1437	1	0	129	1437	2309	-2.1	2.3	-15.7	11.3	254753.3	2363826.3																															
xxxxx		1658	0	0	129	1658	2088	-0.6	0.7	-16.3	12.1	254752.7	2363827.1																															
xxxxx		1746	0	0	120	1746	2000	-0.2	0.3	-16.5	12.3	254752.5	2363827.3																															
xxxxx		1876	1	0	107	1876	1870	-0.9	1.7	-17.2	13.8	254751.8	2363828.8																															
xxxxx	-300BPH	1953	1	0	116	1953	1793	-0.6	1.4	-17.8	15.2	254751.2	2363830.2																															
xxxxx		2047	2	0	128	2047	1699	-1.7	3.3	-19.0	17.1	254750.0	2363832.1																															
xxxxx		2196	1	0	134	2196	1550	-2.3	2.7	-21.3	19.8	254747.7	2363834.8																															
xxxxx	 -440BPH	2322	2	0	139	2322	1424	-2.3	2.2	-23.7	22.0	254745.3	2363837.0																															
xxxxx	 -300BPH	2354	2	0	140	2354	1392	-0.7	0.6	-24.4	22.6	254744.6	2363837.6																															
xxxxx		2409	2	0	142	2409	1337	-4.5	4.0	-25.8	23.8	254743.2	2363838.8																															
xxxxx	LC	2440	2	0	136	2440	1306	-0.9	0.7	-26.7	24.5	254742.3	2363839.5
xxxxx		2507	3	0	125	2507	1239	-2.6	2.8	-28.4	26.6	254740.6	2363841.6
xxxxx	LC	2541	1	0	126	2541	1205	-0.7	0.9	-29.1	27.6	254739.9	2363842.6
xxxxx		2568	1	0	128	2568	1178	-0.9	1.3	-29.4	27.9	254739.6	2363842.9
xxxxx		2631	1	0	36	2631	1115	0.1	1.0	-29.2	28.9	254739.8	2363843.9
xxxxx		2692	3	0	45	2691	1055	1.6	1.4	-27.6	30.3	254741.4	2363845.3
xxxxx		2723	4	0	36	2722	1024	1.3	1.1	-26.3	31.4	254742.7	2363846.4
xxxxx		2747	4	0	37	2746	1000	1.3	1.0	-25.0	32.4	254744.0	2363847.4
xxxxx		2789	6	0	40	2788	958	4.2	3.3	-22.1	34.6	254746.9	2363849.6
xxxxx		2851	8	0	38	2850	896	5.6	4.5	-16.5	39.1	254752.5	2363854.1
xxxxx		2914	9	0	37	2912	834	7.4	5.7	-9.2	44.8	254759.8	2363859.8
xxxxx		2977	11	0	37	2974	772	8.7	6.5	-0.5	51.3	254768.5	2363866.3
xxxxx		3006	11	0	35	3003	743	4.4	3.1	3.9	54.5	254772.9	2363869.5
xxxxx		3071	12	0	30	3066	680	10.8	6.9	14.7	61.4	254783.7	2363876.4
xxxxx		3102	13	0	29	3097	649	5.8	3.2	20.4	64.6	254789.4	2363879.6
xxxxx		3133	14	0	29	3127	619	6.2	3.4	26.7	68.0	254795.7	2363883.0
xxxxx		3243	14	0	28	3234	512	22.8	12.2	49.4	80.2	254818.4	2363895.2
xxxxx		3355	13	0	29	3343	403	22.8	12.4	72.2	92.6	254841.2	2363907.6
xxxxx		3464	13	0	28	3449	297	22.0	11.9	94.2	104.5	254863.2	2363919.5
xxxxx		3559	13	0	28	3541	205	19.2	10.2	113.4	114.7	254882.4	2363929.7
xxxxx		3769	13	0	30	3746	0	41.4	23.2	154.7	137.9	254923.7	2363952.9
xxxxx		3812	13	0	31	3788	-42	49.5	28.0	162.9	142.8	254931.9	2363957.8
xxxxx	csg 13-3/8	3824	13	0	31	3800	-54	2.3	1.4	165.2	144.1	254934.2	2363959.1
xxxxx		3907	13	0	32	3880	-134	17.9	11.0	180.8	153.7	254949.8	2363968.7
xxxxx		4050	14	0	33	4020	-274	27.6	17.6	208.5	171.3	254977.5	2363986.3
xxxxx		4245	15	0	37	4209	-463	39.3	27.5	247.8	198.9	255016.8	2364013.9
xxxxx	-260 bph	4256	15	0	36	4219	-473	2.3	1.7	250.0	200.5	255019.0	2364015.5
xxxxx	LC	4369	16	0	26	4328	-582	25.4	15.3	275.4	215.8	255044.4	2364030.8
xxxxx		4426	16	0	21	4383	-637	42.0	23.3	289.7	222.1	255058.7	2364037.1
xxxxx	LC	4471	16	0	20	4426	-680	11.6	4.4	301.3	226.5	255070.3	2364041.5
xxxxx		4584	16	0	19	4535	-789	40.9	14.9	330.7	237.0	255099.7	2364052.0
xxxxx	section line	4630	16	0	22	4579	-833	11.9	4.4	342.6	241.4	255111.6	2364056.4
xxxxx	lc	4662	16	0	23	4610	-864	20.0	7.8	350.7	244.8	255119.7	2364059.8
xxxxx		4709	16	0	26	4655	-909	31.8	13.2	362.5	250.2	255131.5	2364065.2
xxxxx	lc	4753	16	0	24	4698	-952	11.0	5.1	373.5	255.3	255142.5	2364070.3
xxxxx		4803	16	0	22	4746	-1000	23.7	10.5	386.2	260.7	255155.2	2364075.7
xxxxx	lc	4812	16	0	21	4754	-1008	2.3	0.9	388.5	261.6	255157.5	2364076.6
xxxxx	Lc	4848	16	0	20	4789	-1043	9.3	3.5	397.8	265.2	255166.8	2364080.2
xxxxx		4869	16	0	19	4809	-1063	40.7	16.9	403.2	267.1	255172.2	2364082.1
xxxxx		4963	17	0	25	4899	-1153	24.8	10.0	428.0	277.1	255197.0	2364092.1
xxxxx	LC	5086	17	0	27	5017	-1271	32.7	15.9	460.7	293.0	255229.7	2364108.0
xxxxx	csg 9-5/8	5216	18	0	29	5141	-1395	34.7	18.5	495.4	311.5	255264.4	2364126.5
xxxxx		5273	18	0	30	5195	-1449	82.7	43.0	510.7	320.1	255279.7	2364135.1
xxxxx		5367	19	0	23	5284	-1538	26.7	13.3	537.4	333.4	255306.4	2364148.4
xxxxx		5417	19	0	30	5331	-1585	14.6	7.4	552.0	340.8	255321.0	2364155.8
xxxxx		5449	19	0	31	5361	-1615	9.0	5.4	561.0	346.2	255330.0	2364161.2
xxxxx		5513	18	0	30	5422	-1676	17.5	10.3	578.5	356.4	255347.5	2364171.4
xxxxx	-120bph	5557	17	0	29	5464	-1718	11.4	6.5	589.9	362.9	255358.9	2364177.9
xxxxx		5575	17	0	29	5481	-1735	16.0	9.0	594.4	365.4	255363.4	2364180.4
xxxxx	-35 bph	5602	17	0	27	5507	-1761	6.8	3.6	601.3	369.0	255370.3	2364184.0
xxxxx	-60bph	5630	17	0	25	5534	-1788	7.2	3.5	608.4	372.6	255377.4	2364187.6
xxxxx	-30bbls	5646	17	0	24	5549	-1803	4.2	1.9	612.6	374.4	255381.6	2364189.4
xxxxx		5606	17	0	27	5511	-1765	7.8	4.1	602.3	369.6	255371.3	2364184.6
xxxxx		5668	16	0	26	5571	-1825	15.7	7.7	617.9	377.3	255386.9	2364192.3
xxxxx		5731	15	0	25	5631	-1885	15.3	7.3	633.3	384.6	255402.3	2364199.6
xxxxx		5793	15	0	25	5691	-1945	14.4	6.8	647.6	391.4	255416.6	2364206.4
xxxxx		5850	14	0	22	5746	-2000	12.9	5.6	660.5	397.0	255429.5	2364212.0
xxxxx		5855	14	0	21	5751	-2005	14.0	6.0	661.7	397.4	255430.7	2364212.4
xxxxx		5918	14	0	18	5812	-2066	14.2	5.0	675.8	402.4	255444.8	2364217.4
xxxxx	-30bph	5942	13	0	16	5836	-2090	5.4	1.6	681.2	404.1	255450.2	2364219.1
bot=5960'	5980	13	0	13	5873	-2127	13.9	3.9	689.7	406.3	255458.7	2364221.3
slot=6028'	6043	12	0	15	5934	-2188	13.5	3.4	703.2	409.7	255472.2	2364224.7
sss		6106	11	0	11	5996	-2250	12.5	3.0	715.7	412.7	255484.7	2364227.7
sss		6168	11	0	1	6057	-2311	11.9	1.3	727.6	414.0	255496.6	2364229.0
sss		6231	11	0	354	6119	-2373	12.1	-0.5	739.7	413.5	255508.7	2364228.5
sss		6294	12	0	349	6180	-2434	12.3	-1.8	752.0	411.6	255521.0	2364226.6
sss		6358	10	0	350	6243	-2497	11.8	-2.2	763.8	409.4	255532.8	2364224.4
sss		6420	9	0	348	6304	-2558	10.2	-2.0	774.0	407.4	255543.0	2364222.4
sss		6483	9	0	341	6366	-2620	9.5	-2.7	783.6	404.8	255552.6	2364219.8
sss		6545	9	0	338	6428	-2682	8.9	-3.3	792.4	401.4	255561.4	2364216.4
sss		6608	8	0	334	6490	-2744	8.3	-3.7	800.7	397.7	255569.7	2364212.7
sss		6702	8	0	327	6583	-2837	11.4	-6.4	812.1	391.3	255581.1	2364206.3
sss		6734	8	0	326	6615	-2869	3.7	-2.5	815.8	388.8	255584.8	2364203.8
sss		6766	8	0	324	6647	-2901	3.7	-2.6	819.5	386.3	255588.5	2364201.3
sss		6830	9	0	322	6710	-2964	7.5	-5.6	827.0	380.6	255596.0	2364195.6
sss		6867	10	0	318	6746	-3000	4.6	-3.8	831.6	376.8	255600.6	2364191.8
sss		6895	10	0	315	6774	-3028	8.1	-7.1	835.1	373.5	255604.1	2364188.5
sss		6985	11	0	308	6862	-3116	11.0	-12.4	846.1	361.1	255615.1	2364176.1
sss		7021	10	0	310	6898	-3152	4.1	-5.1	850.2	356.1	255619.2	2364171.1
sss		7052	10	0	308	6928	-3182	3.4	-4.2	853.7	351.8	255622.7	2364166.8
sss	-70bph	7078	10	0	310	6954	-3208	2.9	-3.5	856.5	348.3	255625.5	2364163.3
sss		7115	9	0	311	6990	-3244	6.8	-8.1	860.5	343.7	255629.5	2364158.7
sss		7175	9	0	313	7050	-3304	6.3	-6.9	866.7	336.8	255635.7	2364151.8
sss		7239	9	0	308	7113	-3367	6.3	-7.3	873.0	329.5	255642.0	2364144.5
sss		7380	9	0	308	7252	-3506	13.2	-16.9	886.2	312.6	255655.2	2364127.6
sss		7538	9	0	311	7408	-3662	15.5	-18.8	901.7	293.8	255670.7	2364108.8
sss		7688	9	0	314	7557	-3811	15.6	-17.1	917.3	276.8	255686.3	2364091.8
sss	lc	7863	8	0	319	7730	-3984	18.5	-17.5	935.8	259.2	255704.8	2364074.2
sss		7879	8	0	320	7746	-4000	1.7	-1.4	937.5	257.8	255706.5	2364072.8
sss		8034	7	0	324	7899	-4153	36.3	-31.6	953.7	245.2	255722.7	2364060.2
sss		8194	8	0	328	8058	-4312	17.0	-11.5	970.7	233.7	255739.7	2364048.7
sss		8356	9	0	333	8218	-4472	19.6	-11.1	990.3	222.6	255759.3	2364037.6
sss		8511	9	0	329	8372	-4626	20.3	-11.3	1010.7	211.3	255779.7	2364026.3
sss	-100bph	8648	10	0	333	8507	-4761	19.4	-10.8	1030.1	200.5	255799.1	2364015.5
sss	lc reaming	8760	11	0	336	8617	-4871	18.3	-8.8	1048.4	191.7	255817.4	2364006.7
sss		8767	11	0	336	8624	-4878	38.9	-20.3	1049.6	191.1	255818.6	2364006.1
sss		8891	11	0	338	8746	-5000	21.8	-9.2	1071.4	181.9	255840.4	2363996.9
sss		8923	11	0	339	8777	-5031	27.5	-11.4	1077.1	179.7	255846.1	2363994.7
sss	lc	9083	13	0	342	8934	-5188	30.8	-10.8	1107.9	168.9	255876.9	2363983.9
sss	-130bph	9135	13	0	343	8984	-5238	11.0	-3.4	1118.9	165.5	255887.9	2363980.5
sss		9160	13	0	344	9009	-5263	47.2	-15.8	1124.3	163.9	255893.3	2363978.9
bot=9745''	9740	20	0	354	9565	-5819	160.5	-31.2	1284.8	132.7	256053.8	2363947.7
	TD	9790	20	0	354	9612	-5866	16.6	-1.7	1301.4	130.9	256070.4	2363945.9
