      WELL DATA SUMMARY                                                                                                                                                                                                      
            
Well  NAVY II 83-16 
                         
Sec Az  340    N20W 
Elev   3644 KB      
CoordsNorth  253506 East              2365489 
                         Course               
  MD  Drift Drift D. AzimLength  DH     TVD     SSD    DNS   DEW   N-S   E-W  DSec   Sec    N-LAM E-LAM    
___________________________________________________________________________________________________________
                                                                                                                                                                                                                             
    0  0.00      88   88     0     0        0   3644     0     0     0     0     0      0  253506  2365489                                                                                                                   
  160  1.00      88   88   160     1      160   3484     0     1     0     1     0      0  253506  2365490                                                                                                                   
  340  0.50      51  129   180     2      340   3304    -1     2    -1     4    -1     -2  253505  2365493                                                                                                                   
  471  0.75      61  119   131     1      471   3173    -1     1    -1     5    -1     -3  253505  2365494                                                                                                                   
  644  1.19      86   94   173     3      644   3000    -1     3    -2     8    -2     -5  253504  2365497                                                                                                                   
  667  1.25      89   91    23     0      667   2977     0     0    -2     8     0     -5  253504  2365497                                                                                                                   
  765  1.75      86   94    98     3      765   2879     0     3    -2    11    -1     -6  253504  2365500                                                                                                                   
  889  1.50      87   93   124     4      889   2755     0     4    -3    14    -1     -7  253503  2365503                                                                                                                   
 1011  1.75      75  105   122     3     1011   2633    -1     3    -3    18    -2     -9  253503  2365507                                                                                                                   
 1104  2.00      71  109    93     3     1104   2540    -1     3    -4    21    -2    -11  253502  2365510                                                                                                                   
 1228  1.75      86   94   124     4     1228   2416    -1     4    -5    24    -2    -13  253501  2365513                                                                                                                   
 1351  2.00      51  129   123     4     1351   2293    -1     4    -6    28    -3    -16  253500  2365517                                                                                                                   
 1475  1.25      53  127   124     4     1475   2169    -2     3    -9    31    -3    -19  253497  2365520                                                                                                                   
 1598  1.00      81   99   123     2     1598   2046    -1     2   -10    33    -2    -20  253496  2365522                                                                                                                   
 1644  1.03      72  108    46     1     1644   2000     0     1   -10    34     0    -21  253496  2365523                                                                                                                   
 1903  1.20      21  159   259     5     1902   1742    -3     4   -13    38    -5    -25  253493  2365527                                                                                                                   
 1937  1.22      14  166    34     1     1936   1708    -1     0   -14    38    -1    -26  253492  2365527                                                        1708        1902  1903   -13    38   -25  0.00 
 1975  1.25       7  173    38     1     1974   1670    -1     0   -15    38    -1    -27  253491  2365527                                                                                                                   
 2099  1.50      38  142   124     3     2098   1546    -3     1   -17    39    -3    -30  253489  2365528                                                                                                                   
 2220  1.25       7  173   121     3     2219   1425    -3     1   -20    40    -3    -33  253486  2365529                                                                                                                   
 2360  1.25      46  134   140     3     2359   1285    -3     1   -23    42    -3    -36  253483  2365531                                                                                                                   
 2475  0.75      40  140   115     2     2474   1170    -1     1   -24    43    -2    -38  253482  2365532                                                                                                                   
 2510  1.00      24  204    35     1     2509   1135    -1     0   -25    43    -1    -38  253481  2365532                                                                                                                   
 2541  1.25      76  256    31     1     2540   1104     0     0   -25    43     0    -38  253481  2365532                                                                                                                   
 2572  1.25      54  306    31     1     2571   1073     0    -1   -25    42     0    -38  253481  2365531                                                                                                                   
 2593  1.59      36  324    21     1     2592   1052     0     0   -25    42     0    -37  253481  2365531                                                                                                                   
 2603  1.75      27  333    10     0     2602   1042     0     0   -24    41     0    -37  253482  2365530                                                                                                                   
 2633  2.75      27  333    30     1     2632   1012     1    -1   -23    41     1    -36  253483  2365530                                                                                                                   
 2645  3.04      26  334    12     1     2644   1000     1     0   -23    41     1    -35  253483  2365530                                                                                                                   
 2664  3.50      24  336    19     1     2663    981     1     0   -22    40     1    -34  253484  2365529                                                                                                                   
 2695  4.50      23  337    31     2     2694    950     2    -1   -20    39     2    -32  253486  2365528                                                                                                                   
 2766  5.75      20  340    71     6     2765    879     6    -2   -14    37     6    -26  253492  2365526                                                                                                                   
 2859  6.25      19  341    92    10     2857    787     9    -3    -5    34    10    -16  253501  2365523                                                                                                                   
 2952  6.25      17  343    92    10     2950    694    10    -3     5    31    10     -6  253511  2365520                                                                                                                   
 3003  6.75      26  334    51     6     3001    643     5    -2    10    29     6      0  253516  2365518                                                                                                                   
 3034  7.50      31  329    31     4     3031    613     3    -2    14    27     4      4  253520  2365516                                                                                                                   
 3075  8.00      25  335    41     6     3072    572     5    -3    18    24     5      9  253524  2365513                                                             /ma111..ak200~a115~           CCCCCC{GOTO}a1~/fcceinsert1~  
 3196  7.25      28  332   120    16     3192    452    14    -7    33    17    16     25  253539  2365506                                                                                                                   
 3350  7.75      27  333   153    20     3345    299    18    -9    51     8    20     45  253557  2365497                                                                                                                   
 3474  7.25      30  330   123    16     3467    177    14    -8    65     0    16     61  253571  2365489                                                                                                                   
 3599  7.00      29  331   124    16     3591     53    13    -8    78    -8    15     76  253584  2365481                                                                                                                   
 3652  6.68      29  331    53     6     3644      0     6    -3    84   -11     6     82  253590  2365478                                                                                                                   
 3723  6.25      29  331    71     8     3715    -71     7    -4    91   -15     8     90  253597  2365474                                                                                                                   
 3830  6.08      20  340   106    11     3821   -177    10    -5   101   -19    11    102  253607  2365470                                                                                                                   
 3882  6.00      16  344    52     5     3873   -229     5    -2   107   -21     5    107  253613  2365468                                                                                                                   
 4009  5.25      19   19   126   -12     3999   -355    12     0   119   -21    12    119  253625  2365468                                                                                                                   
 4057  6.00      13   13    48     5     4047   -403     5     1   123   -19     4    123  253629  2365470                                                                                                                   
 4088  5.75       6    6    31     3     4078   -434     3     1   127   -19     3    125  253633  2365470                                                                                                                   
 4119  6.00       2    2    31     3     4109   -465     3     0   130   -19     3    128  253636  2365470                                                                                                                   
 4150  6.00       0    0    31     3     4139   -495     3     0   133   -19     3    131  253639  2365470                                                                                                                   
 4180  6.00       6  354    30    -3     4169   -525     3     0   136   -19     3    134  253642  2365470                                                                                                                   
 4210  5.25      11  349    30     3     4199   -555     3     0   139   -19     3    137  253645  2365470                                                                                                                   
 4241  5.00      18  342    31     3     4230   -586     3    -1   142   -20     3    140  253648  2365469                                                                                                                   
 4272  5.00      26  334    31     3     4261   -617     3    -1   144   -21     3    143  253650  2365468                                                                                                                   
 4303  5.25      32  328    31     3     4292   -648     2    -1   147   -22     3    145  253653  2365467                                                                                                                   
 4334  6.00      35  325    31     3     4323   -679     3    -2   149   -24     3    148  253655  2365465                                                                                                                   
 4365  6.75      39  321    31     3     4353   -709     3    -2   152   -26     3    152  253658  2365463                                                                                                                   
 4395  7.25      34  326    30     4     4383   -739     3    -2   155   -28     4    155  253661  2365461                                                                                                                   
 4427  8.25      33  327    32     4     4415   -771     4    -2   158   -31     4    159  253664  2365458                                                                                                                   
 4458  9.25      32  328    31     5     4446   -802     4    -3   162   -33     5    164  253668  2365456                                                                                                                   
 4488 10.00      32  328    30     5     4475   -831     4    -3   167   -36     5    169  253673  2365453                                                                                                                   
 4520 10.75      33  327    31     6     4507   -863     5    -3   172   -39     6    175  253678  2365450                                                                                                                   
 4570 10.75      34  326    49     9     4556   -912     8    -5   179   -44     9    184  253685  2365445                                                                                                                   
 4593 11.43      35  325    23     4     4578   -934     4    -3   183   -47     4    188  253689  2365442                                                                                                                   
 4655 11.75      33  327    61    12     4639   -995    10    -7   193   -54    12    200  253699  2365435                                                                                                                   
 4660 11.25      33  327     5     1     4644  -1000     1    -1   194   -54     1    201  253700  2365435                                                                                                                   
 4683 11.23      34  326    23     4     4666  -1022     4    -2   198   -57     4    205  253704  2365432                                                                                                                   
 4731 11.16      37  323    47     9     4714  -1070     8    -5   205   -62     9    214  253711  2365427                                                                                                                   
 4762 11.00      34  326    30     6     4744  -1100     5    -3   210   -65     6    220  253716  2365424                                                                                                                   
 4824 11.25      36  324    61    12     4805  -1161    10    -7   220   -72    12    232  253726  2365417                                                                                                                   
 4893 11.25      36  324    68    13     4872  -1228    11    -8   231   -80    13    245  253737  2365409                                                                                                                   
 4950 10.84      36  324    56    11     4928  -1284     9    -6   240   -87    10    255  253746  2365402                                                                                                                   
 5044  9.75      41  319    92    17     5021  -1377    13   -10   253   -97    16    271  253759  2365392                                                                                                                   
 5124 10.00      46  314    79    14     5100  -1456    10    -9   263  -107    13    284  253769  2365382                                                                                                                   
 5187 10.25      46  314    62    11     5162  -1518     8    -8   271  -115    10    293  253777  2365374                                                                                                                   
 5195 10.31      46  314     8     1     5170  -1526     1    -1   272  -116     1    295  253778  2365373                                                                                                                   
 5349 10.75      45  315   151    28     5321  -1677    20   -20   291  -136    25    320  253797  2365353                                                                                                                   
 5311 10.50      45  315   -37    -7     5284  -1640    -5     5   286  -131    -6    314  253792  2365358                                                                                                                   
 5436 11.25      42  318   123    24     5406  -1762    17   -16   304  -147    22    335  253810  2365342                                                                                                                   
 5451 11.25      42  318    15     3     5421  -1777     2    -2   306  -149     3    338  253812  2365340                                                                                                                   
 5560 11.25      43  317   107    21     5528  -1884    16   -14   321  -163    20    358  253827  2365326                                                                                                                   
 5678 11.25      41  319   116    23     5644  -2000    17   -15   338  -179    21    379  253844  2365310                                                                                                                   
 5685 11.25      41  319     7     1     5651  -2007     1    -1   340  -180     1    380  253846  2365309                                                                                                                   
 5720 11.00      43  317    34     7     5685  -2041     5    -5   345  -184     6    387  253851  2365305                                                                                                                   
 5782 11.75      39  321    61    12     5746  -2102     9    -8   354  -192    11    398  253860  2365297                                                                                                                   
 5813 12.25      36  324    30     6     5776  -2132     5    -4   359  -196     6    404  253865  2365293                                                                                                                   
 5830 12.39      35  325    17     4     5793  -2149     3    -2   362  -198     3    408  253868  2365291                                                                                                                   
 5844 12.50      34  326    14     3     5806  -2162     2    -2   364  -200     3    411  253870  2365289                                                                                                                   
 5875 12.75      33  327    30     7     5837  -2193     6    -4   370  -204     7    417  253876  2365285                                                                                                                   
 5880 12.75      33  327     5     1     5841  -2197     1    -1   371  -204     1    418  253877  2365285                                                                                                                   
 5907 12.75      30  330    26     6     5868  -2224     5    -3   376  -207     6    424  253882  2365282                                                                                                                   
 5938 13.00      28  332    30     7     5898  -2254     6    -3   382  -211     7    431  253888  2365278                                                                                                                   
 5969 13.00      24  336    30     7     5928  -2284     6    -3   388  -214     7    438  253894  2365275                                                                                                                   
 6060 13.75      20  340    89    21     6017  -2373    20    -8   408  -222    21    459  253914  2365267                                                                                                                   
 6123 13.00      20  340    61    15     6078  -2434    14    -5   421  -227    15    474  253927  2365262                                                                                                                   
 6217 13.75      18  342    91    22     6170  -2526    21    -7   442  -234    22    495  253948  2365255                                                                                                                   
 6280 13.75      18  342    61    15     6231  -2587    14    -5   456  -238    15    510  253962  2365251                                                                                                                   
 6342 14.25      18  342    60    15     6291  -2647    14    -5   471  -243    15    525  253977  2365246                                                                                                                   
 6437 14.00      19  341    92    23     6383  -2739    22    -7   493  -250    23    548  253999  2365239                                                                                                                   
 6530 13.75      16  344    90    22     6473  -2829    21    -7   514  -257    22    571  254020  2365232                                                                                                                   
 6593 14.00      16  344    61    15     6534  -2890    15    -4   528  -261    15    586  254034  2365228                                                                                                                   
 6685 13.25      17  343    89    22     6624  -2980    21    -6   549  -267    22    607  254055  2365222                                                                                                                   
 6706 13.17      17  343    20     5     6644  -3000     5    -1   554  -269     5    612  254060  2365220                                                                                                                   
 6748 13.00      16  344    41    10     6685  -3041     9    -3   563  -271     9    622  254069  2365218                                                                                                                   
 6810 12.75      15  345    60    14     6746  -3102    13    -4   576  -275    14    635  254082  2365214                                                                                                                   
 6873 13.50      14  346    61    14     6807  -3163    14    -4   590  -279    14    650  254096  2365210                                                                                                                   
 6935 12.75      16  344    60    14     6867  -3223    14    -4   604  -282    14    664  254110  2365207                                                                                                                   
 6940 12.72      16  344     5     1     6872  -3228     1     0   605  -283     1    665  254111  2365206                                                                                                                   
 7031 12.25      13  347    89    20     6961  -3317    19    -5   624  -287    20    684  254130  2365202                                                                                                                   
 7093 11.75      15  345    61    13     7022  -3378    13    -3   636  -291    13    697  254142  2365198                                                                                                                   
 7187 12.25      14  346    92    20     7114  -3470    19    -5   655  -296    19    717  254161  2365193                                                                                                                   
 7281 11.25      11  349    92    19     7206  -3562    19    -4   674  -300    19    736  254180  2365189                                                                                                                   
 7335 10.72      12  348    53    10     7259  -3615    10    -2   684  -302    10    746  254190  2365187                                                                                                                   
 7357 10.50      13  347    22     4     7280  -3636     4    -1   688  -303     4    750  254194  2365186                                                                                                                   
 7420 11.25      15  345    62    12     7342  -3698    12    -3   699  -305    12    762  254205  2365184                                                                                                                   
 7513 11.50      10  350    91    18     7433  -3789    18    -4   717  -309    18    780  254223  2365180                                                                                                                   
 7607 11.50       1  359    92    19     7526  -3882    19    -2   736  -311    18    798  254242  2365178                                                                                                                   
 7701 10.50       3  357    92    18     7618  -3974    18    -1   754  -312    17    815  254260  2365177                                                                                                                   
 7728 10.64       3  357    27     5     7644  -4000     5     0   759  -312     5    820  254265  2365177                                                                                                                   
 7761 10.82       3  357    32     6     7677  -4033     6     0   765  -312     6    826  254271  2365177                                                                                                                   
 7787 10.96       3  357    26     5     7702  -4058     5     0   770  -313     5    830  254276  2365176                                                                                                                   
 7822 11.15       2  358    34     7     7737  -4093     7     0   777  -313     6    837  254283  2365176                                                                                                                   
 7888 11.50       2  358    65    13     7801  -4157    13     0   790  -313    12    849  254296  2365176                                                                                                                   
 7981 11.25       1  359    91    18     7893  -4249    18     0   808  -314    17    866  254314  2365175                                                                                                                   
 8076 11.75       1    1    93   -19     7986  -4342    19     0   827  -314    18    884  254333  2365175                                                                                                                   
 8125 11.35       1    1    48    10     8034  -4390    10     0   837  -314     9    893  254343  2365175                                                                                                                   
 8169 11.00       1    1    43     9     8077  -4433     9     0   845  -314     8    901  254351  2365175                                                                                                                   
 8324 11.00       1    1   152    30     8229  -4585    30     1   875  -313    28    929  254381  2365176                                                                                                                   
 8418 11.00       9    9    92    18     8321  -4677    18     2   893  -312    16    945  254399  2365177                                                                                                                   
 8488 10.55      11   11    69    13     8390  -4746    13     2   905  -309    11    957  254411  2365180                                                                                                                   
 8545 10.19      12   12    56    10     8446  -4802    10     2   916  -307     9    965  254422  2365182                                                                                                                   
 8590  9.90      13   13    44     8     8490  -4846     8     2   923  -305     7    972  254429  2365184                                                                                                                   
 8614  9.75      14   14    24     4     8514  -4870     4     1   927  -305     3    975  254433  2365184                                                                                                                   
 8707  9.50      13   13    92    16     8606  -4962    15     4   942  -301    13    988  254448  2365188                                                                                                                   
 8746  9.42      13   13    38     6     8644  -5000     6     1   949  -299     5    994  254455  2365190                                                                                                                   
 8775  9.36      14   14    29     5     8673  -5029     5     1   953  -298     4    998  254459  2365191                                                                                                                   
 8829  9.25      14   14    53     9     8726  -5082     8     2   962  -296     7   1005  254468  2365193                                                                                                                   
 8891  9.25      14   14    61    10     8787  -5143    10     2   971  -294     8   1013  254477  2365195                                                                                                                   
 9008 10.00      15   15   115    20     8903  -5259    19     5   990  -289    16   1029  254496  2365200                                                                                                                   
 9038 10.15      14   14    30     5     8932  -5288     5     1   995  -288     4   1034  254501  2365201                                                                                                                   
 9110 10.50      10   10    71    13     9003  -5359    13     3  1008  -285    11   1045  254514  2365204                                                                                                                   
 9202 11.61      11   11    90    18     9093  -5449    17     3  1025  -282    15   1060  254531  2365207                                                                                                                   
 9234 12.00      12   12    31     7     9125  -5481     6     1  1032  -280     6   1065  254538  2365209                                                                                                                   
 9359 13.00       9    9   122    27     9247  -5603    27     5  1058  -275    23   1089  254564  2365214                                                                                                                   
 9392 12.97       9    9    32     7     9279  -5635     7     1  1066  -274     6   1095  254572  2365215                                                                                                                   
 9500 12.89       9    9   105    24     9384  -5740    24     4  1089  -271    21   1116  254595  2365218                                                                                                                   
 9680 12.75       9    9   176    40     9560  -5916    39     6  1129  -264    35   1151  254635  2365225                                                                                                                   
 9720 13.04       9    9    39     9     9599  -5955     9     1  1138  -263     8   1159  254644  2365226                                                                                                                   
 9767 13.38       9    9    46    11     9644  -6000    11     2  1148  -261     9   1168  254654  2365228                                                                                                                   
 9990 15.00       9    9   216    55     9861  -6217    54     9  1202  -253    48   1216  254708  2365236                                                                                                                   
10018 15.00       9    9    27     7     9888  -6244     7     1  1209  -252     6   1223  254715  2365237                                                                                                                   
                                                                                                                                                                                                                             
                                                                                                                                                                                                                             
                                                                                                                                                                                                                             
                                                                                                                                                                                                                             
                                                                                                                                                                                                                             
                                                                                                                                                                                                                             
                                                                                                                                                                                                                             
                                                                                                                                                                                                                             
                                                                                                                                                                                                                             
                                                                                                                                                                                                                             
                                                                                                                                                                                                                             
                                                                                                                                                                                                                             
                                                                                                                                                                                                                             
                                                                                                                                                                                                                             
                                                                                                                                                                                                                             
                                                                                                                                                                                                                             
                                                                                                                                                                                                                             
                                                                                                                                                                                                                             
                                                                                                                                                                                                                             
                                                                                                                                                                                                                             
                                                                                                                                                                                                                             
                                                                                                                                                                                                                             
                                                                                                                                                                                                                             
                                                                                                                                                                                                                             
                                                                                                                                                                                                                             
                                                                                                                                                                                                                             
                                                                                                                                                                                                                             
                                                                                                                                                                                                                             
                                                                                                                                                                                                                             
                                                                                                                                                                                                                             
                                                                                                                                                                                                                             
                                                                                                                                                                                                                             
                                                                                                                                                                                                                             
                                                                                                                                                                                                                             
                                                                                                                                                                                                                             
                                                                                                                                                                                                                             
                                                                                                                                                                                                                             
