      WELL DATA SUMMARY                                                                                   
            
Well  NAVY I 16A-8  
                         
Sec Az  157 S 45 E  
Elev   4389 KB      
CoordsNorth  256652 East              2355430 
                         Course               
  MD  Drift Drift D. AzimLength  DH     TVD     SSD    DNS   DEW   N-S   E-W  DSec   Sec   N-LAM E-LAM    
__________________________________________________________________________________________________________
                                                                                                          
    0  0.00      18  198                        4389     0     0     0     0     0     0  256652  2355430 
  144  0.25      18  198   144     0      144   4245     0     0     0     0     0     0  256652  2355430 
  291  0.50      18  198   147     1      291   4098    -1     0    -1     0     1     1  256651  2355430 
  389  0.50      18  198    98     1      389   4000    -1     0    -2    -1     1     2  256650  2355429 
  443  0.50      18  198   152     1      443   3946    -1     0    -2    -1     1     2  256650  2355429 
  500  0.83      18  198    57     1      500   3889    -1     0    -3    -1     0     2  256649  2355429 
  530  1.00      18  198    30     0      530   3859     0     0    -4    -1     0     3  256648  2355429 
  565  1.31      18  198    35     1      565   3824    -1     0    -4    -1     1     3  256648  2355429 
  614  1.75      18  198    49     1      614   3775    -1     0    -5    -2     1     4  256647  2355428 
  644  1.75       3  177    30     1      644   3745    -1     0    -6    -2     1     5  256646  2355428 
  674  2.00      16  164    30     1      674   3715    -1     0    -7    -2     1     6  256645  2355428 
  706  2.25      28  152    32     1      706   3683    -1     0    -8    -1     1     7  256644  2355429 
  737  2.50      41  139    31     1      737   3652    -1     1   -10    -1     1     9  256642  2355429 
  767  3.00      45  135    30     1      767   3622    -1     1   -11     0     1    10  256641  2355430 
  800  3.50      42  138    33     2      800   3589    -1     1   -12     2     2    12  256640  2355432 
  832  4.00      41  139    32     2      832   3557    -2     1   -13     3     2    14  256639  2355433 
  864  4.50      43  137    32     2      864   3525    -2     2   -15     5     2    16  256637  2355435 
  895  5.25      42  138    31     3      895   3494    -2     2   -17     6     2    18  256635  2355436 
  935  6.00      42  138    40     4      934   3455    -3     3   -20     9     4    22  256632  2355439 
  956  6.50      41  139    21     2      955   3434    -2     2   -22    11     2    24  256630  2355441 
  988  7.00      46  134    32     4      987   3402    -3     3   -25    13     4    28  256627  2355443 
 1000  7.28      48  132    12     1      999   3390    -1     1   -26    14     1    29  256626  2355444 
 1020  7.75      51  129    20     3     1019   3370    -2     2   -27    16     2    31  256625  2355446 
 1050  8.25      53  127    30     4     1048   3341    -3     3   -30    20     4    35  256622  2355450 
 1081  8.75      53  127    31     5     1079   3310    -3     4   -33    23     4    39  256619  2355453 
 1113  9.25      51  129    32     5     1111   3278    -3     4   -36    27     4    43  256616  2355457 
 1194 10.25      54  126    80    14     1191   3198    -8    11   -44    38    12    55  256608  2355468 
 1225 10.25      51  129    31     6     1221   3168    -3     4   -47    42     5    60  256605  2355472 
 1351 11.00      51  129   124    23     1345   3044   -15    18   -62    60    21    81  256590  2355490 
 1396 10.46      51  129    44     8     1389   3000    -5     6   -67    67     7    88  256585  2355497 
 1475  9.50      50  130   122    22     1467   2922   -14    17   -76    77    20   100  256576  2355507 
 1500  9.55      51  129    25     4     1492   2897    -3     3   -79    81     4   104  256573  2355511 
 1599  9.75      53  127    98    17     1589   2800   -10    13   -89    94    15   118  256563  2355524 
 1753  9.25      55  125   152    25     1741   2648   -15    21  -104   114    22   140  256548  2355544 
 1909  9.00      47  133   154    25     1895   2494   -16    19  -119   134    22   162  256533  2355564 
 2000  9.58      43  137    90    15     1985   2404   -10    10  -130   144    14   176  256522  2355574 
 2045  9.87      41  139    44     8     2029   2360    -6     5  -136   149     7   183  256516  2355579 
 2065 10.00      40  140    20     3     2049   2340    -3     2  -138   151     3   186  256514  2355581 
 2219  9.25      27  153   152    26     2201   2188   -21    14  -160   165    25   212  256492  2355595 
 2374 10.00      23  157   153    26     2354   2035   -23    11  -183   176    26   237  256469  2355606 
 2410 10.12      23  157    35     6     2389   2000    -6     2  -189   179     6   244  256463  2355609 
 2499 10.40      22  158   123    22     2477   1912   -20     9  -204   185    22   260  256448  2355615 
 2500 10.40      22  158     1     0     2478   1911     0     0  -204   185     0   260  256448  2355615 
 2521 10.47      22  158    21     4     2498   1891    -4     1  -207   186     4   264  256445  2355616 
 2530 10.50      22  158     9     2     2507   1882    -2     1  -209   187     2   265  256443  2355617 
 2681 10.50      18  162   148    28     2656   1733   -26     9  -235   196    27   293  256417  2355626 
 2689 10.50      18  162     8     1     2663   1726    -1     0  -236   197     1   294  256416  2355627 
 2700 10.50      17  163    11     2     2674   1715    -2     1  -238   197     2   296  256414  2355627 
 2746 10.50      16  164    45     8     2719   1670    -8     2  -246   200     8   304  256406  2355630 
 2855 10.85      14  166   107    20     2827   1562   -20     5  -265   205    20   324  256387  2355635 
 2869 10.90      14  166    14     3     2840   1549    -3     1  -268   206     3   327  256384  2355636 
 2900 11.00      13  167    30     6     2871   1518    -6     1  -274   207     6   333  256378  2355637 
 3000 11.97      10  170    98    20     2969   1420   -19     4  -293   211    20   352  256359  2355641 
 3055 12.50       9  171    54    12     3023   1366   -11     2  -305   213    11   364  256347  2355643 
 3116 12.28      10  170    60    13     3082   1307   -13     2  -318   215    13   376  256334  2355645 
 3194 12.00      12  168    76    16     3158   1231   -16     3  -334   218    16   393  256318  2355648 
 3335 14.00       0  180   137    32     3296   1093   -32     3  -365   222    30   423  256287  2355652 
 3347 14.08       1  181    12     3     3307   1082    -3     0  -368   222     3   426  256284  2355652 
 3431 14.62       7  187    81    21     3389   1000   -21    -1  -389   220    19   444  256263  2355650 
 3491 15.00      11  191   139    36     3447    942   -36    -4  -404   218    32   457  256248  2355648 
 3500 15.07      11  191     9     2     3455    934    -2     0  -406   217     2   459  256246  2355647 
 3677 16.50      17  197   170    48     3626    763   -47   -12  -453   206    38   497  256199  2355636 
 3757 17.00      19  199    77    23     3702    687   -22    -7  -475   199    17   515  256177  2355629 
                                                                                                          
                                                                                                          
                                                                                                          
                                                                                                          
                                                                                                          
                                                                                                          
                                                                                                          
                                                                                                          
                                                                                                          
                                                                                                          
                                                                                                          
                                                                                                          
                                                                                                          
                                                                                                          
                                                                                                          
                                                                                                          
                                                                                                          
                                                                                                          
                                                                                                          
                                                                                                          
                                                                                                          
                                                                                                          
                                                                                                          
                                                                                                          
                                                                                                          
                                                                                                          
                                                                                                          
                                                                                                          
                                                                                                          
                                                                                                          
                                                                                                          
                                                                                                          
                                                                                                          
                                                                                                          
                                                                                                          
                                                                                                          
                                                                                                          
                                                                                                          
                                                                                                          
                                                                                                          
                                                                                                          
                                                                                                          
                                                                                                          
                                                                                                          
                                                                                                          
                                                                                                          
                                                                                                          
                                                                                                          
                                                                                                          
                                                                                                          
                                                                                                          
                                                                                                          
                                                                                                          
                                                                                                          
                                                                                                          
                                                                                                          
                                                                                                          
                                                                                                          
                                                                                                          
                                                                                                          
                                                                                                          
                                                                                                          
                                                                                                          
                                                                                                          
                                                                                                          
                                                                                                          
                                                                                                          
                                                                                                          
                                                                                                          
                                                                                                          
                                                                                                          
                                                                                                          
                                                                                                          
                                                                                                          
                                                                                                          
                                                                                                          
                                                                                                          
                                                                                                          
                                                                                                          
                                                                                                          
                                                                                                          
                                                                                                          
                                                                                                          
                                                                                                          
                                                                                                          
                                                                                                          
                                                                                                          
                                                                                                          
                                                                                                          
                                                                                                          
                                                                                                          
                                                                                                          
                                                                                                          
                                                                                                          
                                                                                                          
                                                                                                          
                                                                                                          
                                                                                                          
                                                                                                          
                                                                                                          
                                                                                                          
                                                                                                          
                                                                                                          
                                                                                                          
                                                                                                          
                                                                                                          
                                                                                                          
                                                                                                          
                                                                                                          
                                                                                                          
                                                                                                          
                                                                                                          
                                                                                                          
                                                                                                          
                                                                                                          
                                                                                                          
                                                                                                          
                                                                                                          
                                                                                                          
                                                                                                          
                                                                                                          
                                                                                                          
                                                                                                          
                                                                                                          
                                                                                                          
                                                                                                          
                                                                                                          
                                                                                                          
                                                                                                          
                                                                                                          
                                                                                                          
                                                                                                          
                                                                                                          
                                                                                                          
                                                                                                          
                                                                                                          
                                                                                                          
                                                                                                          
