      WELL DATA SUMMARY                                                                                   
            
Well  NAVY I  24-8  
                         
Sec Az  265         
Elev   4294 KB      
CoordsNorth  257933 East              2356206 
                         Course               
  MD  Drift Drift D. AzimLength  DH     TVD     SSD    DNS   DEW   N-S   E-W  DSec   Sec N-LAMB    E-LAMB 
__________________________________________________________________________________________________________
                                                                                                          
    0  0.00      66  114                        4294     0     0     0     0     0        257933  2356206 
  294  0.81      66  114   294     2      294   4000    -1     2    -1     2    -2    -2  257932  2356208 
  361  1.00      66  114   361     3      361   3933    -1     3    -1     3    -3    -3  257932  2356209 
  437  0.75      66  114    76     1      437   3857     0     1    -2     4    -1    -4  257931  2356210 
  500  0.94      66  114    63     1      500   3794     0     1    -2     5    -1    -5  257931  2356211 
  519  1.00      66  114    19     0      519   3775     0     0    -2     5     0    -5  257931  2356211 
  550  0.50      21  161    31     0      550   3744     0     0    -3     5     0    -5  257930  2356211 
  582  0.75      32  212    32     0      582   3712     0     0    -3     5     0    -5  257930  2356211 
  613  1.25      69  249    31     1      613   3681     0     0    -3     5     0    -5  257930  2356211 
  645  2.00      69  249    32     1      645   3649     0    -1    -4     4     1    -4  257929  2356210 
  707  4.00      74  254    62     3      707   3587    -1    -3    -5     1     3    -1  257928  2356207 
  738  5.00      77  257    31     2      738   3556    -1    -2    -5    -1     2     2  257928  2356205 
  770  5.75      85  265    32     3      770   3524     0    -3    -6    -4     3     5  257927  2356202 
  800  6.50      86  266    30     3      799   3495     0    -3    -6    -8     3     8  257927  2356198 
  834  7.00      86  266    34     4      833   3461     0    -4    -6   -12     4    12  257927  2356194 
  865  7.75      86  266    31     4      864   3430     0    -4    -6   -15     4    16  257927  2356191 
  896  8.25      86  266    31     4      895   3399     0    -4    -7   -20     4    20  257926  2356186 
  926  8.75      86  266    30     4      924   3370     0    -4    -7   -24     4    25  257926  2356182 
  957  9.25      86  266    31     5      955   3339     0    -5    -7   -29     5    30  257926  2356177 
  988 10.00      90  270    31     5      986   3308     0    -5    -8   -34     5    35  257925  2356172 
 1000 10.28      90  270    12     2      997   3297     0    -2    -8   -36     2    37  257925  2356170 
 1020 10.75      89  269    20     4     1017   3277     0    -4    -8   -40     4    41  257925  2356166 
 1052 11.00      86  266    31     6     1048   3246     0    -6    -8   -46     6    47  257925  2356160 
 1084 11.50      87  267    31     6     1080   3214     0    -6    -8   -52     6    53  257925  2356154 
 1115 12.00      86  266    30     6     1110   3184     0    -6    -9   -59     6    59  257924  2356147 
 1146 12.50      86  266    30     7     1140   3154     0    -7    -9   -65     7    66  257924  2356141 
 1177 12.75      84  264    30     7     1171   3123    -1    -7   -10   -72     7    72  257923  2356134 
 1209 13.25      83  263    31     7     1202   3092    -1    -7   -11   -79     7    80  257922  2356127 
 1241 13.75      84  264    31     7     1233   3061    -1    -7   -11   -86     7    87  257922  2356120 
 1271 14.25      86  266    29     7     1262   3032    -1    -7   -12   -94     7    94  257921  2356112 
 1301 14.75      86  266    29     8     1291   3003    -1    -7   -13  -101     8   102  257920  2356105 
 1304 14.77      86  266     3     1     1294   3000     0    -1   -13  -102     1   103  257920  2356104 
 1333 15.00      84  264    31     8     1322   2972    -1    -8   -13  -109     8   110  257920  2356097 
 1365 15.25      85  265    31     8     1353   2941    -1    -8   -14  -118     8   118  257919  2356088 
 1500 18.18      84  264   129    39     1482   2812    -4   -39   -18  -156    39   157  257915  2356050 
 1503 18.25      84  264     3     1     1485   2809     0    -1   -18  -157     1   158  257915  2356049 
 1590 20.94      84  264    82    29     1567   2727    -3   -29   -21  -186    29   187  257912  2356020 
 1592 21.00      86  266     2     1     1569   2725     0    -1   -21  -187     1   188  257912  2356019 
 1654 21.50      85  265    58    22     1627   2667    -2   -22   -23  -209    22   211  257910  2355997 
 1990 30.25      84  264   302   147     1929   2365   -14  -146   -37  -355   147   357  257896  2355851 
 2000 30.21      84  264     9     5     1938   2356    -1    -5   -37  -360     5   362  257896  2355846 
 2056 30.00      87  267    48    28     1986   2308    -2   -28   -39  -388    28   390  257894  2355818 
 2149 29.75      85  265    81    46     2067   2227    -3   -46   -43  -435    46   437  257890  2355771 
 2184 29.75      85  265    30    17     2097   2197    -2   -17   -44  -452    17   454  257889  2355754 
 2280 30.45      85  265    83    48     2180   2114    -4   -48   -48  -500    48   502  257885  2355706 
 2356 31.00      85  265    65    39     2246   2048    -3   -39   -52  -539    39   541  257881  2355667 
 2412 31.00      85  265    48    29     2294   2000    -3   -29   -54  -567    29   570  257879  2355639 
 2500 31.00      85  265   123    74     2369   1925    -6   -74   -58  -612    74   615  257875  2355594 
 2560 31.00      85  265    51    31     2420   1874    -3   -31   -61  -643    31   646  257872  2355563 
 2641 31.00      85  265    69    42     2490   1804    -4   -42   -65  -685    42   688  257868  2355521 
 2670 31.00      85  265    25    15     2515   1779    -1   -15   -66  -700    15   703  257867  2355506 
                                                                                                          
                                                                                                          
                                                                                                          
                                                                                                          
                                                                                                          
                                                                                                          
                                                                                                          
                                                                                                          
                                                                                                          
                                                                                                          
                                                                                                          
                                                                                                          
                                                                                                          
                                                                                                          
                                                                                                          
                                                                                                          
                                                                                                          
                                                                                                          
                                                                                                          
                                                                                                          
                                                                                                          
                                                                                                          
                                                                                                          
                                                                                                          
                                                                                                          
                                                                                                          
                                                                                                          
                                                                                                          
                                                                                                          
                                                                                                          
                                                                                                          
                                                                                                          
                                                                                                          
                                                                                                          
                                                                                                          
                                                                                                          
                                                                                                          
                                                                                                          
                                                                                                          
                                                                                                          
                                                                                                          
                                                                                                          
                                                                                                          
                                                                                                          
                                                                                                          
                                                                                                          
                                                                                                          
                                                                                                          
                                                                                                          
                                                                                                          
                                                                                                          
                                                                                                          
                                                                                                          
                                                                                                          
                                                                                                          
                                                                                                          
                                                                                                          
                                                                                                          
                                                                                                          
                                                                                                          
                                                                                                          
                                                                                                          
                                                                                                          
                                                                                                          
                                                                                                          
                                                                                                          
                                                                                                          
                                                                                                          
                                                                                                          
                                                                                                          
                                                                                                          
                                                                                                          
                                                                                                          
                                                                                                          
                                                                                                          
                                                                                                          
                                                                                                          
                                                                                                          
                                                                                                          
                                                                                                          
                                                                                                          
                                                                                                          
                                                                                                          
                                                                                                          
                                                                                                          
                                                                                                          
                                                                                                          
                                                                                                          
                                                                                                          
                                                                                                          
                                                                                                          
                                                                                                          
                                                                                                          
                                                                                                          
                                                                                                          
                                                                                                          
                                                                                                          
                                                                                                          
                                                                                                          
                                                                                                          
                                                                                                          
                                                                                                          
                                                                                                          
                                                                                                          
                                                                                                          
                                                                                                          
                                                                                                          
                                                                                                          
                                                                                                          
                                                                                                          
                                                                                                          
                                                                                                          
                                                                                                          
                                                                                                          
                                                                                                          
                                                                                                          
                                                                                                          
                                                                                                          
                                                                                                          
                                                                                                          
                                                                                                          
                                                                                                          
                                                                                                          
                                                                                                          
                                                                                                          
                                                                                                          
                                                                                                          
                                                                                                          
                                                                                                          
                                                                                                          
                                                                                                          
                                                                                                          
                                                                                                          
                                                                                                          
                                                                                                          
                                                                                                          
                                                                                                          
                                                                                                          
                                                                                                          
                                                                                                          
                                                                                                          
                                                                                                          
                                                                                                          
