      WELL DATA SUMMARY                                                                                                                                                                                                          
              
Well  NAVY II    38-9      
                           
Sec Az73      N73E    
Elev  3857    KB      
CoordsNorth   255964  East 2362175       2362175  
                            Course                
  MD  Drift A.Drift D. Azim Length   DH     TVD     SSD    DNS   DEW   N-S   E-W  DSec   Sec    N-LAM E-LAM    
_______________________________________________________________________________________________________________
                                                                                                                                                                                                                                 
    0    0.00      82  278       0     0        0   3857     0     0     0     0     0      0  255964  2362175                                                                                                                   
  176    0.00      82  278     176     0      176   3681     0     0     0     0     0      0  255964  2362175                                                                                                                   
  372    0.25      46  134     196     0      372   3485     0     0     0     0     0      0  255964  2362175 
  701    1.00      36  144     329     4      701   3156    -3     2    -2     3     1      2  255962  2362178 
  793    0.75      32  148      92     1      793   3064    -1     1    -3     3     0      2  255961  2362178 
  857    0.73      33  144      64     1      857   3000    -1     0    -4     4     0      2  255960  2362179 
  885    0.72      34  142      28     0      885   2972     0     0    -4     4     0      3  255960  2362179 
  933    1.00      17  197     140     2      933   2924    -2     0    -6     4     0      2  255958  2362179 
  992    0.97      14  194      59     1      992   2865    -1     0    -7     3    -1      1  255957  2362178 
 1055    1.50      61  241     122     3     1055   2802    -2    -2    -8     2    -2      0  255956  2362177 
 1175    2.25      78  258     120     4     1175   2682    -1    -4    -9    -2    -4     -4  255955  2362173 
 1268    2.50      57  237      93     4     1268   2589    -1    -4   -11    -5    -4     -8  255953  2362170 
 1370    3.25      79  259     102     5     1370   2487    -2    -5   -12   -10    -5    -13  255952  2362165 
 1473    3.25      68  248     103     6     1472   2385    -2    -6   -14   -16    -6    -19  255950  2362159 
 1567    2.75      83  263      94     5     1566   2291    -1    -5   -15   -20    -5    -24  255949  2362155 
 1661    2.75      78  258      94     5     1660   2197    -1    -4   -16   -25    -4    -28  255948  2362150 
 1754    3.00      85  265      93     5     1753   2104    -1    -5   -17   -29    -5    -33  255947  2362146 
 1850    2.75      86  266      96     5     1849   2008     0    -5   -17   -34    -5    -38  255947  2362141 
 1858    2.75      86  266       8     0     1857   2000     0     0   -17   -35     0    -38  255947  2362140 
 1940    2.50      79  259      90     4     1939   1918    -1    -4   -18   -38    -4    -42  255946  2362137 
 2025    2.50      88  268      85     4     2024   1833     0    -4   -18   -42    -4    -45  255946  2362133 
 2144    2.75      82  278     119     5     2143   1714     0    -5   -18   -47    -5    -51  255946  2362128 
 2237    3.00      81  279      93     5     2236   1621     1    -5   -17   -52    -4    -55  255947  2362123 
 2393    2.75      78  258     156     8     2391   1466     0    -8   -17   -60    -8    -62  255947  2362115 
 2514    3.00      69  249     121     6     2512   1345    -2    -6   -19   -66    -6    -68  255945  2362109 
 2638    3.25      65  245     124     7     2636   1221    -3    -6   -22   -72    -7    -75  255942  2362103 
 2763    3.50      62  242     125     7     2761   1096    -3    -7   -25   -79    -7    -82  255939  2362096 
 2859    3.51      62  242      96     6     2857   1000    -3    -5   -28   -84    -6    -88  255936  2362091 
 2889    3.25      64  244     126     7     2887    970    -3    -7   -28   -85    -7    -90  255936  2362090 
 3013    3.25      64  244     124     7     3010    847    -3    -6   -31   -91    -7    -97  255933  2362084 
 3137    3.25      64  244     124     7     3134    723    -3    -6   -35   -98    -7   -104  255929  2362077 
 3229    3.50      59  239      92     5     3226    631    -3    -5   -37  -103    -5   -109  255927  2362072 
 3383    3.48      60  240     154     9     3380    477    -5    -8   -42  -111    -9   -118  255922  2362064 
 3620    4.00      40  220     390    26     3616    241   -17   -19   -54  -122   -23   -132  255910  2362053 
 3788    4.25      28  208     168    12     3784     73   -10    -7   -64  -129    -9   -142  255900  2362046 
 3861    4.25      28  208      73     5     3857      0    -5    -3   -69  -131    -4   -146  255895  2362044 
 3910    4.25      34  214     122     9     3905    -48    -8    -5   -71  -133    -7   -148  255893  2362042 
 4030    4.00      33  213     120     9     4025   -168    -7    -5   -79  -138    -7   -155  255885  2362037 
 4153    3.75      29  209     123     8     4148   -291    -7    -4   -86  -142    -6   -161  255878  2362033 
 4277    4.00      23  203     124     8     4272   -415    -8    -4   -93  -146    -6   -167  255871  2362029 
 4403    4.00      22  202     126     9     4397   -540    -8    -3  -101  -149    -6   -173  255863  2362026 
 4525    4.25      18  198     122     9     4519   -662    -8    -3  -110  -152    -5   -178  255854  2362023 
 4840    4.25      15  195     314    23     4833   -976   -22    -7  -132  -159   -13   -191  255832  2362016 
 4864    4.25      15  195      24     2     4857  -1000    -2     0  -134  -160    -1   -192  255830  2362015 
 4996    4.25      16  196     156    12     4989  -1132   -11    -3  -143  -162    -6   -197  255821  2362013 
 4927    4.25      10  190     -69    -5     4920  -1063     5     1  -138  -161     3   -194  255826  2362014 
 4958    4.25       1  181      31     2     4951  -1094    -2     0  -141  -161    -1   -195  255823  2362014 
 4989    4.00       8  172      31     2     4982  -1125    -2     0  -143  -161    -1   -196  255821  2362014 
 5021    4.00      20  160      32     2     5014  -1157    -2     1  -145  -161     0   -196  255819  2362014 
 5035    4.00      20  160      14     1     5028  -1171    -1     0  -146  -160     0   -196  255818  2362015 
 5050    3.75      35  145      29     2     5043  -1186    -2     1  -147  -160     0   -196  255817  2362015 
 5113    5.25      46  134      63     5     5105  -1248    -4     3  -150  -156     2   -194  255814  2362019 
 5145    5.50      56  124      32     3     5137  -1280    -2     2  -152  -154     2   -192  255812  2362021 
 5206    6.25      63  117      61     6     5198  -1341    -3     5  -155  -149     4   -188  255809  2362026 
 5238    6.50      67  113      32     4     5230  -1373    -2     3  -157  -146     3   -185  255807  2362029 
 5269    7.25      71  109      31     4     5260  -1403    -1     3  -158  -142     3   -182  255806  2362033 
 5300    7.50      76  104      31     4     5291  -1434    -1     4  -159  -138     3   -179  255805  2362037 
 5331    8.00      80  100      31     4     5322  -1465    -1     4  -160  -134     4   -175  255804  2362041 
 5363    8.25      85   95      32     5     5354  -1497    -1     4  -161  -130     4   -171  255803  2362045 
 5394    8.50      86   94      31     5     5384  -1527     0     5  -161  -125     4   -167  255803  2362050 
 5426    8.50      86   94      32     5     5416  -1559     0     5  -162  -120     4   -162  255802  2362055 
 5458    9.00      88   92      32     5     5448  -1591     0     5  -162  -116     5   -158  255802  2362059 
 5529    9.25      88   88      70    11     5518  -1661     0    11  -162  -104    11   -147  255802  2362071 
 5623    9.50      89   89      93    15     5610  -1753     0    15  -161   -89    15   -132  255803  2362086 
 5710   10.50      88   88      86    15     5696  -1839     0    15  -161   -74    15   -118  255803  2362101 
 5805   12.25      87   87      93    19     5789  -1932     1    19  -160   -55    18   -100  255804  2362120 
 5874   12.22      87   87      67    15     5857  -2000     1    15  -159   -41    14    -85  255805  2362134 
 5900   14.75      86   86      92    22     5882  -2025     1    22  -159   -33    22    -78  255805  2362142 
 6030   16.25      85   85     125    35     6007  -2150     3    35  -156     2    34    -44  255808  2362177 
 6119   15.75      84   84      86    25     6092  -2235     2    24  -154    26    24    -20  255810  2362201 
 6216   15.25      86   86      93    26     6186  -2329     2    26  -152    52    25      5  255812  2362227 
 6311   14.75      87   87      92    25     6278  -2421     2    25  -150    76    24     29  255814  2362251 
 6406   14.50      87   87      92    24     6370  -2513     1    24  -149   100    23     52  255815  2362275 
 6501   15.00      87   87      92    24     6461  -2604     1    24  -148   124    23     76  255816  2362299 
 6597   15.25      87   87      93    25     6554  -2697     1    25  -146   149    24    100  255818  2362324 
 6693   15.25      87   87      93    25     6647  -2790     1    25  -145   175    25    125  255819  2362350 
 6789   14.50      87   87      93    25     6740  -2883     1    25  -144   199    24    149  255820  2362374 
 6885   14.00      85   85      93    24     6833  -2976     2    24  -142   223    23    172  255822  2362398 
 6910   14.00      85   85      24     6     6857  -3000     1     6  -141   229     6    178  255823  2362404 
 7010   13.99      85   85      97    24     6954  -3097     2    24  -139   253    24    201  255825  2362428 
 7036   14.75      84   84     146    37     6979  -3122     4    37  -138   260    37    208  255826  2362435 
 7156   15.00      80   80     116    31     7095  -3238     4    31  -134   291    30    239  255830  2362466 
 7324   15.25      81   81     162    44     7257  -3400     7    43  -127   334    43    282  255837  2362509 
 7410   15.75      81   81      83    23     7340  -3483     4    23  -123   357    23    305  255841  2362532 
 7516   16.00      82   82     102    29     7442  -3585     4    29  -119   385    29    334  255845  2362560 
 7611   16.25      81   81      91    26     7533  -3676     4    26  -115   411    26    360  255849  2362586 
 7706   16.50      81   81      91    27     7624  -3767     4    26  -111   438    27    386  255853  2362613 
 7800   16.00      81   81      90    26     7714  -3857     4    26  -107   464    26    412  255857  2362639 
 7899   15.75      81   81      95    27     7810  -3953     4    27  -102   491    27    439  255862  2362666 
 7948   15.75      81   81      47    13     7857  -4000     2    13  -100   504    13    452  255864  2362679 
 7989   15.75      78   78      87    24     7896  -4039     4    24   -98   515    24    463  255866  2362690 
 8179   15.50      76   76     183    51     8079  -4222    12    50   -87   564    51    514  255877  2362739 
 8271   14.75      75   75      89    24     8168  -4311     6    23   -81   588    24    538  255883  2362763 
 8367   14.75      75   75      93    24     8261  -4404     6    24   -74   611    24    563  255890  2362786 
 8465   15.00      74   74      95    25     8356  -4499     7    24   -67   636    25    588  255897  2362811 
 8559   15.75      72   72      91    25     8446  -4589     7    24   -60   659    25    613  255904  2362834 
 8671   16.75      68   68     108    31     8554  -4697    11    29   -49   689    31    644  255915  2362864 
 8765   16.25      66   66      90    27     8644  -4787    10    25   -39   713    27    671  255925  2362888 
 8859   16.00      65   65      90    26     8734  -4877    11    24   -28   737    26    697  255936  2362912 
 8955   15.75      66   66      92    26     8827  -4970    11    24   -17   761    26    723  255947  2362936 
 8987   15.75      66   66      31     9     8857  -5000     4     8   -14   769     9    731  255950  2362944 
 9149   16.00      67   67     187    53     9013  -5156    21    49     4   810    53    775  255968  2362985 
 9175   15.25      59   59      25     7     9038  -5181     3     6     7   816     7    782  255971  2362991 
 9247   15.26      59   59      69    19     9108  -5251    10    16    17   832    18    801  255981  2363007 
 9270   13.50      58   58      92    24     9130  -5273    12    20    19   836    23    805  255983  2363011 
 9367   12.75      56   56      94    22     9225  -5368    12    18    31   855    21    826  255995  2363030 
 9438   11.25      53   53      69    15     9294  -5437     9    12    40   867    14    840  256004  2363042 
 9483   11.24      53   53      44     9     9338  -5481     5     7    45   874     8    849  256009  2363049 
 9567   12.75      56   56     126    27     9420  -5563    16    22    55   888    25    866  256019  2363063 
 9573   12.75      56   56       6     1     9426  -5569     1     1    56   889     1    867  256020  2363064 
 9643   12.25      54   54      74    16     9495  -5638     9    13    65   902    16    881  256029  2363077 
 9693   12.25      54   54      49    11     9543  -5686     6     9    71   910    10    891  256035  2363085 
 9735   12.22      54   54      90    19     9584  -5727    11    16    76   918    18    900  256040  2363093 
 9816   15.50      62   62     168    41     9663  -5806    22    35    87   937    40    921  256051  2363112 
10100   15.50      62   62     274    76     9936  -6079    36    67   123  1004    75    996  256087  2363179 
