      WELL DATA SUMMARY                                                                                                                                                                                                      
            
Well  NAVY I 66-7   
                         
Sec Az  220         
Elev   4385 KB      
CoordsNorth  256200 East              2353486 
                         Course               
  MD  Drift Drift D. AzimLength  DH     TVD     SSD    DNS   DEW   N-S   E-W  DSec   Sec    N-LAM E-LAM    
___________________________________________________________________________________________________________
                                                                                                                                                                                                                             
    0  0.00       0  322     0     0        0   4385     0     0     0     0     0      0  256200  2353486                                                                                                                   
  171  1.00      38  322   171     1      171   4214     1    -1     1    -1     0      0  256201  2353485                                                                                                                   
  197  1.00      44  316    26     0      197   4188     0     0     2    -1     0      0  256202  2353485                                                                                                                   
  315  1.00      31  329   118     2      315   4070     2    -1     3    -2     0     -1  256203  2353484                                                                                                                   
  385  1.12      41  319    70     1      385   4000     1    -1     4    -3     0     -1  256204  2353483 
  458  1.25      51  309   143     3      458   3927     2    -2     5    -4     0     -1  256205  2353482                                                                                                                   
  649  1.25      57  303   191     4      649   3736     2    -3     8    -8     0     -1  256208  2353478                                                                                                                   
  861  1.25      76  284   212     5      861   3524     2    -4    10   -12     1      0  256210  2353474                                                                                                                   
  963  1.00      80  280   102     2      963   3422     0    -2    10   -14     1      1  256210  2353472                                                                                                                   
 1160  0.50      80  280   197     3     1160   3225     0    -3    10   -16     1      3  256210  2353470                                                                                                                   
 1190  1.00      71  289    30     0     1190   3195     0     0    11   -17     0      3  256211  2353469                                                                                                                   
 1220  1.25      71  289    30     1     1220   3165     0    -1    11   -17     0      3  256211  2353469                                                                                                                   
 1251  1.00      67  293    31     1     1251   3134     0    -1    11   -18     0      3  256211  2353468                                                                                                                   
 1281  1.25      81  279    30     1     1281   3104     0    -1    11   -18     0      3  256211  2353468                                                                                                                   
 1311  1.25      69  249    30     1     1311   3074     0    -1    11   -19     0      4  256211  2353467                                                                                                                   
 1342  1.75      56  236    31     1     1342   3043     0    -1    11   -20     1      5  256211  2353466                                                                                                                   
 1374  2.00      40  220    32     1     1374   3011    -1    -1    10   -21     1      6  256210  2353465                                                                                                                   
 1385  2.18      36  216    11     0     1385   3000     0     0    10   -21     0      6  256210  2353465                                                        3000        1374  1374    10   -21     6  0.00 
 1405  2.50      30  210    31     1     1405   2980    -1    -1     9   -21     1      7  256209  2353465                                                                                                                   
 1436  3.50      29  209    31     2     1436   2949    -1    -1     8   -22     2      8  256208  2353464                                                                                                                   
 1467  4.25      26  206    31     2     1467   2918    -2    -1     6   -23     2     10  256206  2353463                                                                                                                   
 1527  5.50      48  228    60     5     1526   2859    -4    -3     2   -26     5     16  256202  2353460                                                                                                                   
 1558  6.25      40  220    31     3     1557   2828    -2    -2    -1   -28     3     19  256199  2353458                                                                                                                   
 1590  7.25      43  223    32     4     1589   2796    -3    -2    -3   -31     4     23  256197  2353455                                                                                                                   
 1621  8.00      45  225    31     4     1620   2765    -3    -3    -6   -34     4     27  256194  2353452                                                                                                                   
 1651  8.75      45  225    30     4     1649   2736    -3    -3   -10   -37     4     31  256190  2353449                                                                                                                   
 1682  9.75      45  225    31     5     1680   2705    -4    -4   -13   -40     5     36  256187  2353446                                                                                                                   
 1713 10.50      43  223    31     5     1711   2674    -4    -4   -17   -44     5     41  256183  2353442                                                                                                                   
 1744 11.25      40  220    30     6     1741   2644    -4    -4   -21   -48     6     47  256179  2353438                                                                                                                   
 1775 12.00      39  219    30     6     1771   2614    -5    -4   -26   -52     6     53  256174  2353434                                                                                                                   
 1855 14.75      40  220    78    19     1849   2536   -14   -12   -40   -64    19     72  256160  2353422                                                                                                                   
 1947 16.75      42  222    89    25     1938   2447   -19   -16   -59   -80    25     97  256141  2353406                                                                                                                   
 2040 18.75      41  221    89    28     2026   2359   -21   -19   -81   -99    28    125  256119  2353387                                                                                                                   
 2134 21.50      39  219    88    32     2115   2270   -25   -21  -105  -120    32    158  256095  2353366                                                                                                                   
 2166 22.00      40  220    30    12     2144   2241    -9    -8  -114  -127    12    169  256086  2353359                                                                                                                   
 2228 23.75      39  219    57    24     2201   2184   -19   -15  -133  -143    24    194  256067  2353343                                                                                                                   
 2332 24.25      38  218    95    42     2296   2089   -33   -26  -166  -169    42    236  256034  2353317                                                                                                                   
 2429 24.52      37  217    88    40     2385   2000   -32   -25  -198  -193    40    276  256002  2353293     0 Error -8.53                                           /ma111..ak200~a115~           CCCCCC{GOTO}a1~/fcceinsert1~  
 2453 24.59      37  217    22    10     2407   1978    -8    -6  -206  -199    10    286  255994  2353287 
 2484 24.67      37  217    28    13     2435   1950   -10    -8  -216  -207    13    299  255984  2353279 
 2512 24.75      37  217   164    75     2460   1925   -59   -45  -225  -214    75    310  255975  2353272                                                                                                                   
 2642 25.25      38  218   118    55     2578   1807   -44   -33  -269  -248    55    365  255931  2353238                                                                                                                   
 2766 25.00      35  215   112    53     2690   1695   -42   -31  -311  -279    53    418  255889  2353207                                                                                                                   
 2890 25.25      35  215   112    53     2803   1582   -43   -30  -354  -309    52    470  255846  2353177                                                                                                                   
 3014 25.00      34  214   112    53     2915   1470   -43   -30  -398  -339    52    523  255802  2353147                                                                                                                   
 3107 25.47      34  214    84    40     2999   1386   -33   -22  -431  -361    39    562  255769  2353125 
 3118 25.52      34  214    10     5     3009   1376    -4    -3  -435  -364     5    567  255765  2353122 
 3164 25.75      34  214   136    64     3050   1335   -53   -36  -451  -375    64    587  255749  2353111                                                                                                                   
 3288 26.00      34  214   112    54     3162   1223   -45   -30  -496  -405    54    640  255704  2353081                                                                                                                   
 3412 26.50      35  215   111    55     3273   1112   -45   -31  -541  -436    55    695  255659  2353050                                                                                                                   
 3494 27.25      33  213    73    37     3346   1039   -31   -21  -572  -457    37    732  255628  2353029                                                                                                                   
 3538 28.00      33  213    39    20     3385   1000   -17   -11  -589  -468    20    752  255611  2353018 
 3567 28.50      33  213    65    34     3411    974   -29   -19  -601  -476    34    766  255599  2353010                                                                                                                   
 3628 28.00      35  215    54    29     3465    920   -24   -16  -624  -492    29    795  255576  2352994                                                                                                                   
 3689 26.75      38  218    54    28     3519    866   -23   -17  -647  -509    28    823  255553  2352977                                                                                                                   
 3729 26.75      38  218    36    18     3554    831   -14   -11  -661  -520    18    841  255539  2352966                                                                                                                   
 4000 26.75      38  218   242   122     3796    589   -96   -75  -757  -595   122    962  255443  2352891                                                                                                                   
                                                                                                                                                                                                                             
                                                                                                                                                                                                                             
                                                                                                                                                                                                                             
                                                                                                                                                                                                                             
                                                                                                                                                                                                                             
                                                                                                                                                                                                                             
                                                                                                                                                                                                                             
                                                                                                                                                                                                                             
                                                                                                                                                                                                                             
                                                                                                                                                                                                                             
                                                                                                                                                                                                                             
                                                                                                                                                                                                                             
                                                                                                                                                                                                                             
                                                                                                                                                                                                                             
                                                                                                                                                                                                                             
                                                                                                                                                                                                                             
                                                                                                                                                                                                                             
                                                                                                                                                                                                                             
                                                                                                                                                                                                                             
                                                                                                                                                                                                                             
                                                                                                                                                                                                                             
                                                                                                                                                                                                                             
                                                                                                                                                                                                                             
                                                                                                                                                                                                                             
                                                                                                                                                                                                                             
                                                                                                                                                                                                                             
                                                                                                                                                                                                                             
                                                                                                                                                                                                                             
                                                                                                                                                                                                                             
                                                                                                                                                                                                                             
                                                                                                                                                                                                                             
                                                                                                                                                                                                                             
                                                                                                                                                                                                                             
                                                                                                                                                                                                                             
                                                                                                                                                                                                                             
                                                                                                                                                                                                                             
                                                                                                                                                                                                                             
                                                                                                                                                                                                                             
                                                                                                                                                                                                                             
                                                                                                                                                                                                                             
                                                                                                                                                                                                                             
                                                                                                                                                                                                                             
                                                                                                                                                                                                                             
                                                                                                                                                                                                                             
                                                                                                                                                                                                                             
                                                                                                                                                                                                                             
                                                                                                                                                                                                                             
                                                                                                                                                                                                                             
                                                                                                                                                                                                                             
                                                                                                                                                                                                                             
                                                                                                                                                                                                                             
                                                                                                                                                                                                                             
                                                                                                                                                                                                                             
                                                                                                                                                                                                                             
                                                                                                                                                                                                                             
                                                                                                                                                                                                                             
                                                                                                                                                                                                                             
                                                                                                                                                                                                                             
                                                                                                                                                                                                                             
                                                                                                                                                                                                                             
                                                                                                                                                                                                                             
                                                                                                                                                                                                                             
                                                                                                                                                                                                                             
                                                                                                                                                                                                                             
                                                                                                                                                                                                                             
                                                                                                                                                                                                                             
                                                                                                                                                                                                                             
                                                                                                                                                                                                                             
                                                                                                                                                                                                                             
                                                                                                                                                                                                                             
                                                                                                                                                                                                                             
                                                                                                                                                                                                                             
                                                                                                                                                                                                                             
                                                                                                                                                                                                                             
                                                                                                                                                                                                                             
                                                                                                                                                                                                                             
                                                                                                                                                                                                                             
                                                                                                                                                                                                                             
                                                                                                                                                                                                                             
                                                                                                                                                                                                                             
                                                                                                                                                                                                                             
                                                                                                                                                                                                                             
                                                                                                                                                                                                                             
                                                                                                                                                                                                                             
                                                                                                                                                                                                                             
                                                                                                                                                                                                                             
                                                                                                                                                                                                                             
                                                                                                                                                                                                                             
                                                                                                                                                                                                                             
                                                                                                                                                                                                                             
                                                                                                                                                                                                                             
                                                                                                                                                                                                                             
                                                                                                                                                                                                                             
                                                                                                                                                                                                                             
                                                                                                                                                                                                                             
                                                                                                                                                                                                                             
                                                                                                                                                                                                                             
                                                                                                                                                                                                                             
                                                                                                                                                                                                                             
                                                                                                                                                                                                                             
                                                                                                                                                                                                                             
                                                                                                                                                                                                                             
                                                                                                                                                                                                                             
                                                                                                                                                                                                                             
                                                                                                                                                                                                                             
                                                                                                                                                                                                                             
                                                                                                                                                                                                                             
                                                                                                                                                                                                                             
                                                                                                                                                                                                                             
                                                                                                                                                                                                                             
                                                                                                                                                                                                                             
                                                                                                                                                                                                                             
                                                                                                                                                                                                                             
                                                                                                                                                                                                                             
                                                                                                                                                                                                                             
                                                                                                                                                                                                                             
                                                                                                                                                                                                                             
                                                                                                                                                                                                                             
                                                                                                                                                                                                                             
                                                                                                                                                                                                                             
                                                                                                                                                                                                                             
                                                                                                                                                                                                                             
                                                                                                                                                                                                                             
                                                                                                                                                                                                                             
                                                                                                                                                                                                                             
                                                                                                                                                                                                                             
                                                                                                                                                                                                                             
                                                                                                                                                                                                                             
                                                                                                                                                                                                                             
                                                                                                                                                                                                                             
                                                                                                                                                                                                                             
                                                                                                                                                                                                                             
                                                                                                                                                                                                                             
                                                                                                                                                                                                                             
                                                                                                                                                                                                                             
                                                                                                                                                                                                                             
                                                                                                                                                                                                                             
                                                                                                                                                                                                                             
                                                                                                                                                                                                                             
                                                                                                                                                                                                                             
                                                                                                                                                                                                                             
                                                                                                                                                                                                                             
                                                                                                                                                                                                                             
                                                                                                                                                                                                                             
                                                                                                                                                                                                                             
                                                                                                                                                                                                                             
                                                                                                                                                                                                                             
                                                                                                                                                                                                                             
                                                                                                                                                                                                                             
                                                                                                                                                                                                                             
                                                                                                                                                                                                                             
                                                                                                                                                                                                                             
                                                                                                                                                                                                                             
                                                                                                                                                                                                                             
                                                                                                                                                                                                                             
                                                                                                                                                                                                                             
                                                                                                                                                                                                                             
                                                                                                                                                                                                                             
                                                                                                                                                                                                                             
                                                                                                                                                                                                                             
                                                                                                                                                                                                                             
                                                                                                                                                                                                                             
                                                                                                                                                                                                                             
                                                                                                                                                                                                                             
                                                                                                                                                                                                                             
                                                                                                                                                                                                                             
                                                                                                                                                                                                                             
                                                                                                                                                                                                                             
                                                                                                                                                                                                                             
                                                                                                                                                                                                                             
                                                                                                                                                                                                                             
                                                                                                                                                                                                                             
                                                                                                                                                                                                                             
                                                                                                                                                                                                                             
                                                                                                                                                                                                                             
                                                                                                                                                                                                                             
                                                                                                                                                                                                                             
                                                                                                                                                                                                                             
                                                                                                                                                                                                                             
                                                                                                                                                                                                                             
                                                                                                                                                                                                                             
                                                                                                                                                                                                                             
                                                                                                                                                                                                                             
                                                                                                                                                                                                                             
                                                                                                                                                                                                                             
                                                                                                                                                                                                                             
                                                                                                                                                                                                                             
                                                                                                                                                                                                                             
                                                                                                                                                                                                                             
                                                                                                                                                                                                                             
                                                                                                                                                                                                                             
                                                                                                                                                                                                                             
                                                                                                                                                                                                                             
                                                                                                                                                                                                                             
                                                                                                                                                                                                                             
                                                                                                                                                                                                                             
                                                                                                                                                                                                                             
                                                                                                                                                                                                                             
                                                                                                                                                                                                                             
                                                                                                                                                                                                                             
                                                                                                                                                                                                                             
                                                                                                                                                                                                                             
                                                                                                                                                                                                                             
                                                                                                                                                                                                                             
                                                                                                                                                                                                                             
                                                                                                                                                                                                                             
                                                                                                                                                                                                                             
                                                                                                                                                                                                                             
                                                                                                                                                                                                                             
                                                                                                                                                                                                                             
                                                                                                                                                                                                                             
                                                                                                                                                                                                                             
                                                                                                                                                                                                                             
                                                                                                                                                                                                                             
                                                                                                                                                                                                                             
                                                                                                                                                                                                                             
                                                                                                                                                                                                                             
                                                                                                                                                                                                                             
                                                                                                                                                                                                                             
                                                                                                                                                                                                                             
                                                                                                                                                                                                                             
                                                                                                                                                                                                                             
                                                                                                                                                                                                                             
                                                                                                                                                                                                                             
                                                                                                                                                                                                                             
                                                                                                                                                                                                                             
                                                                                                                                                                                                                             
                                                                                                                                                                                                                             
                                                                                                                                                                                                                             
                                                                                                                                                                                                                             
                                                                                                                                                                                                                             
                                                                                                                                                                                                                             
                                                                                                                                                                                                                             
                                                                                                                                                                                                                             
                                                                                                                                                                                                                             
                                                                                                                                                                                                                             
                                                                                                                                                                                                                             
                                                                                                                                                                                                                             
                                                                                                                                                                                                                             
                                                                                                                                                                                                                             
                                                                                                                                                                                                                             
                                                                                                                                                                                                                             
                                                                                                                                                                                                                             
                                                                                                                                                                                                                             
                                                                                                                                                                                                                             
                                                                                                                                                                                                                             
                                                                                                                                                                                                                             
                                                                                                                                                                                                                             
                                                                                                                                                                                                                             
                                                                                                                                                                                                                             
                                                                                                                                                                                                                             
                                                                                                                                                                                                                             
                                                                                                                                                                                                                             
                                                                                                                                                                                                                             
                                                                                                                                                                                                                             
                                                                                                                                                                                                                             
                                                                                                                                                                                                                             
