      WELL DATA SUMMARY                                                                                   
            
Well  NAVY I 34-9 TCH    
                         
Sec Az    0         
Elev   3930 KB      
Coords   NO  SURVEY LOC.                      
                         Course               
  MD  Drift Drift D. AzimLength  DH     TVD     SSD    DNS   DEW   N-S   E-W  DSec   Sec   N-LAM E-LAM    
__________________________________________________________________________________________________________
                                                                                                          
    0  0.00       0    0                        3930     0     0     0     0     0     0       0        0 
  250  0.00       0    0   250     0      250   3680     0     0     0     0     0     0       0        0 
  500  0.00       0    0   250     0      500   3430     0     0     0     0     0     0       0        0 
  750  0.00       0    0   250     0      750   3180     0     0     0     0     0     0       0        0 
  930  0.00       0    0   180     0      930   3000     0     0     0     0     0     0       0        0 
 1000  0.00       0    0   250     0     1000   2930     0     0     0     0     0     0       0        0 
 1250  0.00       0    0   250     0     1250   2680     0     0     0     0     0     0       0        0 
 1500  0.00       0    0   250     0     1500   2430     0     0     0     0     0     0       0        0 
 1750  0.00       0    0   250     0     1750   2180     0     0     0     0     0     0       0        0 
 1800  0.00       0    0    50     0     1800   2130     0     0     0     0     0     0       0        0 
 1930  0.00       0    0   130     0     1930   2000     0     0     0     0     0     0       0        0 
 1980  0.00       0    0   180     0     1980   1950     0     0     0     0     0     0       0        0 
 2000  0.00       0    0    20     0     2000   1930     0     0     0     0     0     0       0        0 
 2250  0.00       0    0   250     0     2250   1680     0     0     0     0     0     0       0        0 
 2500  0.00       0    0   250     0     2500   1430     0     0     0     0     0     0       0        0 
 2750  0.00       0    0   250     0     2750   1180     0     0     0     0     0     0       0        0 
 2820  0.00       0    0    70     0     2820   1110     0     0     0     0     0     0       0        0 
 2930  0.00       0    0   110     0     2930   1000     0     0     0     0     0     0       0        0 
 3000  0.00       0    0   180     0     3000    930     0     0     0     0     0     0       0        0 
 3250  0.00       0    0   250     0     3250    680     0     0     0     0     0     0       0        0 
 3500  0.00       0    0   250     0     3500    430     0     0     0     0     0     0       0        0 
 3750  0.00       0    0   250     0     3750    180     0     0     0     0     0     0       0        0 
 3789  0.00       0    0    39     0     3789    141     0     0     0     0     0     0       0        0 
                                                                                                          
                                                                                                          
                                                                                                          
                                                                                                          
                                                                                                          
                                                                                                          
                                                                                                          
                                                                                                          
                                                                                                          
                                                                                                          
                                                                                                          
                                                                                                          
                                                                                                          
                                                                                                          
                                                                                                          
                                                                                                          
                                                                                                          
                                                                                                          
                                                                                                          
                                                                                                          
                                                                                                          
                                                                                                          
                                                                                                          
                                                                                                          
                                                                                                          
                                                                                                          
                                                                                                          
                                                                                                          
                                                                                                          
                                                                                                          
                                                                                                          
                                                                                                          
                                                                                                          
                                                                                                          
                                                                                                          
                                                                                                          
                                                                                                          
                                                                                                          
                                                                                                          
                                                                                                          
                                                                                                          
                                                                                                          
                                                                                                          
                                                                                                          
                                                                                                          
                                                                                                          
                                                                                                          
                                                                                                          
                                                                                                          
                                                                                                          
                                                                                                          
                                                                                                          
                                                                                                          
                                                                                                          
                                                                                                          
                                                                                                          
                                                                                                          
                                                                                                          
                                                                                                          
                                                                                                          
                                                                                                          
                                                                                                          
                                                                                                          
                                                                                                          
                                                                                                          
                                                                                                          
                                                                                                          
                                                                                                          
                                                                                                          
                                                                                                          
                                                                                                          
                                                                                                          
                                                                                                          
                                                                                                          
                                                                                                          
                                                                                                          
                                                                                                          
                                                                                                          
                                                                                                          
                                                                                                          
                                                                                                          
                                                                                                          
                                                                                                          
                                                                                                          
                                                                                                          
                                                                                                          
                                                                                                          
                                                                                                          
                                                                                                          
                                                                                                          
                                                                                                          
                                                                                                          
                                                                                                          
                                                                                                          
                                                                                                          
                                                                                                          
                                                                                                          
                                                                                                          
                                                                                                          
                                                                                                          
                                                                                                          
                                                                                                          
                                                                                                          
                                                                                                          
                                                                                                          
                                                                                                          
                                                                                                          
                                                                                                          
                                                                                                          
                                                                                                          
                                                                                                          
                                                                                                          
                                                                                                          
                                                                                                          
                                                                                                          
                                                                                                          
                                                                                                          
                                                                                                          
                                                                                                          
                                                                                                          
                                                                                                          
                                                                                                          
                                                                                                          
                                                                                                          
                                                                                                          
                                                                                                          
                                                                                                          
                                                                                                          
                                                                                                          
                                                                                                          
                                                                                                          
                                                                                                          
                                                                                                          
                                                                                                          
                                                                                                          
                                                                                                          
                                                                                                          
                                                                                                          
                                                                                                          
                                                                                                          
                                                                                                          
                                                                                                          
                                                                                                          
                                                                                                          
                                                                                                          
                                                                                                          
                                                                                                          
                                                                                                          
                                                                                                          
                                                                                                          
                                                                                                          
                                                                                                          
                                                                                                          
                                                                                                          
                                                                                                          
                                                                                                          
                                                                                                          
                                                                                                          
                                                                                                          
                                                                                                          
                                                                                                          
                                                                                                          
                                                                                                          
                                                                                                          
                                                                                                          
                                                                                                          
                                                                                                          
