      WELL DATA SUMMARY                                                                                   
            
Well  BLM 35-20 TCH 
                         
Sec Az    0         
Elev   4007 KB      
CoordsNorth  247098 East              2357447 
                         Course               
  MD  Drift Drift D. AzimLength  DH     TVD     SSD    DNS   DEW   N-S   E-W  DSec   Sec   N-LAM E-LAM    
__________________________________________________________________________________________________________
                                                                                                          
    0  0.00       0    0                        4007     0     0     0     0     0     0  247098  2357447 
    7  0.00       0    0     7     0        7   4000     0     0     0     0     0     0  247098  2357447 
  250  0.00       0    0   250     0      250   3757     0     0     0     0     0     0  247098  2357447 
  500  0.00       0    0   250     0      500   3507     0     0     0     0     0     0  247098  2357447 
  750  0.00       0    0   250     0      750   3257     0     0     0     0     0     0  247098  2357447 
 1000  0.00       0    0   250     0     1000   3007     0     0     0     0     0     0  247098  2357447 
 1007  0.00       0    0     7     0     1007   3000     0     0     0     0     0     0  247098  2357447 
 1250  0.00       0    0   250     0     1250   2757     0     0     0     0     0     0  247098  2357447 
 1500  0.00       0    0   250     0     1500   2507     0     0     0     0     0     0  247098  2357447 
 1750  0.00       0    0   250     0     1750   2257     0     0     0     0     0     0  247098  2357447 
 2000  0.00       0    0   250     0     2000   2007     0     0     0     0     0     0  247098  2357447 
 2007  0.00       0    0     7     0     2007   2000     0     0     0     0     0     0  247098  2357447 
 2250  0.00       0    0   250     0     2250   1757     0     0     0     0     0     0  247098  2357447 
 2500  0.00       0    0   250     0     2500   1507     0     0     0     0     0     0  247098  2357447 
 2750  0.00       0    0   250     0     2750   1257     0     0     0     0     0     0  247098  2357447 
 2860  0.00       0    0   110     0     2860   1147     0     0     0     0     0     0  247098  2357447 
 3000  0.00       0    0   140     0     3000   1007     0     0     0     0     0     0  247098  2357447 
 3007  0.00       0    0     7     0     3007   1000     0     0     0     0     0     0  247098  2357447 
 3250  0.00       0    0   250     0     3250    757     0     0     0     0     0     0  247098  2357447 
 3500  0.00       0    0   250     0     3500    507     0     0     0     0     0     0  247098  2357447 
 3750  0.00       0    0   250     0     3750    257     0     0     0     0     0     0  247098  2357447 
 3970  0.00       0    0   220     0     3970     37     0     0     0     0     0     0  247098  2357447 
                                                                                                          
                                                                                                          
                                                                                                          
                                                                                                          
                                                                                                          
                                                                                                          
                                                                                                          
                                                                                                          
                                                                                                          
                                                                                                          
                                                                                                          
                                                                                                          
                                                                                                          
                                                                                                          
                                                                                                          
                                                                                                          
                                                                                                          
                                                                                                          
                                                                                                          
                                                                                                          
                                                                                                          
                                                                                                          
                                                                                                          
                                                                                                          
                                                                                                          
                                                                                                          
                                                                                                          
                                                                                                          
                                                                                                          
                                                                                                          
                                                                                                          
                                                                                                          
                                                                                                          
                                                                                                          
                                                                                                          
                                                                                                          
                                                                                                          
                                                                                                          
                                                                                                          
                                                                                                          
                                                                                                          
                                                                                                          
                                                                                                          
                                                                                                          
                                                                                                          
                                                                                                          
                                                                                                          
                                                                                                          
                                                                                                          
                                                                                                          
                                                                                                          
                                                                                                          
                                                                                                          
                                                                                                          
                                                                                                          
                                                                                                          
                                                                                                          
                                                                                                          
                                                                                                          
                                                                                                          
                                                                                                          
                                                                                                          
                                                                                                          
                                                                                                          
                                                                                                          
                                                                                                          
                                                                                                          
                                                                                                          
                                                                                                          
                                                                                                          
                                                                                                          
                                                                                                          
                                                                                                          
                                                                                                          
                                                                                                          
                                                                                                          
                                                                                                          
                                                                                                          
                                                                                                          
                                                                                                          
                                                                                                          
                                                                                                          
                                                                                                          
                                                                                                          
                                                                                                          
                                                                                                          
                                                                                                          
                                                                                                          
                                                                                                          
                                                                                                          
                                                                                                          
                                                                                                          
                                                                                                          
                                                                                                          
                                                                                                          
                                                                                                          
                                                                                                          
                                                                                                          
                                                                                                          
                                                                                                          
                                                                                                          
                                                                                                          
                                                                                                          
                                                                                                          
                                                                                                          
                                                                                                          
                                                                                                          
                                                                                                          
                                                                                                          
                                                                                                          
                                                                                                          
                                                                                                          
                                                                                                          
                                                                                                          
                                                                                                          
                                                                                                          
                                                                                                          
                                                                                                          
                                                                                                          
                                                                                                          
                                                                                                          
                                                                                                          
                                                                                                          
                                                                                                          
                                                                                                          
                                                                                                          
                                                                                                          
                                                                                                          
                                                                                                          
                                                                                                          
                                                                                                          
                                                                                                          
                                                                                                          
                                                                                                          
                                                                                                          
                                                                                                          
                                                                                                          
                                                                                                          
                                                                                                          
                                                                                                          
                                                                                                          
                                                                                                          
                                                                                                          
                                                                                                          
                                                                                                          
                                                                                                          
                                                                                                          
                                                                                                          
                                                                                                          
                                                                                                          
                                                                                                          
                                                                                                          
                                                                                                          
                                                                                                          
                                                                                                          
                                                                                                          
                                                                                                          
                                                                                                          
                                                                                                          
                                                                                                          
                                                                                                          
                                                                                                          
                                                                                                          
                                                                                                          
                                                                                                          
                                                                                                          
                                                                                                          
                                                                                                          
                                                                                                          
