        WELL DATA SUMMARY                                                                                                                                                                                                                                                               
                
Well    BLM 16B-20      DEEPENING       
                                
Sec Azim        0       STRAIGHT HOLE   
Elev    4415    KB      
Coords: North   246235  East    2355767         2355767 
                                 Course                 
   MD   Drift A.Drift D.  Azim   Length    DH      TVD     SSD     DNS     DEW     N-S     E-W    DSec     Sec    N-LAM E-LAM   
_________________________________________________________________________________________________________________________________       
                                                                                                                                                                                                                                                                                        
      0    0.00       0       0       0       0       0    4415       0       0       0       0       0       0  246235 2355767                                                                                                                                                         
    118    0.51      43     135     118       1     118    4297       0       0       0       0       0       0  246235 2355767 
    230    1.00      84     264     230      -2     230    4185       1      -1       1      -1       1       1  246236 2355766                                                                                                                                                         
    290    1.00      76     278      60       1     290    4125       0      -1       1      -3       0       1  246236 2355764 
    355    1.00      67     293     125       2     355    4060       0      -2       2      -4       0       2  246237 2355763                                                                                                                                                         
    415    1.00      64     296      60       1     415    4000       0      -1       2      -5       0       2  246237 2355762 
    500    1.00      60     300     145       3     500    3915       1      -2       3      -6       1       3  246238 2355761                                                                                                                                                         
    630    1.25      49     311     130       3     630    3785       1      -2       4      -8       1       4  246239 2355759                                                                                                                                                         
    695    1.00      20     340      65       1     695    3720       1      -1       5      -9       1       5  246240 2355758                                                                                                                                                         
    818    1.25      16     344     123       2     818    3597       2      -1       8      -9       2       8  246243 2355758                                                                                                                                                         
    914    1.25       8     352      96       2     914    3501       2       0      10     -10       2      10  246245 2355757                                                                                                                                                         
   1066    1.25       2     358     152       3    1066    3349       3       0      13     -10       3      13  246248 2355757                                                                                                                                                         
   1187    1.75      26     334     121       3    1187    3228       3      -1      16     -11       3      16  246251 2355756                                                                                                                                                         
   1310    1.50       7     353     123       3    1310    3105       3      -1      19     -12       3      19  246254 2355755                                                                                                                                                         
   1415    2.17      20      55     105       3    1415    3000      -3      -1      16     -13      -3      16  246251 2355754 
   1427    2.25      21      21     117      -4    1427    2988       4       0      23     -11       4      23  246258 2355756                                                                                                                                                         
   1527    2.00      23      23     100       4    1527    2888       3       1      27     -10       3      27  246262 2355757                                                                                                                                                         
   1640    2.00      14      14     113       4    1640    2775       4       1      30      -9       4      30  246265 2355758                                                                                                                                                         
   1764    2.25      28      28     124       5    1763    2652       4       2      35      -7       4      35  246270 2355760                                                                                                                                                         
   1890    2.00      21      21     126       5    1889    2526       4       2      39      -5       4      39  246274 2355762                                                                                                                                                         
   2030    1.75       6       6     140       5    2029    2386       4       1      43      -4       4      43  246278 2355763                                                                            2386            1889    1890      39      -5      39    0.00 
   2160    2.00       7       7     130       4    2159    2256       4       0      48      -4       4      48  246283 2355763                                                                                                                                                         
   2277    2.00       6       6     117       4    2276    2139       4       0      52      -3       4      52  246287 2355764                                                                                                                                                         
   2413    1.25       7       7     136       4    2412    2003       4       0      55      -3       4      55  246290 2355764                                                                                                                                                         
   2416    1.26       8       8       3       0    2415    2000       0       0      56      -3       0      56  246291 2355764 
   2544    1.75      29      29     131       3    2543    1872       3       1      59      -2       3      59  246294 2355765                                                                                                                                                         
   2670    1.50      63      63     126       4    2669    1746       2       3      61       1       2      61  246296 2355768                                                                                                                                                         
   2800    1.65      55      55     130       4    2799    1616       2       3      63       4       2      63  246298 2355771 
   2890    1.75      50      50     220       6    2889    1526       3       5      65       6       3      65  246300 2355773                                                                                                                                                         
   3078    2.25      67      67     188       7    3077    1338       3       6      68      12       3      68  246303 2355779                                                                                                                                                         
   3256    1.75      12      12     178       6    3255    1160       5       4      73      16       5      73  246308 2355783                                                                                                                                                         
   3416    1.32      10      10     160       4    3415    1000       4       1      77      16       4      77  246312 2355783 
   3442    1.25      10      10     186       5    3441     974       5       1      78      17       5      78  246313 2355784                                                                                                                                                         
   3629    1.75      32      32     187       5    3628     787       5       2      82      18       5      82  246317 2355785                                                                                                                                                         
   3814    1.25      56      56     185       5    3812     603       3       3      86      22       3      86  246321 2355789                                                                                                                                                         
   4002    1.75      86      86     188       5    4000     415       2       5      87      26       2      87  246322 2355793                                                                                                                                                         
   4189    1.25      67      67     187       5    4187     228       1       5      88      31       1      88  246323 2355798                                                                                                                                                         
   4256    1.00      85      85      67       1    4254     161       0       1      89      32       0      89  246324 2355799                                                                                                                                                         
   4318    1.00      49     229      62       1    4316      99      -1       0      88      33      -1      88  246323 2355800                                                                                                                                                         
   4379    2.00      88     268      61       2    4377      38      -1      -1      87      31      -1      87  246322 2355798                                                                                                                                                         
   4417    3.21      86     273      38       2    4415       0       0      -2      87      30       0      87  246322 2355797 
   4442    4.00      84     276      63       3    4440     -25       0      -3      87      28       0      87  246322 2355795                                                                                                                                                         
   4474    3.50      88     268      32       2    4472     -57       0      -2      87      26       0      87  246322 2355793                                                                                                                                                         
   4506    4.00      80     260      32       2    4504     -89       0      -2      87      24       0      87  246322 2355791                                                                                                                                                         
   4519    4.43      80     260      13       1    4517    -102       0      -1      87      23       0      87  246322 2355790 
   4536    5.00      81     261      30       2    4534    -119       0      -2      87      21       0      87  246322 2355788                                                                                 /ma111..ak200~a115~                     CCCCCCCC{GOTO}a1~/fcceinsert1~  
   4596    6.00      87     267      60       6    4594    -179      -1      -6      86      16      -1      86  246321 2355783                                                                                                                                                         
   4657    6.25      88     268      61       7    4654    -239       0      -7      86       9       0      86  246321 2355776                                                                                                                                                         
   4752    6.25      87     267      94      10    4749    -334       0     -10      85      -1       0      85  246320 2355766                                                                                                                                                         
   4864    6.50      87     267     111      12    4860    -445      -1     -12      85     -14      -1      85  246320 2355753                                                                                                                                                         
   4995    6.00      85     265     130      14    4990    -575      -1     -14      84     -28      -1      84  246319 2355739                                                                                                                                                         
   5120    5.75      84     264     124      13    5115    -700      -1     -13      83     -40      -1      83  246318 2355727                                                                                                                                                         
   5247    6.00      87     267     126      13    5241    -826      -1     -13      82     -53      -1      82  246317 2355714                                                                                                                                                         
   5371    6.50      85     265     123      13    5364    -949      -1     -13      81     -67      -1      81  246316 2355700                                                                                                                                                         
   5422    6.50      85     265      51       6    5415   -1000      -1      -6      80     -73      -1      80  246315 2355694 
   5500    6.50      84     264     128      15    5492   -1077      -1     -15      79     -81      -1      79  246314 2355686                                                                                                                                                         
   5635    6.14      84     264     134      15    5627   -1212      -2     -15      78     -96      -2      78  246313 2355671 
   5689    6.00      84     264     188      21    5680   -1265      -2     -20      77    -102      -2      77  246312 2355665                                                                                                                                                         
   5840    6.50      89     271     150      16    5830   -1415      -1     -16      76    -118      -1      76  246311 2355649                                                                                                                                                         
   5990    6.25      89     269     149      17    5980   -1565       0     -17      76    -135       0      76  246311 2355632                                                                                                                                                         
   6355    9.00      60     300     362      48    6341   -1926      12     -47      88    -182      12      88  246323 2355585                                                                                                                                                         
   6430    8.86      60     300      74      12    6415   -2000       6     -10      94    -192       6      94  246329 2355575 
   6909    8.00      60     300     548      82    6889   -2474      41     -71     129    -253      41     129  246364 2355514                                                                                                                                                         
   7378    5.75      60     300     466      56    7355   -2940      28     -49     157    -301      28     157  246392 2355466                                                                                                                                                         
   7420    5.75      60     300      42       4    7397   -2982       2      -4     160    -305       2     160  246395 2355462                                                                                                                                                         
   7438    5.71      61     299      18       2    7415   -3000       1      -2     160    -307       1     160  246395 2355460 
   7903    4.75      76     284     481      44    7878   -3463      17     -41     176    -346      17     176  246411 2355421                                                                                                                                                         
   8384    6.25      76     256     479      46    8356   -3941       0     -46     176    -392       0     176  246411 2355375                                                                                                                                                         
   8443    6.11      74     254      59       6    8415   -4000      -2      -6     175    -398      -2     175  246410 2355369 
   8591    5.75      70     250     206      22    8562   -4147      -6     -21     170    -413      -6     170  246405 2355354                                                                                                                                                         
   8937    5.50      76     256     344      34    8907   -4492     -10     -32     160    -445     -10     160  246395 2355322                                                                                                                                                         
   9447    4.52      70     250     508      45    9415   -5000     -13     -43     147    -488     -13     147  246382 2355279 
   9460    4.50      70     250     521      46    9428   -5013     -13     -44     147    -489     -13     147  246382 2355278                                                                                                                                                         
   9660    4.37      57     227     199      15    9627   -5212      -8     -13     139    -502      -8     139  246374 2355265 
   9770    4.30      49     215     110       8    9737   -5322      -6      -5     132    -507      -6     132  246367 2355260 
  10231    4.00      18     162     769      57   10196   -5781     -51     -25      95    -514     -51      95  246330 2355253                                                                                                                                                         
  10450    4.00      18     162     218      15   10415   -6000     -15       5      81    -509     -15      81  246316 2355258 
  10526    4.00      18     162     294      21   10491   -6076     -20       6      76    -508     -20      76  246311 2355259                                                                                                                                                         
