      WELL DATA SUMMARY                                                                                   
            
Well  BLM 24B-20    
                         
Sec Az   57         
Elev   4049      KB 
CoordsNorth  247505 East              2356576 
                         Course               
  MD  Drift Drift D. AzimLength  DH     TVD     SSD    DNS   DEW   N-S   E-W  DSec   Sec    N-LAM   E-LAM 
_________________________________________________________________________________________________________ 
                                                                                                          
    0  0.00      42  222                        4049     0     0     0     0     0     0  247505  2356576 
   49  0.00      42  222    49     0       49   4000     0     0     0     0     0     0  247505  2356576 
  183  0.00      42  222   183     0      183   3866     0     0     0     0     0     0  247505  2356576 
  468  1.00      42  222   285     2      468   3581    -2    -2    -2    -2    -2    -2  247503  2356575 
  500  1.16      42  222    32     1      500   3549     0     0    -2    -2    -1    -3  247503  2356574 
  665  2.00      42  222   165     5      665   3384    -3    -3    -6    -5    -4    -7  247499  2356571 
  835  2.25      38  218   170     6      835   3214    -5    -4   -11    -9    -6   -13  247494  2356567 
  888  2.25      51  231    53     2      888   3161    -1    -1   -12   -11    -2   -15  247493  2356566 
  932  2.50      24  204    44     2      932   3117    -1    -1   -13   -12    -2   -17  247492  2356564 
  963  2.50      30  183    31     1      963   3086    -1     0   -15   -12    -1   -18  247490  2356564 
  995  2.50       1  181    32     1      995   3054    -1     0   -16   -12    -1   -19  247489  2356564 
 1000  2.54       2  179     5     0     1000   3049     0     0   -16   -12     0   -19  247489  2356564 
 1027  2.75       9  171    27     1     1027   3022    -1     0   -18   -12    -1   -20  247487  2356564 
 1049  2.83      19  161    22     1     1049   3000    -1     0   -19   -12     0   -20  247486  2356564 
 1100  3.00      43  137    73     4     1100   2949    -3     2   -21   -10     0   -20  247484  2356566 
 1124  3.00      34  146    24     1     1124   2925    -1     1   -22   -10     0   -20  247483  2356567 
 1200  3.50      46  134    76     4     1199   2850    -3     3   -25    -7     1   -19  247480  2356569 
 1231  3.75      50  130    31     2     1230   2819    -1     1   -26    -5     1   -19  247478  2356571 
 1262  4.25      59  121    31     2     1261   2788    -1     2   -28    -4     1   -18  247477  2356573 
 1293  4.00      66  114    31     2     1292   2757    -1     2   -29    -2     1   -17  247476  2356575 
 1326  4.00      79  101    33     2     1325   2724    -1     2   -29     1     1   -16  247475  2356577 
 1358  4.00      87   93    32     2     1357   2692     0     2   -30     3     2   -14  247475  2356579 
 1390  4.00      85   85    32     2     1389   2660     0     2   -30     5     2   -12  247475  2356581 
 1422  4.00      73   73    32     2     1421   2628     0     2   -29     7     2   -10  247476  2356583 
 1497  3.75      50   50    75     5     1496   2553     2     4   -27    12     5    -5  247478  2356588 
 1500  3.73      50   50     3     0     1499   2550     0     0   -27    12     0    -5  247478  2356588 
 1538  3.50      50   50    38     2     1537   2512     2     2   -25    14     2    -2  247480  2356590 
 1581  3.50      41   41    43     3     1580   2469     2     2   -23    16     3     0  247482  2356592 
 1656  3.50      42   42    75     5     1654   2395     3     3   -20    19     4     5  247485  2356595 
 1706  3.50      44   44    50     3     1704   2345     2     2   -18    21     3     8  247487  2356597 
 1765  4.50      47   47    59     4     1763   2286     3     3   -15    24     4    12  247490  2356600 
 1829  5.00      46   46    64     5     1827   2222     4     4   -11    27     5    17  247494  2356604 
 1892  6.25      43   43    63     6     1890   2159     4     4    -7    32     6    23  247498  2356608 
 2000  6.25      41   41   107    12     1997   2052     9     8     2    40    11    34  247507  2356616 
 2026  6.25      41   41    26     3     2023   2026     2     2     4    41     3    37  247509  2356618 
 2052  6.15      43   43    26     3     2049   2000     2     2     6    43     3    40  247511  2356620 
 2089  6.00      45   45    63     7     2085   1964     5     5     9    46     7    44  247514  2356622 
 2151  5.75      41   41    62     6     2147   1902     5     4    14    50     6    50  247519  2356627 
 2177  5.75      43   43    26     3     2173   1876     2     2    16    52     3    52  247521  2356628 
 2234  5.75      40   40    57     6     2230   1819     4     4    20    56     6    58  247525  2356632 
 2291  5.75      41   41    57     6     2286   1763     4     4    24    60     5    63  247529  2356636 
 2391  5.50      25   25   100    10     2386   1663     8     5    32    65     9    72  247537  2356641 
 2439  5.50      20   20    48     5     2434   1615     4     2    37    67     4    76  247542  2356643 
 2500  5.96      19   19    61     6     2494   1555     6     2    42    69     5    81  247547  2356645 
 2505  6.00      19   19     5     1     2499   1550     0     0    43    69     0    81  247548  2356645 
 2568  6.50      14   14    63     7     2562   1487     7     2    49    71     5    86  247554  2356647 
 2677  6.25      18   18   108    12     2670   1379    12     3    61    74     9    96  247566  2356650 
 2707  5.75      25   25    30     3     2700   1349     3     1    64    75     3    98  247569  2356652 
 2738  6.00      34   34    31     3     2731   1318     3     2    67    77     3   101  247572  2356653 
 2769  6.25      40   40    31     3     2762   1287     3     2    69    79     3   104  247574  2356655 
 2801  7.25      42   42    32     4     2794   1255     3     2    72    81     4   108  247577  2356658 
 2833  8.25      44   44    32     4     2825   1224     3     3    75    84     4   112  247580  2356661 
 2865  9.00      42   42    32     5     2857   1192     4     3    79    88     5   116  247584  2356664 
 2896 10.00      41   41    31     5     2888   1161     4     3    83    91     5   121  247588  2356667 
 2928 10.75      42   42    31     6     2919   1130     4     4    87    95     6   127  247592  2356671 
 3000 12.43      51   51    71    14     2990   1059    10    10    97   105    14   141  247602  2356682 
 3003 12.50      51   51     3     1     2992   1057     0     1    97   106     1   142  247602  2356682 
 3061 13.37      50   50    57    13     3049   1000     8    10   106   116    13   155  247611  2356692 
 3120 14.25      49   49   114    27     3106    943    17    21   115   127    27   169  247620  2356703 
 3254 16.00      48   48   129    35     3236    813    23    26   138   153    35   203  247643  2356729 
 3380 18.50      46   46   120    37     3356    693    25    27   164   180    37   240  247668  2356756 
 3442 18.25      46   46    59    20     3415    634    14    14   177   194    19   259  247682  2356770 
 3500 19.27      46   46    55    19     3470    579    13    13   190   208    18   278  247695  2356784 
 3570 20.50      47   47    66    24     3536    513    16    17   206   225    23   301  247711  2356801 
 3663 21.00      48   48    87    33     3623    426    22    24   229   249    32   333  247734  2356825 
 3766 21.00      42   42    96    37     3719    330    26    26   255   275    36   370  247760  2356852 
 3865 21.00      46   46    92    35     3811    238    26    25   280   300    35   404  247785  2356876 
 3990 21.25      45   45   117    45     3928    121    32    32   312   332    44   448  247817  2356908 
 4000 21.31      45   45     9     4     3937    112     3     3   314   335     4   452  247819  2356911 
 4120 22.00      49   49   112    44     4049      0    30    32   344   367    44   495  247849  2356943 
 4409 24.83      59   59   265   115     4314   -265    67    93   412   460   115   610  247917  2357036 
 4426 25.00      60   60    15     7     4329   -280     4     6   415   466     7   617  247920  2357043 
 4500 25.52      59   59    67    32     4396   -347    16    27   431   494    32   649  247936  2357070 
 4710 27.00      58   58   188    93     4584   -535    48    79   479   573    93   742  247984  2357149 
 4882 28.00      62   62   153    79     4737   -688    40    69   519   642    79   821  248024  2357218 
 5000 29.67      65   65   103    57     4840   -791    25    51   544   693    57   878  248049  2357269 
 5023 30.00      66   66    20    11     4860   -811     5    10   549   703    11   889  248054  2357280 
 5240 29.33      69   69   189   107     5049  -1000    41    99   590   803   106   994  248095  2357379 
 5345 29.00      71   71   280   159     5141  -1092    58   148   607   851   155  1044  248112  2357427 
 5500 26.86      76   76   137    73     5278  -1229    21    70   628   920    70  1114  248133  2357497 
 5520 26.58      77   77    18     9     5295  -1246     2     9   630   929     8  1122  248135  2357505 
 5560 26.03      78   78    36    18     5331  -1282     4    17   634   947    17  1139  248139  2357523 
 5562 26.00      78   78     2     1     5333  -1284     0     1   634   947     1  1140  248139  2357524 
 5642 23.50      80   80    73    33     5406  -1357     6    33   640   980    31  1171  248145  2357556 
 5702 23.50      80   80    55    24     5461  -1412     4    24   645  1004    22  1193  248150  2357580 
                                                                                                          
                                                                                                          
                                                                                                          
                                                                                                          
                                                                                                          
                                                                                                          
                                                                                                          
                                                                                                          
                                                                                                          
                                                                                                          
                                                                                                          
                                                                                                          
                                                                                                          
                                                                                                          
                                                                                                          
                                                                                                          
                                                                                                          
                                                                                                          
                                                                                                          
                                                                                                          
                                                                                                          
                                                                                                          
                                                                                                          
                                                                                                          
                                                                                                          
                                                                                                          
                                                                                                          
                                                                                                          
                                                                                                          
                                                                                                          
                                                                                                          
                                                                                                          
                                                                                                          
                                                                                                          
                                                                                                          
                                                                                                          
                                                                                                          
                                                                                                          
                                                                                                          
                                                                                                          
                                                                                                          
                                                                                                          
                                                                                                          
                                                                                                          
                                                                                                          
                                                                                                          
                                                                                                          
                                                                                                          
                                                                                                          
                                                                                                          
                                                                                                          
                                                                                                          
                                                                                                          
                                                                                                          
                                                                                                          
                                                                                                          
                                                                                                          
                                                                                                          
                                                                                                          
                                                                                                          
                                                                                                          
                                                                                                          
                                                                                                          
                                                                                                          
                                                                                                          
                                                                                                          
                                                                                                          
                                                                                                          
                                                                                                          
                                                                                                          
                                                                                                          
                                                                                                          
                                                                                                          
                                                                                                          
                                                                                                          
                                                                                                          
                                                                                                          
                                                                                                          
                                                                                                          
                                                                                                          
                                                                                                          
                                                                                                          
                                                                                                          
                                                                                                          
                                                                                                          
                                                                                                          
                                                                                                          
                                                                                                          
                                                                                                          
                                                                                                          
                                                                                                          
                                                                                                          
                                                                                                          
                                                                                                          
                                                                                                          
                                                                                                          
                                                                                                          
                                                                                                          
                                                                                                          
                                                                                                          
                                                                                                          
                                                                                                          
                                                                                                          
                                                                                                          
                                                                                                          
                                                                                                          
                                                                                                          
                                                                                                          
                                                                                                          
                                                                                                          
                                                                                                          
                                                                                                          
                                                                                                          
                                                                                                          
                                                                                                          
                                                                                                          
                                                                                                          
                                                                                                          
                                                                                                          
                                                                                                          
                                                                                                          
