      WELL DATA SUMMARY                                                                                                                                                              
            
Well  BLM 32A-20    
                         
Sec Az   90         
Elev   4008 KB      
CoordsNorth  249062 East              2357107 
                         Course               
  MD  Drift Drift D. AzimLength  DH     TVD     SSD    DNS   DEW   N-S   E-W  DSec    Sec     N-LAM E-LAM    
_____________________________________________________________________________________________________________
                                                                                                                                                                   
    0  0.00      61  119     0     0        0   4008     0     0     0     0     0        0  249062  2357107                                                       
  129  0.25      61  119   129     0      129   3879     0     0     0     0     0        0  249062  2357107                                                       
  230  0.25      61  119   101     0      230   3778     0     0     0     1     0        1  249062  2357108                                                       
  342  1.00      26  154   112     1      342   3666    -1     1    -1     1     1        1  249061  2357108                                                       
  443  0.75      18  198   101     2      443   3565    -2     0    -3     2     0        2  249059  2357109                                                       
  500  1.25      32  212    57     1      500   3508    -1     0    -4     1     0        1  249058  2357108                                                       
  709  1.75      41  221   209     5      709   3299    -4    -3    -8    -2    -3       -2  249054  2357105                                                       
  865  2.00      57  237   156     5      865   3143    -3    -4   -11    -6    -4       -6  249051  2357101                                                       
 1008  2.79      52  232   143     6     1008   3000    -3    -5   -15   -11    -5      -11  249047  2357096 
 1046  3.00      51  231   181     8     1046   2962    -5    -6   -16   -12    -6      -12  249046  2357095                                                                   /wchi1~     
 1181  3.00      64  244   135     7     1180   2828    -4    -6   -20   -18    -6      -18  249042  2357089                                                                   /wchi1~     
 1306  3.00      56  236   125     7     1305   2703    -3    -6   -23   -24    -6      -24  249039  2357083                                                                   /wchi1~     
 1450  3.00      57  237   144     8     1449   2559    -4    -6   -27   -30    -6      -30  249035  2357077                                                                   /wchi1~     
 1606  3.75      61  241   156     9     1605   2403    -5    -8   -32   -38    -8      -38  249030  2357069                                                                   /wchi1~     
 1762  4.00      57  237   156    11     1760   2248    -5    -9   -37   -47    -9      -47  249025  2357060                                                                   /wchi1~     
 1918  4.25      54  234   156    11     1916   2092    -6    -9   -44   -56    -9      -56  249018  2357051                                                                   /wchi1~     
 2010  4.55      57  237    92     7     2008   2000    -4    -6   -48   -62    -6      -62  249014  2357045 
 2073  4.75      59  239   155    12     2071   1937    -7   -10   -51   -67   -10      -67  249011  2357040                                                                   /wchi1~     
 2229  5.50      65  245   155    14     2226   1782    -7   -12   -57   -79   -12      -79  249005  2357028                                                                   /wchi1~     
 2385  6.00      64  244   155    16     2381   1627    -7   -14   -64   -93   -14      -93  248998  2357014                                                                   /wchi1~     
 2446  6.00      60  240    61     6     2442   1566    -3    -6   -67   -99    -6      -99  248995  2357008                                                                   /wchi1~     
 2611  6.00      57  237   164    17     2606   1402    -9   -15   -76  -113   -15     -113  248986  2356994                                                                   /wchi1~     
 2735  6.00      58  238   123    13     2729   1279    -7   -11   -83  -124   -11     -124  248979  2356983                                                                   /wchi1~     
 2829  6.25      66  246    93    10     2823   1185    -5    -9   -87  -133    -9     -133  248975  2356974                                                                   /wchi1~     
 2855  6.75      64  244    26     3     2849   1159    -1    -3   -89  -136    -3     -136  248973  2356971                                                                   /wchi1~     
 2886  6.00      64  244    31     3     2879   1129    -2    -3   -90  -139    -3     -139  248972  2356968                                                                   /wchi1~     
 2917  5.25      64  244    31     3     2910   1098    -1    -3   -92  -142    -3     -142  248970  2356965                                                                   /wchi1~     
 2947  4.50      64  244    30     3     2940   1068    -1    -2   -93  -144    -2     -144  248969  2356963                                                                   /wchi1~     
 2977  3.50      63  243    30     2     2970   1038    -1    -2   -94  -146    -2     -146  248968  2356961                                                                   /wchi1~     
 3009  3.00      53  233    32     2     3002   1006    -1    -2   -95  -147    -2     -147  248967  2356960                                                                   /wchi1~     
 3015  2.90      52  232     6     0     3008   1000     0     0   -95  -148     0     -148  248967  2356959 
 3040  2.50      49  229    31     1     3033    975    -1    -1   -96  -148    -1     -148  248966  2356959                                                                   /wchi1~     
 3071  1.75      39  219    31     1     3064    944    -1    -1   -96  -149    -1     -149  248966  2356958                                                                   /wchi1~     
 3173  0.50       8  172   102     2     3166    842    -2    -1   -98  -150    -1     -150  248964  2356957                                                                   /wchi1~     
 3153  0.54      18  184   -20     0     3146    862     0     0   -98  -150     0     -150  248964  2356957                                                                   /wchi1~     
 3231  0.75      64  244    78     1     3224    784    -1     0   -99  -150     0     -150  248963  2356957                                                                   /wchi1~     
 3324  0.75      20  200    93     1     3317    691    -1    -1  -100  -151    -1     -151  248962  2356956                                                                   /wchi1~     
 3448  1.00      90  270   124     2     3441    567    -1    -2  -101  -153    -2     -153  248961  2356954                                                                   /wchi1~     
 3540  1.50      88  272    92     2     3533    475     0    -2  -101  -155    -2     -155  248961  2356952                                                                   /wchi1~     
 3629  1.75      78  282    89     3     3622    386     0    -3  -100  -157    -3     -157  248962  2356950                                                                   /wchi1~     
 3723  2.00      83  277    94     3     3716    292     1    -3  -100  -160    -3     -160  248962  2356947                                                                   /wchi1~     
 3815  2.00      77  257    92     3     3808    200     0    -3  -100  -163    -3     -163  248962  2356944                                                                   /wchi1~     
 3939  2.00      69  249   124     4     3932     76    -1    -4  -101  -168    -4     -168  248961  2356939                                                                   /wchi1~     
 4015  2.12      69  249    76     3     4008      0    -1    -3  -102  -170    -3     -170  248960  2356937 
 4095  2.25      70  250   156     6     4088    -80    -2    -5  -103  -173    -5     -173  248959  2356934                                                                   /wchi1~     
 4189  2.50      78  258    94     4     4181   -173    -1    -4  -104  -177    -4     -177  248958  2356930                                                                   /wchi1~     
 4250  3.00      78  258    61     3     4242   -234    -1    -3  -105  -180    -3     -180  248957  2356927                                                                   /wchi1~     
 4281  3.00      65  245    31     2     4273   -265    -1    -2  -106  -181    -2     -181  248956  2356926                                                                   /wchi1~     
 4403  3.00      50  230   122     6     4395   -387    -3    -5  -109  -186    -5     -186  248953  2356921                                                                   /wchi1~     
 4464  2.75      61  241    61     3     4456   -448    -2    -3  -111  -189    -3     -189  248951  2356918                                                                   /wchi1~     
 4557  2.75      59  239    93     4     4549   -541    -2    -4  -113  -193    -4     -193  248949  2356914                                                                   /wchi1~     
 4650  3.50      69  249    93     5     4642   -634    -2    -5  -115  -197    -5     -197  248947  2356910                                                                   /wchi1~     
 4745  4.00      65  245    95     6     4737   -729    -2    -6  -118  -203    -6     -203  248944  2356904                                                                   /wchi1~     
 4835  4.25      68  248    90     6     4826   -818    -3    -6  -120  -209    -6     -209  248942  2356898                                                                   /wchi1~     
 4866  4.50      69  249    31     2     4857   -849    -1    -2  -121  -211    -2     -211  248941  2356896                                                                   /wchi1~     
 4920  4.25      80  260    54     4     4911   -903    -1    -4  -122  -215    -4     -215  248940  2356892                                                                   /wchi1~     
 4950  4.25      80  260    30     2     4941   -933     0    -2  -123  -217    -2     -217  248939  2356890                                                                   /wchi1~     
 4981  4.25      84  264    31     2     4972   -964     0    -2  -123  -220    -2     -220  248939  2356887                                                                   /wchi1~     
 5013  4.50      87  273    32     2     5004   -996     0    -2  -123  -222    -2     -222  248939  2356885                                                                   /wchi1~     
 5017  4.44      87  273     4     0     5008  -1000     0     0  -123  -222     0     -222  248939  2356885 
 5044  4.00      84  276    31     2     5035  -1027     0    -2  -123  -224    -2     -224  248939  2356883                                                                   /wchi1~     
 5073  3.50      78  282    29     2     5064  -1056     0    -2  -122  -226    -2     -226  248940  2356881                                                                   /wchi1~     
 5104  2.75      77  283    31     2     5095  -1087     0    -2  -122  -228    -2     -228  248940  2356879                                                                   /wchi1~     
 5134  2.25      75  285    30     1     5125  -1117     0    -1  -122  -229    -1     -229  248940  2356878                                                                   /wchi1~     
 5166  1.50      72  288    32     1     5157  -1149     0    -1  -122  -230    -1     -230  248940  2356877                                                                   /wchi1~     
 5205  1.00      25  335    39     1     5196  -1188     1    -1  -121  -231    -1     -231  248941  2356876                                                                   /wchi1~     
 5255  1.11      25  335    50     1     5246  -1238     1     0  -120  -231     0     -231  248942  2356876                                                                   /wchi1~     
 5319  1.25      24  336    64     1     5310  -1302     1    -1  -119  -232    -1     -232  248943  2356875                                                                   /wchi1~     
 5660  1.00      56  304   341     7     5651  -1643     5    -4  -114  -236    -4     -236  248948  2356871                                                                   /wchi1~     
 6002  0.75      45  315   342     5     5993  -1985     3    -4  -110  -240    -4     -240  248952  2356867                                                                   /wchi1~     
 6017  0.75      45  315    15     0     6008  -2000     0     0  -110  -240     0     -240  248952  2356867 
 6510  0.75      45  315   508     7     6500  -2492     5    -5  -106  -245    -5     -245  248956  2356862                                                                   /wchi1~     
                                                                                                                                                                               /wchi1~     
                                                                                                                                                                               /wchi1~     
                                                                                                                                                                               /wchi1~     
                                                                                                                                                                               /wchi1~     
                                                                                                                                                                               /wchi1~     
                                                                                                                                                                               /wchi1~     
                                                                                                                                                                               /wchi1~     
                                                                                                                                                                               /wchi1~     
                                                                                                                                                                               /wchi1~     
                                                                                                                                                                               /wchi1~     
                                                                                                                                                                               /wchi1~     
                                                                                                                                                                               /wchi1~     
                                                                                                                                                                               /wchi1~     
                                                                                                                                                                               /wchi1~     
                                                                                                                                                                               /wchi1~     
                                                                                                                                                                               /wchi1~     
                                                                                                                                                                               /wchi1~     
                                                                                                                                                                               /wchi1~     
                                                                                                                                                                               /wchi1~     
                                                                                                                                                                               /wchi1~     
                                                                                                                                                                               /wchi1~     
                                                                                                                                                                               /wchi1~     
                                                                                                                                                                               /wchi1~     
                                                                                                                                                                               /wchi1~     
                                                                                                                                                                               /wchi1~     
                                                                                                                                                                               /wchi1~     
                                                                                                                                                                               /wchi1~     
                                                                                                                                                                               /wchi1~     
                                                                                                                                                                               /wchi1~     
                                                                                                                                                                               /wchi1~     
                                                                                                                                                                               /wchi1~     
                                                                                                                                                                               /wchi1~     
                                                                                                                                                                               /wchi1~     
                                                                                                                                                                               /wchi1~     
                                                                                                                                                                               /wchi1~     
                                                                                                                                                                               /wchi1~     
                                                                                                                                                                               /wchi1~     
                                                                                                                                                                               /wchi1~     
                                                                                                                                                                               /wchi1~     
                                                                                                                                                                               /wchi1~     
                                                                                                                                                                               /wchi1~     
                                                                                                                                                                               /wchi1~     
                                                                                                                                                                               /wchi1~     
                                                                                                                                                                               /wchi1~     
                                                                                                                                                                               /wchi1~     
                                                                                                                                                                               /wchi1~     
                                                                                                                                                                               /wchi1~     
                                                                                                                                                                               /wchi1~     
                                                                                                                                                                               /wchi1~     
                                                                                                                                                                               /wchi1~     
                                                                                                                                                                               /wchi1~     
                                                                                                                                                                               /wchi1~     
                                                                                                                                                                               /wchi1~     
                                                                                                                                                                               /wchi1~     
                                                                                                                                                                               /wchi1~     
                                                                                                                                                                               /wchi1~     
                                                                                                                                                                               /wchi1~     
                                                                                                                                                                               /wchi1~     
                                                                                                                                                                               /wchi1~     
                                                                                                                                                                               /wchi1~     
                                                                                                                                                                               /wchi1~     
                                                                                                                                                                               /wchi1~     
                                                                                                                                                                               /wchi1~     
                                                                                                                                                                               /wchi1~     
                                                                                                                                                                               /wchi1~     
                                                                                                                                                                               /wchi1~     
                                                                                                                                                                               /wchi1~     
                                                                                                                                                                               /wchi1~     
                                                                                                                                                                               /wchi1~     
                                                                                                                                                                               /wchi1~     
                                                                                                                                                                               /wchi1~     
                                                                                                                                                                               /wchi1~     
                                                                                                                                                                               /wchi1~     
                                                                                                                                                                               /wchi1~     
                                                                                                                                                                               /wchi1~     
                                                                                                                                                                               /wchi1~     
                                                                                                                                                                               /wchi1~     
                                                                                                                                                                               /wchi1~     
                                                                                                                                                                               /wchi1~     
                                                                                                                                                                               /wchi1~     
                                                                                                                                                                               /wchi1~     
                                                                                                                                                                               /wchi1~     
                                                                                                                                                                               /wchi1~     
                                                                                                                                                                               /wchi1~     
                                                                                                                                                                               /wchi1~     
                                                                                                                                                                               /wchi1~     
                                                                                                                                                                               /wchi1~     
                                                                                                                                                                               /wchi1~     
                                                                                                                                                                               /wchi1~     
                                                                                                                                                                               /wchi1~     
                                                                                                                                                                               /wchi1~     
                                                                                                                                                                               /wchi1~     
                                                                                                                                                                               /wchi1~     
                                                                                                                                                                               /wchi1~     
                                                                                                                                                                               /wchi1~     
                                                                                                                                                                               /wchi1~     
                                                                                                                                                                               /wchi1~     
                                                                                                                                                                               /wchi1~     
                                                                                                                                                                               /wchi1~     
                                                                                                                                                                               /wchi1~     
                                                                                                                                                                               /wchi1~     
                                                                                                                                                                               /wchi1~     
                                                                                                                                                                               /wchi1~     
                                                                                                                                                                               /wchi1~     
                                                                                                                                                                               /wchi1~     
                                                                                                                                                                               /wchi1~     
                                                                                                                                                                               /wchi1~     
                                                                                                                                                                               /wchi1~     
                                                                                                                                                                               /wchi1~     
                                                                                                                                                                               /wchi1~     
                                                                                                                                                                               /wchi1~     
                                                                                                                                                                               /wchi1~     
                                                                                                                                                                               /wchi1~     
                                                                                                                                                                               /wchi1~     
                                                                                                                                                                               /wchi1~     
                                                                                                                                                                               /wchi1~     
                                                                                                                                                                               /wchi1~     
                                                                                                                                                                               /wchi1~     
                                                                                                                                                                               /wchi1~     
                                                                                                                                                                               /wchi1~     
                                                                                                                                                                               /wchi1~     
                                                                                                                                                                               /wchi1~     
                                                                                                                                                                               /wchi1~     
                                                                                                                                                                               /wchi1~     
                                                                                                                                                                               /wchi1~     
                                                                                                                                                                               /wchi1~     
                                                                                                                                                                               /wchi1~     
                                                                                                                                                                               /wchi1~     
                                                                                                                                                                               /wchi1~     
                                                                                                                                                                               /wchi1~     
                                                                                                                                                                               /wchi1~     
                                                                                                                                                                               /wchi1~     
                                                                                                                                                                               /wchi1~     
                                                                                                                                                                               /wchi1~     
                                                                                                                                                                               /wchi1~     
                                                                                                                                                                               /wchi1~     
                                                                                                                                                                               /wchi1~     
                                                                                                                                                                               /wchi1~     
                                                                                                                                                                               /wchi1~     
                                                                                                                                                                               /wchi1~     
                                                                                                                                                                               /wchi1~     
                                                                                                                                                                               /wchi1~     
                                                                                                                                                                               /wchi1~     
                                                                                                                                                                               /wchi1~     
                                                                                                                                                                               /wchi1~     
                                                                                                                                                                               /wchi1~     
                                                                                                                                                                               /wchi1~     
                                                                                                                                                                               /wchi1~     
                                                                                                                                                                               /wchi1~     
                                                                                                                                                                               /wchi1~     
                                                                                                                                                                               /wchi1~     
                                                                                                                                                                               /wchi1~     
                                                                                                                                                                               /wchi1~     
                                                                                                                                                                               /wchi1~     
                                                                                                                                                                               /wchi1~     
                                                                                                                                                                               /wchi1~     
                                                                                                                                                                               /wchi1~     
                                                                                                                                                                               /wchi1~     
                                                                                                                                                                               /wchi1~     
                                                                                                                                                                               /wchi1~     
                                                                                                                                                                               /wchi1~     
                                                                                                                                                                               /wchi1~     
                                                                                                                                                                               /wchi1~     
                                                                                                                                                                               /wchi1~     
                                                                                                                                                                               /wchi1~     
                                                                                                                                                                               /wchi1~     
                                                                                                                                                                               /wchi1~     
                                                                                                                                                                               /wchi1~     
                                                                                                                                                                               /wchi1~     
                                                                                                                                                                               /wchi1~     
                                                                                                                                                                               /wchi1~     
                                                                                                                                                                               /wchi1~     
                                                                                                                                                                               /wchi1~     
                                                                                                                                                                               /wchi1~     
                                                                                                                                                                               /wchi1~     
                                                                                                                                                                               /wchi1~     
                                                                                                                                                                               /wchi1~     
                                                                                                                                                                               /wchi1~     
                                                                                                                                                                               /wchi1~     
                                                                                                                                                                               /wchi1~     
                                                                                                                                                                               /wchi1~     
                                                                                                                                                                               /wchi1~     
                                                                                                                                                                               /wchi1~     
                                                                                                                                                                               /wchi1~     
                                                                                                                                                                               /wchi1~     
                                                                                                                                                                               /wchi1~     
                                                                                                                                                                               /wchi1~     
                                                                                                                                                                               /wchi1~     
                                                                                                                                                                               /wchi1~     
                                                                                                                                                                               /wchi1~     
                                                                                                                                                                               /wchi1~     
                                                                                                                                                                               /wchi1~     
                                                                                                                                                                               /wchi1~     
                                                                                                                                                                               /wchi1~     
                                                                                                                                                                               /wchi1~     
                                                                                                                                                                               /wchi1~     
                                                                                                                                                                               /wchi1~     
                                                                                                                                                                               /wchi1~     
                                                                                                                                                                               /wchi1~     
                                                                                                                                                                               /wchi1~     
                                                                                                                                                                               /wchi1~     
                                                                                                                                                                               /wchi1~     
                                                                                                                                                                               /wchi1~     
                                                                                                                                                                               /wchi1~     
                                                                                                                                                                               /wchi1~     
                                                                                                                                                                               /wchi1~     
                                                                                                                                                                               /wchi1~     
                                                                                                                                                                               /wchi1~     
                                                                                                                                                                               /wchi1~     
                                                                                                                                                                               /wchi1~     
                                                                                                                                                                               /wchi1~     
                                                                                                                                                                               /wchi1~     
                                                                                                                                                                               /wchi1~     
                                                                                                                                                                               /wchi1~     
                                                                                                                                                                               /wchi1~     
                                                                                                                                                                               /wchi1~     
                                                                                                                                                                               /wchi1~     
                                                                                                                                                                               /wchi1~     
                                                                                                                                                                               /wchi1~     
                                                                                                                                                                               /wchi1~     
                                                                                                                                                                               /wchi1~     
                                                                                                                                                                               /wchi1~     
                                                                                                                                                                               /wchi1~     
                                                                                                                                                                               /wchi1~     
                                                                                                                                                                               /wchi1~     
                                                                                                                                                                               /wchi1~     
                                                                                                                                                                               /wchi1~     
                                                                                                                                                                               /wchi1~     
                                                                                                                                                                               /wchi1~     
                                                                                                                                                                               /wchi1~     
                                                                                                                                                                               /wchi1~     
                                                                                                                                                                               /wchi1~     
                                                                                                                                                                               /wchi1~     
                                                                                                                                                                               /wchi1~     
                                                                                                                                                                               /wchi1~     
                                                                                                                                                                               /wchi1~     
                                                                                                                                                                               /wchi1~     
                                                                                                                                                                               /wchi1~     
                                                                                                                                                                               /wchi1~     
                                                                                                                                                                               /wchi1~     
                                                                                                                                                                               /wchi1~     
                                                                                                                                                                               /wchi1~     
                                                                                                                                                                               /wchi1~     
                                                                                                                                                                               /wchi1~     
                                                                                                                                                                               /wchi1~     
                                                                                                                                                                               /wchi1~     
                                                                                                                                                                               /wchi1~     
                                                                                                                                                                               /wchi1~     
                                                                                                                                                                               /wchi1~     
                                                                                                                                                                               /wchi1~     
                                                                                                                                                                               /wchi1~     
                                                                                                                                                                               /wchi1~     
                                                                                                                                                                               /wchi1~     
                                                                                                                                                                               /wchi1~     
                                                                                                                                                                               /wchi1~     
                                                                                                                                                                               /wchi1~     
                                                                                                                                                                               /wchi1~     
                                                                                                                                                                               /wchi1~     
                                                                                                                                                                               /wchi1~     
                                                                                                                                                                               /wchi1~     
                                                                                                                                                                               /wchi1~     
                                                                                                                                                                               /wchi1~     
                                                                                                                                                                               /wchi1~     
                                                                                                                                                                               /wchi1~     
                                                                                                                                                                               /wchi1~     
                                                                                                                                                                               /wchi1~     
                                                                                                                                                                               /wchi1~     
                                                                                                                                                                               /wchi1~     
                                                                                                                                                                               /wchi1~     
                                                                                                                                                                               /wchi1~     
                                                                                                                                                                               /wchi1~     
                                                                                                                                                                               /wchi1~     
                                                                                                                                                                               /wchi1~     
                                                                                                                                                                               /wchi1~     
                                                                                                                                                                               /wchi1~     
                                                                                                                                                                               /wchi1~     
                                                                                                                                                                               /wchi1~     
                                                                                                                                                                               /wchi1~     
                                                                                                                                                                               /wchi1~     
                                                                                                                                                                               /wchi1~     
                                                                                                                                                                               /wchi1~     
                                                                                                                                                                               /wchi1~     
                                                                                                                                                                               /wchi1~     
                                                                                                                                                                               /wchi1~     
                                                                                                                                                                               /wchi1~     
                                                                                                                                                                               /wchi1~     
                                                                                                                                                                               /wchi1~     
                                                                                                                                                                               /wchi1~     
                                                                                                                                                                               /wchi1~     
                                                                                                                                                                               /wchi1~     
                                                                                                                                                                               /wchi1~     
                                                                                                                                                                               /wchi1~     
                                                                                                                                                                               /wchi1~     
                                                                                                                                                                               /wchi1~     
                                                                                                                                                                               /wchi1~     
                                                                                                                                                                               /wchi1~     
                                                                                                                                                                               /wchi1~     
                                                                                                                                                                               /wchi1~     
                                                                                                                                                                               /wchi1~     
                                                                                                                                                                               /wchi1~     
                                                                                                                                                                               /wchi1~     
                                                                                                                                                                               /wchi1~     
                                                                                                                                                                               /wchi1~     
                                                                                                                                                                               /wchi1~     
                                                                                                                                                                               /wchi1~     
                                                                                                                                                                               /wchi1~     
                                                                                                                                                                               /wchi1~     
                                                                                                                                                                               /wchi1~     
                                                                                                                                                                               /wchi1~     
                                                                                                                                                                               /wchi1~     
                                                                                                                                                                               /wchi1~     
                                                                                                                                                                               /wchi1~     
                                                                                                                                                                               /wchi1~     
                                                                                                                                                                               /wchi1~     
                                                                                                                                                                               /wchi1~     
                                                                                                                                                                               /wchi1~     
                                                                                                                                                                               /wchi1~     
                                                                                                                                                                               /wchi1~     
                                                                                                                                                                               /wchi1~     
                                                                                                                                                                               /wchi1~     
                                                                                                                                                                               /wchi1~     
                                                                                                                                                                               /wchi1~     
                                                                                                                                                                               /wchi1~     
                                                                                                                                                                               /wchi1~     
                                                                                                                                                                               /wchi1~     
                                                                                                                                                                               /wchi1~     
                                                                                                                                                                               /wchi1~     
                                                                                                                                                                               /wchi1~     
                                                                                                                                                                               /wchi1~     
                                                                                                                                                                               /wchi1~     
                                                                                                                                                                               /wchi1~     
                                                                                                                                                                               /wchi1~     
                                                                                                                                                                               /wchi1~     
                                                                                                                                                                               /wchi1~     
                                                                                                                                                                               /wchi1~     
                                                                                                                                                                               /wchi1~     
                                                                                                                                                                               /wchi1~     
                                                                                                                                                                               /wchi1~     
                                                                                                                                                                               /wchi1~     
                                                                                                                                                                               /wchi1~     
                                                                                                                                                                               /wchi1~     
                                                                                                                                                                               /wchi1~     
                                                                                                                                                                               /wchi1~     
                                                                                                                                                                               /wchi1~     
                                                                                                                                                                               /wchi1~     
                                                                                                                                                                               /wchi1~     
                                                                                                                                                                               /wchi1~     
                                                                                                                                                                               /wchi1~     
                                                                                                                                                                               /wchi1~     
                                                                                                                                                                               /wchi1~     
                                                                                                                                                                               /wchi1~     
                                                                                                                                                                               /wchi1~     
                                                                                                                                                                               /wchi1~     
                                                                                                                                                                               /wchi1~     
                                                                                                                                                                               /wchi1~     
                                                                                                                                                                               /wchi1~     
                                                                                                                                                                               /wchi1~     
                                                                                                                                                                               /wchi1~     
                                                                                                                                                                               /wchi1~     
                                                                                                                                                                               /wchi1~     
                                                                                                                                                                               /wchi1~     
                                                                                                                                                                               /wchi1~     
                                                                                                                                                                               /wchi1~     
                                                                                                                                                                               /wchi1~     
                                                                                                                                                                               /wchi1~     
                                                                                                                                                                               /wchi1~     
                                                                                                                                                                               /wchi1~     
                                                                                                                                                                               /wchi1~     
                                                                                                                                                                               /wchi1~     
                                                                                                                                                                               /wchi1~     
                                                                                                                                                                               /wchi1~     
                                                                                                                                                                               /wchi1~     
                                                                                                                                                                               /wchi1~     
                                                                                                                                                                               /wchi1~     
                                                                                                                                                                               /wchi1~     
                                                                                                                                                                               /wchi1~     
                                                                                                                                                                               /wchi1~     
                                                                                                                                                                               /wchi1~     
                                                                                                                                                                               /wchi1~     
                                                                                                                                                                               /wchi1~     
                                                                                                                                                                               /wchi1~     
                                                                                                                                                                               /wchi1~     
                                                                                                                                                                               /wchi1~     
                                                                                                                                                                               /wchi1~     
                                                                                                                                                                               /wchi1~     
                                                                                                                                                                               /wchi1~     
                                                                                                                                                                               /wchi1~     
                                                                                                                                                                               /wchi1~     
                                                                                                                                                                               /wchi1~     
                                                                                                                                                                               /wchi1~     
                                                                                                                                                                               /wchi1~     
                                                                                                                                                                               /wchi1~     
                                                                                                                                                                               /wchi1~     
                                                                                                                                                                               /wchi1~     
                                                                                                                                                                               /wchi1~     
                                                                                                                                                                               /wchi1~     
                                                                                                                                                                               /wchi1~     
                                                                                                                                                                               /wchi1~     
                                                                                                                                                                               /wchi1~     
                                                                                                                                                                               /wchi1~     
                                                                                                                                                                               /wchi1~     
                                                                                                                                                                               /wchi1~     
                                                                                                                                                                               /wchi1~     
                                                                                                                                                                               /wchi1~     
                                                                                                                                                                               /wchi1~     
                                                                                                                                                                               /wchi1~     
                                                                                                                                                                               /wchi1~     
                                                                                                                                                                               /wchi1~     
                                                                                                                                                                               /wchi1~     
                                                                                                                                                                               /wchi1~     
                                                                                                                                                                               /wchi1~     
                                                                                                                                                                               /wchi1~     
                                                                                                                                                                               /wchi1~     
                                                                                                                                                                               /wchi1~     
                                                                                                                                                                               /wchi1~     
                                                                                                                                                                               /wchi1~     
                                                                                                                                                                               /wchi1~     
                                                                                                                                                                               /wchi1~     
                                                                                                                                                                               /wchi1~     
                                                                                                                                                                               /wchi1~     
                                                                                                                                                                               /wchi1~     
