      WELL DATA SUMMARY                                                                                        
            
Well  BLM 35A-20RD  
                         
Sec Az   80 N 80 E  
Elev   4048 KB      
CoordsNorth  246427 East       2357440  2357490 
                         Course                 
  MD  Drift Drift D. AzimLength   DH      TVD     SSD    DNS   DEW   N-S   E-W  DSec    Sec     N-LAM E-LAM    
_______________________________________________________________________________________________________________
                                                                                                               
    0  0.00      52  308     0       0        0   4048     0     0     0     0     0        0  246427  2357490 
   48  0.10      52  308    48       0       48   4000     0     0     0     0     0        0  246427  2357490 
  115  0.25      52  308   115       0      115   3933     0     0     0     0     0        0  246427  2357490 
  271  0.75      52  308   156       1      271   3777     1    -1     1    -1    -1       -1  246428  2357489 
  441  1.00      52  308   170       3      441   3607     2    -2     3    -3    -2       -3  246430  2357487 
  500  1.44      52  308    59       1      500   3548     1    -1     3    -4    -1       -4  246430  2357486 
  542  1.75      52  308   101       2      542   3506     1    -2     4    -5    -2       -4  246431  2357485 
  586  1.87      56  304    44       1      586   3462     1    -1     5    -6    -1       -5  246432  2357484 
  632  2.00      61  299    90       3      632   3416     2    -2     6    -8    -2       -7  246433  2357482 
  724  2.00      64  296    92       3      724   3324     1    -3     7   -11    -3       -9  246434  2357479 
  880  2.00      48  312   156       5      880   3168     3    -5    10   -15    -4      -13  246437  2357475 
 1000  2.20      51  309   120       4     1000   3048     3    -3    13   -18    -3      -16  246440  2357472 
 1031  2.25      52  308   151       6     1031   3017     4    -4    14   -19    -4      -17  246441  2357471 
 1048  2.33      52  308    17       1     1048   3000     0    -1    14   -20     0      -17  246441  2357470 
 1188  3.00      51  309   157       7     1187   2861     4    -6    18   -25    -5      -21  246445  2357465 
 1344  2.75      47  313   156       8     1343   2705     5    -6    23   -31    -5      -26  246450  2357459 
 1500  3.34      56  304   156       8     1499   2549     5    -7    29   -37    -6      -32  246456  2357453 
 1543  3.50      59  301   199      11     1542   2506     7    -9    30   -40    -7      -34  246457  2357450 
 1575  3.00      53  307    32       2     1574   2474     1    -2    31   -41    -1      -35  246458  2357449 
 1606  2.50      40  320    31       1     1605   2443     1    -1    32   -42    -1      -36  246459  2357448 
 1636  1.75      34  326    30       1     1635   2413     1    -1    33   -43    -1      -36  246460  2357447 
 1668  1.25      30  330    32       1     1667   2381     1     0    34   -43     0      -37  246461  2357447 
 1700  1.00      23  337    32       1     1699   2349     1     0    34   -44     0      -37  246461  2357446 
 1731  0.50      66  294    31       0     1730   2318     0     0    34   -44     0      -37  246461  2357446 
 1741  0.50      60  225    10       0     1740   2308     0     0    34   -44     0      -37  246461  2357446 
 1767  0.50      44   44    36       0     1766   2282     0     0    34   -44     0      -37  246461  2357446 
 1818  1.50      76   76    51       1     1817   2231     0     1    35   -43     1      -36  246462  2357447 
 1868  1.25      61   61    50       1     1867   2181     0     1    35   -42     1      -35  246462  2357448 
 1899  0.75      66   66    31       1     1898   2150     0     0    35   -41     1      -35  246462  2357449 
 1944  1.25      60   60    45       1     1943   2105     0     1    36   -41     1      -34  246463  2357449 
 1975  1.25      53   53    31       1     1974   2074     0     1    36   -40     1      -33  246463  2357450 
 2000  1.88      66   66    25       1     1999   2049     0     1    36   -40     1      -33  246463  2357450 
 2005  2.00      69   69    30       1     2004   2044     0     1    36   -39     1      -32  246463  2357451 
 2037  2.25      81   81    32       1     2036   2012     0     1    37   -38     1      -31  246464  2357452 
 2049  2.46      82   82    12       0     2048   2000     0     0    37   -38     0      -31  246464  2357452 
 2149  4.25      86   86   112       6     2148   1900     1     6    37   -32     6      -25  246464  2357458 
 2344  3.75      80   80   195      14     2342   1706     2    14    39   -18    14      -11  246466  2357472 
 2490  3.25      84   84   146       9     2488   1560     1     9    40   -10     9       -2  246467  2357480 
 2523  3.96      79   79    33       2     2521   1527     0     2    41    -8     2        0  246468  2357482 
 2548  4.50      75   75    58       4     2546   1502     1     4    41    -6     4        2  246468  2357484 
 2580  5.00      72   72    32       3     2578   1470     1     3    42    -3     3        4  246469  2357487 
 2610  6.00      73   73    30       3     2607   1441     1     3    43     0     3        7  246470  2357490 
 2642  7.00      75   75    32       4     2639   1409     1     3    44     3     4       11  246471  2357493 
 2679  7.70      79   79    37       5     2676   1372     1     5    45     8     5       15  246472  2357498 
 2761  9.25      88   88   118      17     2757   1291     2    17    46    20    17       27  246473  2357510 
 2850 10.25      89   89    88      15     2845   1203     0    15    47    35    15       42  246474  2357525 
 2913 11.00      89   89    62      12     2907   1141     0    12    47    46    11       54  246474  2357536 
 2992 11.75      85   85    77      16     2984   1064     1    16    48    62    15       69  246475  2357552 
 3054 11.50      89   89    61      12     3045   1003     1    12    48    74    12       82  246475  2357564 
 3057 11.50      89   89     3       1     3048   1000     0     1    48    75     1       82  246475  2357565 
 3117 11.50      87   87    62      13     3107    941     0    13    49    87    12       94  246476  2357577 
 3178 11.50      87   87    60      12     3166    882     1    12    49    99    12      106  246476  2357589 
 3240 11.50      85   85    61      12     3227    821     1    12    50   111    12      118  246477  2357601 
 3302 11.50      83   83    61      12     3288    760     1    12    51   124    12      131  246478  2357614 
 3363 11.00      84   84    60      12     3348    700     1    12    53   136    12      143  246480  2357626 
 3400 11.00      85   85    36       7     3384    664     1     7    54   143     7      150  246481  2357633 
 3425 11.00      85   85    61      12     3409    639     1    12    54   147    12      154  246481  2357637 
 3488 11.00      85   85    62      12     3470    578     1    12    55   159    12      166  246482  2357649 
 3580  9.75      88   88    90      17     3561    487     1    17    56   176    16      183  246483  2357666 
 3610 10.25      89   89    30       5     3590    458     0     5    56   181     5      188  246483  2357671 
 3656 10.25      80   80    45       8     3636    412     1     8    57   189     8      196  246484  2357679 
 3688 10.25      84   84    31       6     3667    381     1     6    58   195     6      202  246485  2357685 
 3719 10.75      81   81    30       6     3698    350     1     6    58   200     6      208  246485  2357690 
 3749 11.00      81   81    29       6     3727    321     1     6    59   206     6      213  246486  2357696 
 3797 11.13      83   83    47       9     3774    274     1     9    61   215     9      222  246488  2357705 
 3844 11.25      84   84    93      18     3820    228     2    18    62   224    18      232  246489  2357714 
 3880 11.25      84   84    35       7     3856    192     1     7    62   231     7      239  246489  2357721 
 3844 11.25      84   84     0       0     3820    228     0     0    62   224     0      232  246489  2357714 
 3969 11.25      86   86   123      24     3943    105     2    24    64   248    24      256  246491  2357738 
 4064 10.75      88   88    93      18     4036     12     1    18    65   267    18      274  246492  2357757 
 4076 10.85      88   88    12       2     4048      0     0     2    65   269     2      276  246492  2357759 
 4154 11.50      86   86    88      17     4125    -77     1    17    66   284    17      291  246493  2357774 
 4205 11.50      86   86    50      10     4175   -127     1    10    66   294    10      301  246493  2357784 
 4207 11.50      86   86    52      11     4176   -128     1    11    66   294    11      302  246493  2357784 
 4244 11.25      87   87    36       7     4213   -165     0     7    67   302     7      309  246494  2357792 
 4470 11.00      87   87   222      44     4435   -387     2    44    69   345    43      352  246496  2357835 
 4720 10.00      89   89   246      46     4680   -632     2    46    71   391    45      397  246498  2357881 
 5028  9.25      70  110   304      51     4984   -936    -8    51    62   442    49      446  246489  2357932 
 5093  8.54      68  112    64      10     5048  -1000    -4     9    59   451     9      454  246486  2357941 
 5106  8.40      68  112    77      12     5061  -1013    -4    11    58   453    10      456  246485  2357943 
 5234  7.00      65  115   204      29     5188  -1140   -11    27    51   469    25      470  246478  2357959 
 5590  9.00      58  122   353      50     5540  -1492   -24    44    27   512    39      509  246454  2358002 
 5655 10.25      55  125    64      11     5605  -1557    -6     9    21   521     8      517  246448  2358011 
 5752 11.50      55  125    95      18     5700  -1652   -10    15    11   536    13      530  246438  2358026 
 6002 11.50      55  125   245      50     5945  -1897   -29    41   -18   577    35      565  246409  2358067 
