      WELL DATA SUMMARY                                                                                      
            
Well  BLM 74-19     
                         
Sec Az    0 Straight Hole
Elev   4250 KB      
CoordsNorth  247430 East              2354422 
                         Course               
  MD  Drift Drift D. AzimLength  DH     TVD     SSD    DNS   DEW   N-S   E-W  DSec    Sec     N-LAM E-LAM    
_____________________________________________________________________________________________________________
                                                                                                             
    0  0.00      54   54     0     0        0   4250     0     0     0     0     0        0  247430  2354422 
  140  1.00      54   54   140     1      140   4110     1     1     1     1     1        1  247431  2354423 
  250  0.61      15  150   110     2      250   4000     0     2     0     2     0        0  247430  2354424 
  280  0.50       4  176   140     2      280   3970    -1     2     0     3    -1        0  247430  2354425 
  460  1.25      38  144   180     3      460   3790    -3     1    -3     4    -3       -3  247427  2354426 
  500  0.98      32  109    40     1      500   3750     0     1    -3     4     0       -3  247427  2354426 
  607  0.25      15   15   107     1      607   3643     1     1    -3     5     1       -3  247427  2354427 
  736  1.50      53  127   129     2      736   3514     1     2    -2     7     1       -2  247428  2354429 
  818  1.00       8  172    82     2      818   3432    -2     1    -3     8    -2       -3  247427  2354430 
  926  1.75      46  134   108     3      926   3324    -2     1    -6     9    -2       -6  247424  2354431 
 1000  2.14      34  146    74     3     1000   3250    -2     2    -8    11    -2       -8  247422  2354433 
 1021  2.25      31  149    21     1     1021   3229    -1     0    -8    11    -1       -8  247422  2354433 
 1117  2.25      33  147    96     4     1117   3133    -3     2   -12    13    -3      -12  247418  2354435 
 1211  2.00      48  132    94     3     1211   3039    -3     2   -14    15    -3      -14  247416  2354437 
 1250  2.00      42  138    39     1     1250   3000    -1     1   -15    16    -1      -15  247415  2354438 
 1307  2.00      34  146    96     3     1307   2943    -3     2   -17    18    -3      -17  247413  2354440 
 1403  2.00      51  129    96     3     1403   2847    -2     2   -19    20    -2      -19  247411  2354442 
 1496  2.00      46  134    93     3     1496   2754    -2     2   -21    22    -2      -21  247409  2354444 
 1500  2.01      46  134     4     0     1500   2750     0     0   -21    22     0      -21  247409  2354444 
 1586  2.25      52  128    86     3     1585   2665    -2     2   -24    25    -2      -24  247406  2354447 
 1684  1.50      55  125    98     3     1683   2567    -2     3   -25    27    -2      -25  247405  2354449 
 1771  2.50      48  132    87     3     1770   2480    -2     2   -27    30    -2      -27  247403  2354452 
 1866  2.00      48  132    95     4     1865   2385    -2     3   -30    33    -2      -30  247400  2354455 
 1962  1.25      34  146    96     3     1961   2289    -2     2   -32    34    -2      -32  247398  2354456 
 2000  1.51      39  141    38     1     1999   2251    -1     1   -33    35    -1      -33  247397  2354457 
 2180  2.75      63  117   180     7     2179   2071    -4     5   -37    40    -4      -37  247393  2354462 
 2212  2.00      56  124    32     1     2211   2039    -1     1   -38    41    -1      -38  247392  2354463 
 2251  2.24      55  125    39     1     2250   2000    -1     1   -38    42    -1      -38  247392  2354464 
 2334  2.75      53  127   122     5     2333   1917    -3     4   -40    45    -3      -40  247390  2354467 
 2430  2.25      46  134    96     4     2429   1821    -3     3   -43    49    -3      -43  247387  2354471 
 2500  2.39      48  132    70     3     2499   1751    -2     2   -45    51    -2      -45  247385  2354473 
 2559  2.50      49  131    59     3     2558   1692    -2     2   -47    53    -2      -47  247383  2354475 
 2628  2.25      50  130    69     3     2627   1623    -2     2   -49    55    -2      -49  247381  2354477 
 2723  2.50      44  136    95     4     2722   1528    -3     3   -51    58    -3      -51  247379  2354480 
 2817  2.50      31  149    94     4     2816   1434    -3     2   -55    60    -3      -55  247375  2354482 
 2912  3.00      32  148    95     5     2910   1340    -4     2   -58    62    -4      -58  247372  2354484 
 3000  2.54      47  133    88     4     2998   1252    -3     3   -62    65    -3      -62  247368  2354487 
 3008  2.50      48  132     8     0     3006   1244     0     0   -62    65     0      -62  247368  2354487 
 3072  3.00      35  145    64     3     3070   1180    -2     2   -64    67    -2      -64  247366  2354489 
 3157  2.75      42  138    85     4     3155   1095    -3     3   -68    70    -3      -68  247362  2354492 
 3229  2.75      40  140    72     3     3227   1023    -3     2   -70    72    -3      -70  247360  2354494 
 3252  2.63      40  140    23     1     3250   1000    -1     1   -71    73    -1      -71  247359  2354495 
 3325  2.25      41  139    96     4     3323    927    -3     3   -73    75    -3      -73  247357  2354497 
 3421  2.50      36  144    96     4     3419    831    -3     2   -77    78    -3      -77  247353  2354500 
 3500  2.71      29  151    79     4     3498    752    -3     2   -80    80    -3      -80  247350  2354502 
 3514  2.75      28  152    14     1     3512    738    -1     0   -80    80    -1      -80  247350  2354502 
 3608  2.75      36  144    94     5     3606    644    -4     2   -84    82    -4      -84  247346  2354504 
 3702  2.50      56  124    94     4     3700    550    -3     3   -87    85    -3      -87  247343  2354507 
 3797  1.75      56  124    95     4     3795    455    -2     3   -89    88    -2      -89  247341  2354510 
 3892  1.75      41  139    95     3     3889    361    -2     2   -91    90    -2      -91  247339  2354512 
 3987  2.25      41  139    95     3     3984    266    -3     2   -93    93    -3      -93  247337  2354515 
 4000  2.18      41  139    13     1     3997    253     0     0   -94    93     0      -94  247336  2354515 
 4085  1.75      38  142    85     3     4082    168    -2     2   -96    95    -2      -96  247334  2354517 
 4180  1.75      40  140    95     3     4177     73    -2     2   -98    97    -2      -98  247332  2354519 
 4253  1.94      45  135    73     2     4250      0    -2     2  -100    98    -2     -100  247330  2354520 
 4276  2.00      47  133    96     3     4273    -23    -2     2  -101    99    -2     -101  247329  2354521 
 4402  2.50      20  160   126     5     4399   -149    -4     3  -105   101    -4     -105  247325  2354523 
 4497  2.25      21  159    95     4     4494   -244    -4     1  -108   103    -4     -108  247322  2354525 
 4500  2.24      21  159     3     0     4497   -247     0     0  -108   103     0     -108  247322  2354525 
 4626  2.00       5  175   126     5     4623   -373    -5     1  -113   104    -5     -113  247317  2354526 
 4721  1.50       4  176    95     3     4718   -468    -3     0  -116   104    -3     -116  247314  2354526 
 4838  1.04      27  207   117     3     4835   -585    -3    -1  -118   104    -3     -118  247312  2354526 
 4847  1.00      29  209     9     0     4844   -594     0     0  -119   104     0     -119  247311  2354526 
 4934  1.25      28  208    87     2     4931   -681    -2    -1  -120   103    -2     -120  247310  2354525 
 5000  1.25      33  213    66     1     4997   -747    -1    -1  -121   102    -1     -121  247309  2354524 
 5027  1.25      35  215    27     1     5024   -774     0     0  -122   102     0     -122  247308  2354524 
 5055  1.18      34  214    28     1     5052   -802     0     0  -122   101     0     -122  247308  2354523 
 5129  1.01      33  213    74     1     5126   -876    -1    -1  -123   101    -1     -123  247307  2354523 
 5132  1.00      33  213     3     0     5129   -879     0     0  -124   101     0     -124  247306  2354523 
 5253  2.43      86  266   121     4     5250  -1000    -2    -3  -125    97    -2     -125  247305  2354519 
 5259  2.50      89  269   127     4     5256  -1006    -2    -3  -125    97    -2     -125  247305  2354519 
 5354  3.75      88  272    95     5     5351  -1101     0    -5  -125    92     0     -125  247305  2354514 
 5449  4.75      81  279    95     7     5445  -1195     1    -7  -125    85     1     -125  247305  2354507 
 5500  4.75      85  275    51     4     5496  -1246     1    -4  -124    81     1     -124  247306  2354503 
 5544  4.75      88  272    44     4     5540  -1290     0    -4  -124    77     0     -124  247306  2354499 
 5592  4.75      88  272    48     4     5588  -1338     0    -4  -124    73     0     -124  247306  2354495 
 5708  4.75      88  272   116    10     5703  -1453     0   -10  -123    64     0     -123  247307  2354486 
                                                                                                             
                                                                                                             
                                                                                                             
                                                                                                             
                                                                                                             
                                                                                                             
                                                                                                             
                                                                                                             
                                                                                                             
                                                                                                             
                                                                                                             
                                                                                                             
                                                                                                             
                                                                                                             
                                                                                                             
                                                                                                             
                                                                                                             
                                                                                                             
                                                                                                             
                                                                                                             
                                                                                                             
                                                                                                             
                                                                                                             
                                                                                                             
                                                                                                             
                                                                                                             
                                                                                                             
                                                                                                             
                                                                                                             
                                                                                                             
                                                                                                             
                                                                                                             
                                                                                                             
                                                                                                             
                                                                                                             
                                                                                                             
                                                                                                             
                                                                                                             
                                                                                                             
                                                                                                             
                                                                                                             
                                                                                                             
                                                                                                             
                                                                                                             
                                                                                                             
                                                                                                             
                                                                                                             
                                                                                                             
                                                                                                             
                                                                                                             
                                                                                                             
                                                                                                             
                                                                                                             
                                                                                                             
                                                                                                             
                                                                                                             
                                                                                                             
                                                                                                             
                                                                                                             
                                                                                                             
                                                                                                             
                                                                                                             
                                                                                                             
                                                                                                             
                                                                                                             
                                                                                                             
                                                                                                             
                                                                                                             
                                                                                                             
                                                                                                             
                                                                                                             
                                                                                                             
                                                                                                             
                                                                                                             
                                                                                                             
                                                                                                             
                                                                                                             
                                                                                                             
                                                                                                             
                                                                                                             
                                                                                                             
                                                                                                             
                                                                                                             
                                                                                                             
                                                                                                             
                                                                                                             
                                                                                                             
                                                                                                             
                                                                                                             
                                                                                                             
                                                                                                             
                                                                                                             
                                                                                                             
                                                                                                             
                                                                                                             
                                                                                                             
                                                                                                             
                                                                                                             
                                                                                                             
                                                                                                             
                                                                                                             
                                                                                                             
                                                                                                             
                                                                                                             
                                                                                                             
                                                                                                             
                                                                                                             
                                                                                                             
                                                                                                             
                                                                                                             
                                                                                                             
                                                                                                             
                                                                                                             
                                                                                                             
                                                                                                             
                                                                                                             
                                                                                                             
                                                                                                             
                                                                                                             
                                                                                                             
                                                                                                             
                                                                                                             
                                                                                                             
                                                                                                             
                                                                                                             
                                                                                                             
                                                                                                             
                                                                                                             
                                                                                                             
                                                                                                             
