      WELL DATA SUMMARY                                                                                      
            
Well  BLM 74A-19    
                         
Sec Az  110 S 70 E  
Elev   4151 KB      
CoordsNorth  247393 East              2354577 
                         Course               
  MD  Drift Drift D. AzimLength  DH     TVD     SSD    DNS   DEW   N-S   E-W  DSec    Sec     N-LAM E-LAM    
_____________________________________________________________________________________________________________
                                                                                                             
    0  0.00       0    0     0     0        0   4151     0     0     0     0     0        0  247393  2354577 
  151  0.73      21   21   151     1      151   4000     1     0     1     0     0        0  247394  2354577 
  156  0.75      22   22   156     1      156   3995     1     0     1     0     0        0  247394  2354577 
  284  1.00      37   37   128     2      284   3867     2     1     3     1     0        0  247396  2354578 
  435  1.25      59   59   151     3      435   3716     2     2     5     3     1        2  247398  2354580 
  500  1.42      62   62    65     2      500   3651     1     1     5     5     1        3  247398  2354582 
  628  1.75      68   68   193     5      628   3523     2     5     7     8     3        5  247400  2354585 
  759  1.75      69   69   131     4      759   3392     1     4     8    12     3        8  247401  2354589 
  880  2.50      87   87   121     4      880   3271     1     4     9    16     4       12  247402  2354593 
 1000  3.19      81   98   120     6     1000   3151     0     6     9    22     6       18  247402  2354599 
 1010  3.25      81   99   130     7     1010   3141     0     7     9    23     6       18  247402  2354600 
 1152  3.02      85   95   142     8     1151   3000    -1     8     8    30     8       26  247401  2354607 
 1164  3.00      85   95   154     8     1163   2988    -1     8     8    31     8       26  247401  2354608 
 1296  3.50      86   94   132     7     1295   2856    -1     7     7    38     7       33  247400  2354615 
 1418  3.75      85   95   122     8     1417   2734    -1     8     7    46     7       41  247400  2354623 
 1500  3.75      87   93    82     5     1499   2652     0     5     6    51     5       46  247399  2354628 
 1544  3.75      88   92   126     8     1543   2608    -1     8     6    54     8       49  247399  2354631 
 1676  3.75      88   88   132     9     1674   2477     0     9     6    63     8       57  247399  2354640 
 1796  3.75      86   94   120     8     1794   2357     0     8     6    71     7       64  247399  2354648 
 1924  4.00      89   91   128     9     1922   2229     0     9     6    79     8       73  247399  2354656 
 2000  3.85      87   87    76     5     1998   2153     0     5     6    85     5       77  247399  2354662 
 2051  3.75      85   85   127     9     2049   2102     0     9     6    88     8       81  247399  2354665 
 2154  3.36      83   83   103     6     2151   2000     1     6     7    94     6       86  247400  2354671 
 2183  3.25      82   82   132     8     2180   1971     1     8     7    96     7       88  247400  2354673 
 2306  2.75      78  102   123     6     2303   1848     0     6     7   102     6       94  247400  2354679 
 2428  3.25      90   90   122     6     2425   1726    -1     6     6   109     6      100  247399  2354686 
 2500  4.26      88   92    72     5     2497   1654     0     5     6   113     4      105  247399  2354690 
 2517  4.50      88   92    89     6     2514   1637     0     6     6   115     6      106  247399  2354692 
 2613  5.25      86   94    96     8     2609   1542     0     8     6   123     8      114  247399  2354700 
 2714  6.50      90   90   100    10     2710   1441     0    10     5   133    10      123  247398  2354710 
 2775  8.50      86   94    60     8     2770   1381     0     8     5   141     8      131  247398  2354718 
 2845  8.50      85   95    69    10     2840   1311    -1    10     4   151    10      141  247397  2354728 
 2877  8.50      80  100    32     5     2871   1280    -1     5     3   156     5      146  247396  2354733 
 2908  8.50      70  110    31     5     2902   1249    -1     4     2   161     5      150  247395  2354738 
 2940  8.75      62  118    32     5     2933   1218    -2     4     0   165     5      155  247393  2354742 
 2972  9.25      64  116    32     5     2965   1186    -2     4    -2   169     5      160  247391  2354746 
 3000 10.03      58  122    28     5     2993   1158    -2     4    -4   174     5      164  247389  2354751 
 3035 11.00      51  129    62    11     3027   1124    -6     9    -8   179    11      171  247385  2354756 
 3075 11.00      50  130    39     8     3066   1085    -5     6   -13   185     7      178  247380  2354762 
 3161 11.00      54  126    84    16     3151   1000   -10    13   -23   198    16      193  247370  2354775 
 3169 11.00      54  126    92    18     3159    992   -11    14   -24   199    17      195  247369  2354776 
 3264 11.75      50  130    93    19     3252    899   -12    15   -35   214    18      213  247358  2354791 
 3360 11.75      44  136    94    20     3346    805   -13    14   -49   228    18      231  247344  2354805 
 3443 10.25      50  130    81    16     3427    724   -11    12   -59   239    15      245  247334  2354816 
 3475  9.75      53  127    32     6     3459    692    -3     4   -63   244     5      251  247330  2354821 
 3500  9.75      55  125    25     4     3483    668    -3     3   -65   247     4      255  247328  2354824 
 3506  9.75      55  125    31     5     3489    662    -3     4   -66   248     5      256  247327  2354825 
 3538 10.50      58  122    32     6     3521    630    -3     5   -69   253     5      261  247324  2354830 
 3570 10.00      66  114    31     6     3552    599    -3     5   -72   258     6      267  247321  2354835 
 3602  9.25      69  111    32     5     3584    567    -2     5   -74   263     5      272  247319  2354840 
 3634  9.75      70  110    32     5     3615    536    -2     5   -76   268     5      277  247317  2354845 
 3760  9.00      77  103   124    21     3740    411    -6    20   -81   287    20      298  247312  2354864 
 3856 10.00      77  103    95    16     3834    317    -4    15   -85   303    16      314  247308  2354880 
 3951 12.00      74  106    93    18     3928    223    -5    18   -90   320    18      332  247303  2354897 
 4000 12.37      74  106    48    10     3976    175    -3    10   -92   330    10      342  247301  2354907 
 4050 12.75      74  106    97    21     4024    127    -6    20   -95   341    21      353  247298  2354918 
 4144 13.00      76  104    92    21     4116     35    -5    20  -101   361    21      374  247292  2354938 
 4180 13.00      76  104    35     8     4151      0    -2     8  -103   369     8      382  247290  2354946 
 4207 13.00      76  104    61    14     4177    -26    -3    14  -104   375    14      388  247289  2354952 
 4303 12.25      76  104    94    21     4271   -120    -5    20  -109   395    21      409  247284  2354972 
 4397 11.75      79  101    92    20     4363   -212    -4    19  -114   414    19      428  247279  2354991 
 4492 13.00      78  102    93    20     4456   -305    -4    20  -118   434    20      448  247275  2355011 
 4500 12.91      78  102     8     2     4464   -313     0     2  -118   436     2      450  247275  2355013 
 4586 12.00      83   97    92    20     4548   -397    -3    20  -121   454    20      468  247272  2355031 
 4654 11.00      80  100    67    14     4614   -463    -2    13  -123   468    13      481  247270  2355045 
 4745 11.00      78  102    89    17     4704   -553    -3    17  -126   485    17      499  247267  2355062 
 4878 12.00      77  103   130    27     4834   -683    -6    26  -132   510    26      525  247261  2355087 
 4937 11.50      73  107    58    12     4892   -741    -3    12  -135   522    12      537  247258  2355099 
 5000 11.35      75  105    62    12     4953   -802    -3    12  -139   534    12      549  247254  2355111 
 5040 11.25      76  104   101    20     4993   -842    -5    20  -141   542    20      557  247252  2355119 
 5130 10.75      73  107    88    17     5081   -930    -5    17  -145   558    17      574  247248  2355135 
 5201 10.75      73  107    70    13     5151  -1000    -4    13  -149   571    13      587  247244  2355148 
 5231 10.75      73  107    99    19     5180  -1029    -6    18  -151   576    19      593  247242  2355153 
 5323 10.75      76  104    90    17     5271  -1120    -5    17  -155   593    17      610  247238  2355170 
 5412 10.50      72  108    87    16     5358  -1207    -5    16  -160   609    16      626  247233  2355186 
 5500  9.86      66  114    87    16     5445  -1294    -6    15  -165   623    16      642  247228  2355200 
 5515  9.75      65  115   101    18     5459  -1308    -7    17  -166   625    18      645  247227  2355202 
 5608  9.75      68  112    92    16     5551  -1400    -6    14  -173   640    16      660  247220  2355217 
 5694  9.25      67  113    85    14     5636  -1485    -5    13  -178   653    14      675  247215  2355230 
 5757  8.50      64  116    62    10     5698  -1547    -4     9  -182   662    10      684  247211  2355239 
 5801  9.25      64  116    43     7     5742  -1591    -3     6  -185   668     7      691  247208  2355245 
 5844  9.38      64  116    42     7     5784  -1633    -3     6  -188   674     7      698  247205  2355251 
 5886  9.50      64  116    41     7     5826  -1675    -3     6  -191   680     7      705  247202  2355257 
 5908 10.20      65  115    22     4     5847  -1696    -2     3  -193   684     4      708  247200  2355261 
 5941 11.25      66  114    32     6     5880  -1729    -3     6  -195   689     6      715  247198  2355266 
 6000 12.65      63  117    58    12     5937  -1786    -5    11  -201   700    12      727  247192  2355277 
 6004 12.75      63  117    62    13     5941  -1790    -6    12  -201   701    13      728  247192  2355278 
 6030 12.75      63  117    25     6     5967  -1816    -3     5  -204   706     6      733  247189  2355283 
 6219 12.75      63  117   184    42     6151  -2000   -19    37  -223   743    41      775  247170  2355320 
 6407 12.75      63  117   368    83     6334  -2183   -38    74  -241   780    83      816  247152  2355357 
 6500 12.75      63  117    91    21     6425  -2274    -9    18  -251   799    20      836  247142  2355376 
 6881 12.75      63  117   462   105     6797  -2646   -47    93  -289   874   104      920  247104  2355451 
                                                                                                             
                                                                                                             
                                                                                                             
                                                                                                             
                                                                                                             
                                                                                                             
                                                                                                             
                                                                                                             
                                                                                                             
                                                                                                             
                                                                                                             
                                                                                                             
                                                                                                             
                                                                                                             
                                                                                                             
                                                                                                             
                                                                                                             
                                                                                                             
                                                                                                             
                                                                                                             
                                                                                                             
                                                                                                             
                                                                                                             
                                                                                                             
                                                                                                             
                                                                                                             
                                                                                                             
                                                                                                             
                                                                                                             
                                                                                                             
                                                                                                             
                                                                                                             
                                                                                                             
                                                                                                             
                                                                                                             
                                                                                                             
                                                                                                             
                                                                                                             
                                                                                                             
                                                                                                             
                                                                                                             
                                                                                                             
                                                                                                             
                                                                                                             
                                                                                                             
                                                                                                             
                                                                                                             
                                                                                                             
                                                                                                             
                                                                                                             
                                                                                                             
                                                                                                             
                                                                                                             
                                                                                                             
                                                                                                             
                                                                                                             
                                                                                                             
                                                                                                             
                                                                                                             
                                                                                                             
                                                                                                             
                                                                                                             
                                                                                                             
                                                                                                             
                                                                                                             
                                                                                                             
                                                                                                             
                                                                                                             
                                                                                                             
                                                                                                             
                                                                                                             
                                                                                                             
                                                                                                             
                                                                                                             
                                                                                                             
                                                                                                             
                                                                                                             
                                                                                                             
                                                                                                             
                                                                                                             
                                                                                                             
                                                                                                             
                                                                                                             
                                                                                                             
                                                                                                             
                                                                                                             
                                                                                                             
                                                                                                             
                                                                                                             
                                                                                                             
                                                                                                             
                                                                                                             
                                                                                                             
                                                                                                             
                                                                                                             
                                                                                                             
                                                                                                             
                                                                                                             
                                                                                                             
                                                                                                             
                                                                                                             
                                                                                                             
                                                                                                             
                                                                                                             
                                                                                                             
                                                                                                             
                                                                                                             
                                                                                                             
                                                                                                             
                                                                                                             
                                                                                                             
                                                                                                             
                                                                                                             
                                                                                                             
                                                                                                             
                                                                                                             
                                                                                                             
