      WELL DATA SUMMARY                                                                                      
            
Well  BLM 81A-19    
                         
Sec Az  225         
Elev   4205 KB      
CoordsNorth  249077 East              2355443 
                         Course               
  MD  Drift Drift D. AzimLength  DH     TVD     SSD    DNS   DEW   N-S   E-W  DSec    Sec     N-LAM E-LAM    
_____________________________________________________________________________________________________________
                                                                                                             
    0  0.00       0    1     0     0        0   4205     0     0     0     0     0        0  249077  2355443 
  173  0.50       1    1   173     1      173   4032     1     0     1     0    -1       -1  249078  2355443 
  205  0.84       2   52    32     0      205   4000     0     0     1     0     0       -1  249078  2355443 
  290  1.75       6  186   117    -2      290   3915     0    -2     1    -2     2        1  249078  2355441 
  326  1.87       9  180    36     1      326   3879    -1     0     0    -2     1        2  249077  2355441 
  437  2.25      19  161   147     5      437   3768    -5     1    -4    -2     3        4  249073  2355441 
  555  2.25       7  187   118     5      555   3650    -5     0    -9    -1     3        7  249068  2355442 
  717  2.75       2  178   162     7      717   3488    -7     0   -16    -2     5       12  249061  2355441 
  880  3.75       8  172   163     9      879   3326    -9     1   -25    -1     6       18  249052  2355442 
 1015  3.75      23  157   135     9     1014   3191    -9     2   -34     2     4       23  249043  2355445 
 1129  3.25      12  168   114     7     1128   3077    -7     2   -40     4     3       26  249037  2355447 
 1206  3.83       7  173    77     5     1205   3000    -5     1   -45     5     3       29  249032  2355448 
 1261  4.25       3  177   132     9     1260   2945    -9     1   -49     5     5       31  249028  2355448 
 1328  4.52       2  178    67     5     1326   2879    -5     0   -54     5     3       35  249023  2355448 
 1383  4.75       2  178   122    10     1381   2824   -10     0   -58     5     6       38  249019  2355448 
 1508  5.25       9  189   125    11     1506   2699   -11    -1   -69     5     8       46  249008  2355448 
 1557  5.75      14  194    49     5     1555   2650    -5    -1   -74     4     4       50  249003  2355447 
 1588  5.25      12  192    31     3     1585   2620    -3    -1   -77     3     3       52  249000  2355446 
 1619  5.25      16  196    31     3     1616   2589    -3    -1   -79     2     2       55  248998  2355445 
 1650  5.75      20  200    31     3     1647   2558    -3    -1   -82     1     3       57  248995  2355444 
 1683  5.50      20  200    33     3     1680   2525    -3    -1   -85     0     3       60  248992  2355443 
 1714  5.00      19  199    31     3     1711   2494    -3    -1   -88    -1     3       63  248989  2355442 
 1745  5.00      23  203    31     3     1742   2463    -3    -1   -91    -2     2       65  248986  2355441 
 1775  5.00      23  203    30     3     1772   2433    -2    -1   -93    -3     2       68  248984  2355440 
 1806  5.00      21  201    31     3     1802   2403    -3    -1   -95    -4     2       70  248982  2355439 
 1837  5.00      20  200    31     3     1833   2372    -3    -1   -98    -5     2       73  248979  2355438 
 1868  4.75      20  200    31     3     1864   2341    -2    -1  -100    -5     2       75  248977  2355438 
 1900  4.50      22  202    32     3     1896   2309    -2    -1  -103    -6     2       77  248974  2355437 
 1970  3.25      22  202    70     5     1966   2239    -4    -2  -107    -8     4       82  248970  2355435 
 2099  3.00      25  205   129     7     2095   2110    -6    -3  -114   -11     7       88  248963  2355432 
 2209  3.71      30  210   110     6     2205   2000    -6    -3  -119   -14     6       94  248958  2355429 
 2216  3.75      30  210   117     7     2212   1993    -6    -3  -120   -14     7       95  248957  2355429 
 2331  3.97      37  217   115     8     2326   1879    -6    -4  -126   -18     8      102  248951  2355425 
 2347  4.00      38  218   131     9     2342   1863    -7    -5  -127   -19     9      103  248950  2355424 
 2472  4.00      37  217   125     9     2467   1738    -7    -5  -134   -24     9      112  248943  2355419 
 2440  4.00      39  219   -32    -2     2435   1770     2     1  -132   -23    -2      110  248945  2355420 
 2594  4.00      29  209   122     9     2589   1616    -7    -5  -141   -29     8      120  248936  2355414 
 2717  4.00      40  220   123     9     2711   1494    -7    -5  -148   -34     8      129  248929  2355409 
 2841  3.50      36  216   124     8     2835   1370    -6    -5  -155   -39     8      137  248922  2355404 
 2953  5.50      39  219   112     9     2947   1258    -7    -5  -162   -44     9      146  248915  2355399 
 2990  6.11      40  220    37     4     2984   1221    -3    -2  -165   -47     4      149  248912  2355396 
 3044  7.00      42  222    90    10     3037   1168    -8    -6  -169   -51    10      155  248908  2355392 
 3135  8.00      39  219    90    12     3127   1078    -9    -8  -178   -58    12      167  248899  2355385 
 3213  9.05      39  219    77    12     3205   1000    -9    -7  -187   -66    11      179  248890  2355377 
 3228  9.25      39  219    92    14     3219    986   -11    -9  -189   -67    14      181  248888  2355376 
 3291 10.50      37  217    62    11     3281    924    -9    -7  -198   -74    11      192  248879  2355369 
 3320 11.00      37  217    28     5     3310    895    -4    -3  -202   -77     5      197  248875  2355366 
 3336 11.00      39  219    16     3     3326    879    -2    -2  -204   -79     3      200  248873  2355364 
 3351 11.00      40  220    30     6     3340    865    -5    -4  -206   -81     6      203  248871  2355362 
 3382 11.00      45  225    30     6     3371    834    -4    -4  -211   -85     6      209  248866  2355358 
 3475 10.00      52  232    91    17     3462    743   -11   -13  -222   -97    17      226  248855  2355346 
 3679 10.75      52  232   201    37     3663    542   -23   -29  -245  -126    36      262  248832  2355317 
 3801 11.25      55  235   120    23     3783    422   -14   -19  -259  -145    23      285  248818  2355298 
 3925 11.25      53  233   122    24     3904    301   -14   -20  -273  -165    24      309  248804  2355278 
 4050 11.25      49  229   123    24     4027    178   -15   -19  -288  -184    24      334  248789  2355259 
 4189 12.25      52  232   136    28     4163     42   -18   -22  -306  -206    28      362  248771  2355237 
 4232 12.16      52  232    42     9     4205      0    -6    -7  -312  -213     9      371  248765  2355230 
 4310 12.00      52  232   118    25     4281    -76   -16   -20  -322  -226    25      387  248755  2355217 
 4356 12.28      52  232    45    10     4326   -121    -6    -8  -328  -233    10      397  248749  2355210 
 4434 12.75      52  232   121    27     4402   -197   -16   -21  -338  -246    26      413  248739  2355197 
 4559 13.00      53  233   122    28     4524   -319   -17   -22  -355  -269    28      441  248722  2355174 
 4589 12.75      54  234    29     7     4554   -349    -4    -5  -359  -274     7      448  248718  2355169 
 4654 12.88      54  234    63    14     4617   -412    -8   -12  -368  -286    14      462  248709  2355157 
 4710 13.00      54  234   118    27     4671   -466   -16   -22  -375  -296    27      474  248702  2355147 
 4785 12.85      55  235    73    17     4745   -540   -10   -14  -385  -309    17      491  248692  2355134 
 4831 12.75      56  236   118    27     4789   -584   -15   -22  -390  -318    27      501  248687  2355125 
 4927 12.50      56  236    94    21     4883   -678   -12   -17  -402  -335    21      521  248675  2355108 
 5081 11.75      56  236   151    32     5034   -829   -18   -27  -420  -362    32      553  248657  2355081 
 5238 12.50      52  232   153    33     5187   -982   -19   -27  -440  -389    33      586  248637  2355054 
 5256 12.62      52  232    18     4     5205  -1000    -2    -3  -442  -392     4      590  248635  2355051 
 5381 13.48      53  233   139    32     5326  -1121   -20   -25  -459  -414    32      618  248618  2355029 
 5457 14.00      53  233   213    50     5400  -1195   -31   -40  -470  -429    50      635  248607  2355014 
 5598 14.75      53  233   137    35     5537  -1332   -21   -28  -491  -457    35      670  248586  2354986 
 5791 15.75      53  233   186    51     5723  -1518   -31   -41  -522  -497    50      720  248555  2354946 
 5955 16.50      56  236   158    46     5881  -1676   -26   -37  -548  -534    45      765  248529  2354909 
 6066 16.25      55  235   106    31     5987  -1782   -18   -26  -566  -560    31      796  248511  2354883 
 6232 15.67      52  232   160    46     6147  -1942   -27   -37  -593  -597    45      841  248484  2354846 
 6281 15.50      51  231   207    59     6194  -1989   -35   -47  -601  -607    58      854  248476  2354836 
 6292 15.48      51  231    11     3     6205  -2000    -2    -2  -603  -609     3      857  248474  2354834 
 6401 15.25      48  228   116    32     6310  -2105   -21   -24  -622  -631    32      886  248455  2354812 
 6418 15.23      48  228    16     4     6326  -2121    -3    -3  -625  -634     4      891  248452  2354809 
 6656 15.00      50  230   246    67     6556  -2351   -44   -50  -666  -681    66      952  248411  2354762 
 6905 14.50      55  235   241    63     6797  -2592   -39   -50  -704  -732    63     1015  248373  2354711 
 7125 14.00      53  233   213    54     7010  -2805   -32   -44  -736  -775    53     1069  248341  2354668 
 7327 14.87      55  235   196    50     7205  -3000   -29   -41  -766  -816    50     1118  248311  2354627 
 7473 15.50      57  237   337    89     7346  -3141   -51   -73  -787  -848    87     1156  248290  2354595 
 7592 15.50      57  237   115    32     7461  -3256   -17   -27  -804  -875    31     1187  248273  2354568 
