      WELL DATA SUMMARY                                                                                                                                                                                                            
            
Well  NAVY II 51-16 
                         
Sec Az273   N87W    
Elev  3746  KB      
CoordsNorth 254769  East 2363709       2363709  
                          Course                
  MD  Drift Drift D. Azim Length   DH     TVD     SSD    DNS   DEW    N-S     E-W   DSec   Sec    N-LAM E-LAM    
_________________________________________________________________________________________________________________
                                                                                                                                                                                                                                   
    0  0.00       0  121       0     0        0   3746     0     0    0.00    0.00     0      0  254769  2363709                                                                                                                   
  259  0.75      59  121     259     2      259   3487    -1     1   -0.87    1.45    -1     -1  254768  2363710                                                                                                                   
  470  0.25      36  144     211     2      470   3276    -1     1   -2.12    2.81    -1     -3  254767  2363712 
  653  1.00      36  144     394     6      653   3093    -4     4   -4.94    5.89    -5     -6  254764  2363715                                                                                                                   
  746  1.00      15  165      93     2      746   3000    -1     1   -6.40    6.59    -1     -7  254763  2363716 
  777  1.00       8  172     124     2      777   2969    -2     1   -6.94    6.70    -1     -7  254762  2363716                                                                                                                   
  900  1.75      26  154     123     3      900   2846    -3     1   -9.77    7.56    -1     -8  254759  2363717 
 1025  2.00      47  133     248     6     1025   2721    -6     3  -12.70    9.70    -3    -10  254756  2363719                                                                                                                   
 1128  1.79      22  158     103     3     1128   2618    -3     2  -15.51   11.62    -2    -12  254753  2363721 
 1147  1.75      17  163     122     4     1147   2599    -3     2  -16.09   11.81    -2    -13  254753  2363721                                                                                                                   
 1167  1.79      15  165      20     1     1167   2579    -1     0  -16.68   11.98     0    -13  254752  2363721 
 1272  2.00       6  174     125     4     1272   2474    -4     1  -20.10   12.63    -1    -14  254749  2363722 
 1426  1.25      44  224     154     4     1426   2320    -4    -1  -24.22   11.21     1    -12  254745  2363720                                                                                                                   
 1547  1.50      67  247     121     3     1547   2199    -2    -2  -25.87    8.81     2    -10  254743  2363718                                                                                                                   
 1670  1.50      61  241     123     3     1670   2076    -1    -3  -27.28    5.92     3     -7  254742  2363715                                                                                                                   
 1716  1.41      56  268      46     1     1716   2030     0    -1  -27.60    4.80     1     -6  254741  2363714 
 1746  1.35      52  285      30     1     1746   2000     0    -1  -27.52    4.08     1     -6  254741  2363713 
 1794  1.25      47  313     124     3     1794   1952     0    -3  -26.92    2.97     3     -4  254742  2363712                                                                                                                   
 1840  1.39      46  314      46     1     1840   1906     1    -1  -26.19    2.20     1     -4  254743  2363711 
 1953  1.72      43  317     113     3     1952   1794     2    -2  -24.01    0.05     2     -1  254745  2363709 
 1964  1.75      43  317     170     4     1963   1783     3    -3  -23.77   -0.18     3     -1  254745  2363709                                                                                                                   
 2164  1.25      16  344     200     5     2163   1583     5    -3  -19.22   -2.76     3      2  254750  2363706                                                                                                                   
 2260  1.44      15  359      96     2     2259   1487     2     0  -16.99   -3.09     0      2  254752  2363706 
 2292  1.50      14   14     128    -3     2291   1455     3     0  -16.14   -2.81     0      2  254753  2363706                                                                                                                   
 2417  1.25       2    2     125     3     2416   1330     3     0  -13.17   -2.39     0      2  254756  2363707                                                                                                                   
 2572  1.00      67   67     155     3     2571   1175     3     2  -10.67   -0.67    -2      0  254758  2363708                                                                                                                   
 2698  1.25      42  138     126     2     2697   1049    -1     2  -11.20    1.74    -2     -2  254758  2363711                                                                                                                   
 2747  1.45      38  142      49     1     2746   1000    -1     1  -12.08    2.49    -1     -3  254757  2363711 
 2820  1.75      33  147     122     3     2819    927    -3     2  -13.73    3.69    -2     -4  254755  2363713                                                                                                                   
 2941  1.75      32  148     121     4     2940    806    -3     2  -16.85    5.67    -2     -7  254752  2363715                                                                                                                   
 3064  2.00      51  129     123     4     3063    683    -3     3  -19.87    8.34    -3     -9  254749  2363717                                                                                                                   
 3190  2.00      40  140     126     4     3189    557    -3     3  -22.95   11.48    -3    -13  254746  2363720                                                                                                                   
 3311  2.00      40  140     121     4     3310    436    -3     3  -26.18   14.19    -3    -16  254743  2363723                                                                                                                   
 3470  2.00      35  145     159     6     3469    277    -4     3  -30.58   17.57    -4    -19  254738  2363727                                                                                                                   
 3669  2.25      14  166     199     7     3668     78    -7     3  -37.30   20.63    -3    -23  254732  2363730                                                                                                                   
 3747  2.09      12  168      78     3     3746      0    -3     1  -40.18   21.28    -1    -23  254729  2363730 
 3794  2.00      10  170     125     5     3793    -47    -5     1  -41.83   21.59    -1    -24  254727  2363731                                                                                                                   
 3949  2.00      10  170     155     5     3948   -202    -5     1  -47.16   22.53    -1    -25  254722  2363732                                                                                                                   
 3919  2.00      18  162     -30    -1     3918   -172     1     0  -46.14   22.28     0    -25  254723  2363731                                                                                                                   
 4045  1.75      13  167     126     4     4044   -298    -4     1  -50.12   23.38    -1    -26  254719  2363732                                                                                                                   
 4170  2.50      11  191     125     5     4168   -422    -5     0  -54.75   23.46     0    -26  254714  2363732                                                                                                                   
 4295  3.00      12  192     125     6     4293   -547    -6    -1  -60.63   22.27     1    -25  254708  2363731                                                                                                                   
 4372  3.50      14  194      77     4     4370   -624    -4    -1  -64.88   21.28     1    -25  254704  2363730                                                                                                                   
 4375  3.55      14  194       3     0     4373   -627     0     0  -65.06   21.24     0    -25  254704  2363730 
 4403  3.50      19  199      28     2     4401   -655    -2     0  -66.71   20.74     0    -24  254702  2363730 
 4433  4.00      28  208      30     2     4431   -685    -2    -1  -68.51   19.96     1    -24  254700  2363729 
 4469  4.00      28  208      36     3     4467   -721    -2    -1  -70.73   18.78     1    -22  254698  2363728 
 4496  5.50      32  212     124    10     4494   -748    -9    -4  -73.84   17.48     3    -21  254695  2363726                                                                                                                   
 4526  5.75      36  216      30     3     4524   -778    -2    -2  -76.27   15.84     2    -20  254693  2363725 
 4558  6.00      38  218      62     6     4555   -809    -5    -4  -78.93   13.92     3    -18  254690  2363723                                                                                                                   
 4589  6.00      43  223      31     3     4586   -840    -2    -2  -81.39   11.82     2    -16  254688  2363721 
 4621  6.00      46  226      63     7     4618   -872    -5    -4  -83.82    9.51     4    -14  254685  2363719                                                                                                                   
 4652  6.25      49  229      31     3     4649   -903    -2    -2  -86.05    7.07     2    -12  254683  2363716                                                                                                                   
 4683  6.50      59  239      31     3     4680   -934    -2    -3  -88.08    4.29     3     -9  254681  2363713                                                                                                                   
 4714  6.50      63  243      31     4     4711   -965    -2    -3  -89.78    1.22     3     -6  254679  2363710 
 4745  6.50      66  246      62     7     4741   -995    -3    -6  -91.32   -1.94     6     -3  254678  2363707                                                                                                                   
 4750  6.46      67  247       5     1     4746  -1000     0    -1  -91.54   -2.45     1     -2  254677  2363707 
 4776  6.25      71  251      26     3     4772  -1026    -1    -3  -92.58   -5.14     3      0  254676  2363704 
 4808  6.00      78  258      63     7     4804  -1058    -2    -7  -93.44   -8.46     6      4  254676  2363701                                                                                                                   
 4839  6.00      86  266      31     3     4835  -1089     0    -3  -93.89  -11.67     3      7  254675  2363697 
 4870  6.00      89  269      62     6     4866  -1120    -1    -6  -94.17  -14.90     6     10  254675  2363694                                                                                                                   
 4922  6.50      80  280      52     6     4917  -1171     0    -6  -93.73  -20.54     6     16  254675  2363688                                                                                                                   
 4984  7.25      80  280      62     7     4979  -1233     1    -7  -92.44  -27.85     7     23  254677  2363681                                                                                                                   
 4990  7.27      80  280       6     1     4985  -1239     0    -1  -92.31  -28.60     1     24  254677  2363680 
 5047  7.50      82  278      62     8     5041  -1295     1    -8  -91.17  -35.84     8     31  254678  2363673                                                                                                                   
 5088  8.00      79  281      41     6     5082  -1336     1    -5  -90.26  -41.29     5     37  254679  2363668                                                                                                                   
 5119  7.75      67  293      31     4     5113  -1367     1    -4  -89.02  -45.35     4     41  254680  2363664                                                                                                                   
 5205  6.75      70  290      85    11     5198  -1452     4   -10  -85.04  -55.45    10     51  254684  2363654                                                                                                                   
 5346  6.75      70  290     140    17     5338  -1592     6   -16  -79.37  -71.02    16     67  254690  2363638                                                                                                                   
 5473  6.25      72  288     126    14     5464  -1718     5   -14  -74.69  -84.62    14     81  254694  2363624                                                                                                                   
 5566  5.75      72  288      92    10     5557  -1811     3    -9  -71.69  -93.86     9     90  254697  2363615                                                                                                                   
 5639  6.25      69  291      73     8     5629  -1883     3    -7  -69.14 -101.06     7     97  254700  2363608                                                                                                                   
 5734  7.00      72  288      94    11     5724  -1978     4   -10  -65.48 -111.39    11    108  254704  2363598                                                                                                                   
 5757  7.12      72  288      23     3     5746  -2000     1    -3  -64.60 -114.07     3    111  254704  2363595 
 5828  7.50      70  290      93    12     5817  -2071     4   -11  -61.62 -122.60    11    119  254707  2363586                                                                                                                   
 5873  7.62      70  290      45     6     5862  -2116     2    -6  -59.62 -128.18     6    125  254709  2363581 
 5922  7.75      71  289      93    12     5910  -2164     4   -12  -57.46 -134.36    12    131  254712  2363575                                                                                                                   
 6016  7.75      67  293      93    13     6003  -2257     5   -12  -52.91 -146.19    12    143  254716  2363563                                                                                                                   
 6110  7.50      70  290      93    12     6096  -2350     5   -12  -48.34 -157.80    12    155  254721  2363551                                                                                                                   
 6138  7.57      71  289      28     4     6124  -2378     1    -3  -47.11 -161.26     4    159  254722  2363548 
 6205  7.75      73  287      94    13     6191  -2445     4   -12  -44.34 -169.75    12    167  254725  2363539                                                                                                                   
 6298  8.00      71  289      92    13     6283  -2537     4   -12  -40.41 -181.87    12    180  254729  2363527                                                                                                                   
 6422  8.75      73  287     123    18     6405  -2659     6   -17  -34.82 -199.05    17    197  254734  2363510                                                                                                                   
 6546  8.75      72  288     123    19     6528  -2782     6   -18  -29.15 -217.04    18    215  254740  2363492                                                                                                                   
 6672  9.25      75  285     124    20     6652  -2906     6   -19  -23.55 -235.94    19    234  254745  2363473 
 6767 11.03      84  276      94    17     6746  -3000     3   -16  -20.49 -252.38    17    251  254749  2363457 
 6779 11.25      85  275     229    40     6757  -3011     8   -40  -21.09 -256.69    40    255  254748  2363452                                                                                                                   
 6874 11.50      81  279      93    19     6851  -3105     2   -19  -18.80 -275.28    19    274  254750  2363434                                                                                                                   
 6968 11.50      85  275      92    19     6943  -3197     2   -19  -16.52 -293.89    19    293  254752  2363415                                                                                                                   
 7062 11.75      85  275      92    19     7035  -3289     2   -19  -14.87 -312.75    19    312  254754  2363396                                                                                                                   
 7154 10.75      85  275      90    18     7125  -3379     2   -18  -13.30 -330.63    18    329  254756  2363378                                                                                                                   
 7316  9.25      70  290     160    28     7284  -3538     6   -27   -7.21 -358.10    28    357  254762  2363351                                                                                                                   
 7442  9.25      67  293     124    20     7409  -3663     7   -19    0.21 -376.94    19    376  254769  2363332                                                                                                                   
 7510  8.85      66  294      67    11     7476  -3730     4   -10    4.48 -386.75    10    386  254773  2363322 
 7570  8.50      65  295     126    20     7535  -3789     8   -18    8.24 -394.98    18    395  254777  2363314                                                                                                                   
 7720  9.00      65  295     148    23     7684  -3938    10   -21   17.88 -415.66    21    416  254787  2363293                                                                                                                   
 7783  9.09      64  296      62    10     7746  -4000     4    -9   22.13 -424.61     9    425  254791  2363284 
 7887  9.25      63  297     165    26     7848  -4102    12   -24   29.49 -439.47    24    440  254798  2363270                                                                                                                   
 7968 10.69      65  295      80    14     7928  -4182     6   -13   35.60 -452.10    13    453  254805  2363257 
 8490 20.00      81  279     583   152     8432  -4686    47  -145   76.54 -584.27   147    587  254846  2363125                                                                                                                   
 8515 20.00      81  279      23     9     8455  -4709     1    -8   77.88 -592.71     9    596  254847  2363116                                                                                                                   
