      WELL DATA SUMMARY                                                                                      
            
Well  NAVY II 37A-17
                         
Sec Az   80 N 80 E  
Elev   3943 KB      
CoordsNorth  250837 East              2357150 
                         Course               
  MD  Drift Drift D. AzimLength  DH     TVD     SSD    DNS   DEW   N-S   E-W  DSec    Sec     N-LAM E-LAM    
_____________________________________________________________________________________________________________
                                                                                                             
    0  0.00       3  183     0     0        0   3943     0     0     0     0     0        0  250837  2357150 
  163  0.75       3  183   163     1      163   3780    -1     0    -1     0     0        0  250836  2357150 
  295  0.50      68  248   132     1      295   3648    -1    -1    -2    -1    -1       -1  250835  2357149 
  454  1.75      34  326   159     3      454   3489     1    -3    -1    -4    -3       -4  250836  2357146 
  500  1.65      31  329    46     1      500   3443     1    -1     0    -5    -1       -5  250837  2357145 
  568  1.50      27  333   114     3      568   3375     3    -2     1    -6    -1       -5  250838  2357144 
  733  2.00      50  310   165     5      733   3210     4    -3     5    -9    -2       -8  250842  2357141 
  882  2.25      56  304   149     6      882   3061     3    -4     9   -13    -4      -11  250846  2357137 
  943  2.25      58  302    61     2      943   3000     1    -2    10   -15    -2      -13  250847  2357135 
 1000  2.25      60  300   118     5     1000   2943     2    -4    11   -17    -3      -15  250848  2357133 
 1041  2.25      61  299   159     6     1041   2902     3    -5    12   -18    -5      -16  250849  2357132 
 1192  2.00      71  289   151     6     1192   2751     2    -5    14   -24    -5      -21  250851  2357126 
 1347  2.50      55  305   155     6     1346   2597     3    -5    17   -29    -5      -26  250854  2357121 
 1500  1.51      41  319   153     5     1499   2444     4    -4    21   -33    -3      -29  250858  2357117 
 1502  1.50      41  319   155     5     1501   2442     4    -4    21   -33    -3      -29  250858  2357117 
 1658  1.50      32  328   156     4     1657   2286     3    -2    24   -35    -2      -31  250861  2357115 
 1817  2.00      64  296   159     5     1816   2127     3    -4    27   -39    -3      -34  250864  2357111 
 1944  2.20      66  294   127     5     1943   2000     2    -4    29   -43    -4      -37  250866  2357107 
 1973  2.25      66  294   156     6     1972   1971     2    -5    30   -44    -5      -38  250867  2357106 
 2000  2.25      69  288    27     1     1999   1944     0    -1    30   -45    -1      -39  250867  2357105 
 2129  2.25      82  262   156     6     2128   1815     1    -6    30   -50    -6      -44  250867  2357100 
 2440  2.25      78  258   311    12     2439   1504    -2   -12    28   -62   -12      -56  250865  2357088 
 2500  2.68      76  256    60     3     2499   1444    -1    -3    28   -65    -3      -59  250865  2357085 
 2580  3.25      74  254   140     7     2579   1364    -2    -7    27   -69    -7      -63  250864  2357081 
 2794  1.25      72   72   214    -8     2792   1151     8    -2    35   -71    -1      -64  250872  2357079 
 2945  4.62      70   70   151     8     2943   1000     2     7    37   -64     8      -57  250874  2357086 
 2973  5.25      70   70   179    10     2971    972     3    10    38   -62    10      -54  250875  2357088 
 3000  5.67      69   69    27     3     2998    945     1     2    39   -59     3      -52  250876  2357091 
 3021  6.00      68   68    48     5     3019    924     2     4    40   -57     5      -50  250877  2357093 
 3116  8.50      65   65    94    12     3113    830     5    11    45   -46    12      -38  250882  2357104 
 3210  8.75      68   68    93    14     3206    737     6    13    50   -33    14      -24  250887  2357117 
 3299  9.00      68   68    88    14     3294    649     5    13    55   -21    13      -11  250892  2357129 
 3359  9.25      70   70    59    10     3353    590     3     9    59   -12     9       -1  250896  2357138 
 3393  9.75      75   75    34     6     3387    556     2     5    60    -6     6        4  250897  2357144 
 3424 10.25      81   81    31     5     3417    526     1     5    62    -1     5       10  250899  2357149 
 3486 12.25      85   85    61    12     3478    465     1    12    63    11    12       22  250900  2357161 
 3500 12.82      85   85    14     3     3492    451     0     3    63    14     3       25  250900  2357164 
 3572 15.75      87   87    83    21     3562    381     1    21    64    32    21       42  250901  2357182 
 3663 17.00      88   88    87    26     3649    294     1    26    66    57    25       68  250903  2357207 
 3752 17.50      86   86    85    26     3734    209     1    26    67    84    26       94  250904  2357234 
 3763 17.70      86   86    10     3     3744    199     0     3    67    87     3       97  250904  2357237 
 3941 21.00      88   88   168    59     3912     31     3    59    70   146    59      156  250907  2357296 
 3971 21.00      88   86    28    11     3940      3     1    11    71   157    11      166  250908  2357307 
 3974 21.12      88   86     3     1     3943      0     0     1    71   158     1      168  250908  2357308 
 4000 22.12      87   86    27    11     3967    -24     1    11    72   167    11      177  250909  2357317 
 4023 23.00      86   86    48    19     3988    -45     1    19    72   176    19      186  250909  2357326 
 4113 24.00      81   81    83    36     4071   -128     4    36    76   212    36      222  250913  2357362 
 4205 24.50      83   83    84    38     4155   -212     5    37    81   249    38      259  250918  2357399 
 4453 25.50      87   87   225   105     4380   -437     9   104    91   353   104      364  250928  2357503 
 4500 25.69      86   86    42    20     4422   -479     1    20    92   374    20      384  250929  2357524 
 4580 26.00      84   84   114    55     4494   -551     4    55    95   408    55      419  250932  2357558 
 4704 26.00      84   84   111    54     4605   -662     6    54   101   463    54      473  250938  2357613 
 5000 19.85      84   89   273   115     4878   -935     7   115   107   578   115      588  250944  2357728 
 5069 18.42      85   90    65    23     4943  -1000     0    23   108   600    22      610  250945  2357750 
 5330 13.00      85   95   590   209     5196  -1253     2   209   102   671   206      679  250939  2357821 
 5400 13.00      85   95    68    16     5264  -1321    -1    16   101   687    15      694  250938  2357837 
 5500 13.00      85   95   166    38     5361  -1418    -3    38    99   710    37      716  250936  2357860 
 5550 13.00      85   95    49    11     5410  -1467    -1    11    98   721    11      727  250935  2357871 
 5620 13.00      85   95    68    16     5478  -1535    -1    16    97   736    15      742  250934  2357886 
 5690 13.00      85   95    68    16     5546  -1603    -1    16    95   752    15      757  250932  2357902 
 5700 13.00      85   95   195    45     5556  -1613    -4    45    95   754    43      759  250932  2357904 
 6000 13.00      85   95   292    67     5848  -1905    -6    67    89   822    65      825  250926  2357972 
 6097 13.00      85   95    95    22     5943  -2000    -2    22    87   843    21      846  250924  2357993 
 6500 13.00      85   95   487   112     6336  -2393   -10   112    79   934   109      933  250916  2358084 
 6714 13.00      85   95  1349   311     6544  -2601   -27   310    75   982   301      980  250912  2358132 
                                                                                                             
                                                                                                             
                                                                                                             
                                                                                                             
                                                                                                             
                                                                                                             
                                                                                                             
                                                                                                             
                                                                                                             
                                                                                                             
                                                                                                             
                                                                                                             
                                                                                                             
                                                                                                             
                                                                                                             
                                                                                                             
                                                                                                             
                                                                                                             
                                                                                                             
                                                                                                             
                                                                                                             
                                                                                                             
                                                                                                             
                                                                                                             
                                                                                                             
                                                                                                             
                                                                                                             
                                                                                                             
                                                                                                             
                                                                                                             
                                                                                                             
                                                                                                             
                                                                                                             
                                                                                                             
                                                                                                             
                                                                                                             
                                                                                                             
                                                                                                             
                                                                                                             
                                                                                                             
                                                                                                             
                                                                                                             
                                                                                                             
                                                                                                             
                                                                                                             
                                                                                                             
                                                                                                             
                                                                                                             
                                                                                                             
                                                                                                             
                                                                                                             
                                                                                                             
                                                                                                             
                                                                                                             
                                                                                                             
                                                                                                             
                                                                                                             
                                                                                                             
                                                                                                             
                                                                                                             
                                                                                                             
                                                                                                             
                                                                                                             
                                                                                                             
                                                                                                             
                                                                                                             
                                                                                                             
                                                                                                             
                                                                                                             
                                                                                                             
                                                                                                             
                                                                                                             
                                                                                                             
                                                                                                             
                                                                                                             
                                                                                                             
                                                                                                             
                                                                                                             
                                                                                                             
                                                                                                             
                                                                                                             
                                                                                                             
                                                                                                             
                                                                                                             
                                                                                                             
                                                                                                             
                                                                                                             
                                                                                                             
                                                                                                             
                                                                                                             
                                                                                                             
                                                                                                             
                                                                                                             
                                                                                                             
                                                                                                             
                                                                                                             
                                                                                                             
                                                                                                             
                                                                                                             
                                                                                                             
                                                                                                             
                                                                                                             
                                                                                                             
                                                                                                             
                                                                                                             
                                                                                                             
                                                                                                             
                                                                                                             
                                                                                                             
                                                                                                             
                                                                                                             
                                                                                                             
                                                                                                             
                                                                                                             
                                                                                                             
                                                                                                             
                                                                                                             
                                                                                                             
                                                                                                             
                                                                                                             
                                                                                                             
                                                                                                             
                                                                                                             
                                                                                                             
                                                                                                             
                                                                                                             
                                                                                                             
                                                                                                             
                                                                                                             
                                                                                                             
                                                                                                             
                                                                                                             
                                                                                                             
                                                                                                             
                                                                                                             
                                                                                                             
                                                                                                             
                                                                                                             
                                                                                                             
                                                                                                             
                                                                                                             
                                                                                                             
                                                                                                             
                                                                                                             
                                                                                                             
                                                                                                             
                                                                                                             
