      WELL DATA SUMMARY                                                                                      
            
Well  NAVY II 64-16 
                         
Sec Az  280 N 80 W  
Elev   3663 KB      
CoordsNorth  252978 East              2364253 
                         Course               
  MD  Drift Drift D. AzimLength  DH     TVD     SSD    DNS   DEW   N-S   E-W  DSec    Sec     N-LAM E-LAM    
_____________________________________________________________________________________________________________
                                                                                                             
    0  0.00      26   26                        3663     0     0     0     0     0        0  252978  2364253 
  155  1.00      26   26   155     1      155   3508     1     1     1     1     0        0  252979  2364254 
  283  1.00      34   34   128     2      283   3380     2     1     3     2    -1       -1  252981  2364255 
  448  1.75      57   57   165     4      448   3215     3     3     6     5    -2       -3  252984  2364258 
  500  1.85      56   56    52     2      500   3163     1     1     7     6    -1       -5  252985  2364259 
  581  2.00      55   55   133     4      581   3082     2     4     8     8    -3       -7  252986  2364261 
  611  1.25      88   88    30     1      611   3052     0     1     9     9    -1       -7  252987  2364262 
  663  0.83      64   64    52     1      663   3000     0     1     9    10    -1       -8  252987  2364263 
  673  0.75      59   59    62     1      673   2990     0     1     9    10    -1       -8  252987  2364263 
  737  1.75      59   59    64     1      737   2926     1     1    10    11    -1       -9  252988  2364264 
  814  1.00      88   88    77     2      814   2849     1     2    10    13    -2      -11  252988  2364266 
  878  1.50      85   85    64     1      878   2785     0     1    10    14    -1      -12  252988  2364267 
  980  1.25      87   87   102     2      980   2683     0     2    10    17    -2      -15  252988  2364270 
 1000  1.30      86   90    20     0     1000   2663     0     0    10    17     0      -15  252988  2364270 
 1074  1.50      81   99    94     2     1074   2589     0     2    10    19    -2      -17  252988  2364272 
 1157  1.50      71  109    83     2     1157   2506    -1     2    10    21    -2      -19  252988  2364274 
 1246  0.75      61  119    89     2     1246   2417    -1     2     9    23    -2      -21  252987  2364276 
 1354  1.25      85   95   108     2     1354   2309    -1     2     9    25    -2      -23  252987  2364278 
 1432  1.00      70  110    78     2     1432   2231     0     1     8    26    -2      -24  252986  2364279 
 1500  0.63      57  123    68     1     1500   2163     0     1     8    27    -1      -25  252986  2364280 
 1524  0.50      52  128    92     1     1524   2139    -1     1     8    27    -1      -25  252986  2364280 
 1617  0.75      80  100    93     1     1617   2046     0     1     7    28    -1      -26  252985  2364281 
 1663  0.89      58  122    46     1     1663   2000     0     1     7    29    -1      -27  252985  2364282 
 1701  1.00      40  140    84     1     1701   1962    -1     1     7    29    -1      -28  252985  2364282 
 1829  1.25      29  209   128     3     1829   1834    -3     0     4    29    -1      -28  252982  2364282 
 1860  1.25      59  239    31     1     1860   1803     0     0     4    29     0      -28  252982  2364282 
 1892  2.00      74  254    32     1     1892   1771     0    -1     3    28     1      -27  252981  2364281 
 1923  2.50      80  260    31     1     1923   1740     0    -1     3    27     1      -26  252981  2364280 
 1954  3.00      89  271    31     1     1954   1709     0    -1     3    25     1      -25  252981  2364278 
 2000  3.80      85  266    46     3     1999   1664     0    -3     3    23     3      -22  252981  2364276 
 2040  4.50      82  262    86     6     2039   1624     0    -6     2    20     5      -19  252980  2364273 
 2108  5.25      89  271    68     6     2107   1556     0    -6     2    14     6      -13  252980  2364267 
 2171  5.25      85  265    63     6     2170   1493     0    -6     2     8     6       -8  252980  2364261 
 2266  4.75      89  269    95     8     2264   1399     0    -8     1     0     8        0  252979  2364253 
 2323  4.50      81  261    57     5     2321   1342     0    -5     1    -5     4        5  252979  2364248 
 2469  5.50      78  258   145    13     2467   1196    -2   -13    -1   -17    12       17  252977  2364236 
 2500  5.94      82  262    31     3     2498   1165    -1    -3    -2   -20     3       20  252976  2364233 
 2504  6.00      82  262    35     4     2502   1161    -1    -3    -2   -21     3       20  252976  2364232 
 2569  6.00      84  276    65     7     2566   1097     0    -7    -2   -27     7       27  252976  2364226 
 2629  7.25      78  282    60     7     2626   1037     1    -7    -1   -34     7       34  252977  2364219 
 2660  8.00      79  281    31     4     2657   1006     1    -4     0   -38     4       38  252978  2364215 
 2667  8.17      79  281     7     1     2663   1000     0    -1     0   -39     1       39  252978  2364214 
 2691  8.75      78  282    31     5     2687    976     1    -4     1   -43     5       42  252979  2364210 
 2760 10.25      75  285    68    11     2755    908     3   -11     4   -54    11       54  252982  2364199 
 2822 10.50      71  289    61    11     2816    847     3   -11     7   -64    11       65  252985  2364189 
 2854 10.45      76  284    31     6     2848    815     2    -6     8   -70     6       70  252986  2364183 
 2900 11.25      75  285    45     9     2893    770     2    -8    11   -78     9       79  252989  2364175 
 2962 11.50      76  284    61    12     2954    709     3   -12    14   -90    12       91  252992  2364163 
 2972 12.00      78  282    10     2     2963    700     0    -2    14   -92     2       93  252992  2364161 
 3000 12.47      78  282    27     6     2991    672     1    -6    15   -98     6       99  252993  2364155 
 3002 12.50      78  282    29     6     2993    670     1    -6    15   -98     6      100  252993  2364155 
 3065 13.00      77  283    61    14     3054    609     3   -14    18  -112    14      113  252996  2364141 
 3097 13.50      79  281    31     7     3085    578     2    -7    20  -119     7      121  252998  2364134 
 3129 14.25      80  280    31     8     3116    547     1    -8    21  -127     8      128  252999  2364126 
 3170 15.00      80  280    40    10     3156    507     2   -10    23  -137    10      139  253001  2364116 
 3202 15.50      80  280    31     8     3187    476     1    -8    25  -145     8      147  253003  2364108 
 3292 18.00      85  275    86    26     3273    390     3   -26    28  -171    26      173  253006  2364082 
 3380 18.75      85  275    84    28     3357    306     2   -28    30  -199    28      201  253008  2364054 
 3441 19.00      85  275    58    20     3414    249     2   -20    32  -218    20      220  253010  2364035 
 3500 20.52      85  275    56    20     3470    193     2   -20    34  -238    20      240  253012  2364015 
 3509 20.75      85  275    64    23     3478    185     2   -23    34  -241    23      243  253012  2364012 
 3602 21.75      84  276    87    34     3565     98     3   -34    37  -275    34      277  253015  2363978 
 3706 22.00      81  279    97    39     3662      1     5   -38    42  -313    39      316  253020  2363940 
 3708 22.00      81  279     2     1     3663      0     0    -1    43  -314     1      317  253021  2363939 
 3801 22.00      84  276    88    36     3750    -87     5   -35    47  -348    36      351  253025  2363905 
 3894 22.00      82  278    86    35     3836   -173     4   -35    51  -383    35      386  253029  2363870 
 3988 22.00      83  277    87    35     3923   -260     5   -35    56  -418    35      421  253034  2363835 
 4000 22.00      83  277    11     4     3934   -271     1    -4    56  -422     4      426  253034  2363831 
 4081 22.00      83  277    86    35     4009   -346     4   -35    60  -453    35      456  253038  2363800 
 4267 21.25      83  277   173    69     4182   -519     8   -68    69  -521    68      525  253047  2363732 
 4360 21.00      81  279    87    34     4269   -606     5   -33    73  -554    33      558  253051  2363699 
 4500 21.82      81  279   130    51     4399   -736     8   -50    81  -604    51      609  253059  2363649 
 4531 22.00      81  279   159    63     4428   -765    10   -62    83  -616    63      621  253061  2363637 
 4626 21.50      81  279    88    35     4516   -853     6   -35    89  -650    35      656  253067  2363603 
 4720 22.00      80  280    87    35     4604   -941     6   -34    94  -685    35      691  253072  2363568 
 4784 22.34      80  280    59    24     4663  -1000     4   -24    98  -709    24      715  253076  2363544 
 4814 22.50      80  280    87    36     4691  -1028     6   -35   100  -720    36      726  253078  2363533 
 4918 22.50      82  278    96    40     4787  -1124     6   -39   107  -759    40      766  253085  2363494 
 5000 22.00      80  280    76    31     4862  -1199     5   -31   112  -790    31      797  253090  2363463 
 5093 21.50      80  280    86    34     4949  -1286     6   -34   118  -824    34      832  253096  2363429 
 5185 21.50      79  281    86    34     5034  -1371     6   -33   124  -857    34      865  253102  2363396 
 5282 21.50      81  279    90    36     5125  -1462     6   -35   130  -892    36      901  253108  2363361 
 5377 21.00      81  279    89    34     5213  -1550     5   -34   135  -926    34      935  253113  2363327 
 5469 21.25      82  278    86    33     5299  -1636     5   -33   140  -959    33      968  253118  2363294 
 5500 21.25      81  279    29    11     5328  -1665     2   -11   142  -970    11      980  253120  2363283 
 5561 21.25      80  280    86    33     5385  -1722     5   -33   145  -992    33     1002  253123  2363261 
 5719 20.00      78  282   148    56     5533  -1870    11   -55   156 -1046    56     1057  253134  2363207 
 5812 19.00      80  280    88    31     5620  -1957     6   -30   162 -1077    31     1089  253140  2363176 
 5857 19.50      80  281    42    15     5663  -2000     3   -15   165 -1091    15     1103  253143  2363162 
 5902 20.00      79  281    85    30     5705  -2042     5   -30   167 -1106    30     1119  253145  2363147 
 5997 20.50      78  282    89    33     5794  -2131     7   -32   174 -1139    33     1151  253152  2363114 
 6000 20.55      78  282     3     1     5797  -2134     0    -1   174 -1140     1     1152  253152  2363113 
 6091 22.00      77  283    88    34     5882  -2219     7   -33   181 -1172    34     1185  253159  2363081 
 6185 23.00      77  283    87    36     5969  -2306     8   -35   189 -1207    36     1221  253167  2363046 
 6278 23.50      75  285    85    37     6054  -2391     9   -36   198 -1242    37     1258  253176  2363011 
 6372 24.00      78  282    86    38     6140  -2477     9   -37   207 -1279    38     1296  253185  2362974 
 6500 23.56      76  284   117    52     6257  -2594    12   -50   219 -1330    52     1347  253197  2362923 
 6517 23.50      76  284   133    58     6273  -2610    13   -57   220 -1336    58     1354  253198  2362917 
 6611 23.00      75  285    86    37     6359  -2696     9   -36   230 -1372    37     1391  253208  2362881 
 6705 22.25      76  284    87    36     6446  -2783     9   -35   239 -1407    36     1427  253217  2362846 
 6798 22.00      76  284    86    35     6532  -2869     8   -34   247 -1441    35     1462  253225  2362812 
 6922 21.50      75  285   115    46     6647  -2984    12   -44   259 -1486    46     1508  253237  2362767 
 6939 21.45      75  285    16     6     6663  -3000     2    -6   260 -1492     6     1514  253238  2362761 
 7000 21.29      75  285    73    28     6720  -3057     7   -27   266 -1513    28     1536  253244  2362740 
 7108 21.00      74  286   173    67     6821  -3158    18   -65   277 -1551    67     1575  253255  2362702 
 7255 21.50      77  283   137    53     6958  -3295    13   -52   290 -1602    53     1628  253268  2362651 
 7380 22.75      80  280   116    47     7074  -3411     9   -46   299 -1648    47     1675  253277  2362605 
 7500 24.91      80  280   110    48     7183  -3520     8   -48   308 -1696    48     1724  253286  2362557 
 7505 25.00      80  280   114    51     7188  -3525     9   -50   308 -1698    51     1726  253286  2362555 
 7599 26.00      82  278    85    40     7273  -3610     6   -40   314 -1738    40     1766  253292  2362515 
 7744 28.50      89  271   129    66     7402  -3739     5   -66   320 -1804    66     1832  253298  2362449 
 7873 27.00      88  272   114    60     7516  -3853     2   -60   321 -1864    59     1892  253299  2362389 
 8000 25.37      88  272   114    56     7630  -3967     2   -56   323 -1920    55     1947  253301  2362333 
 8029 25.00      88  272   140    68     7656  -3993     2   -68   324 -1933    68     1959  253302  2362320 
 8037 24.89      88  272     7     3     7663  -4000     0    -3   324 -1936     3     1963  253302  2362317 
 8215 22.50      90  270   170    75     7826  -4163     1   -75   325 -2008    74     2033  253303  2362245 
 8298 20.50      88  272    77    30     7904  -4241     1   -30   325 -2038    30     2063  253303  2362215 
 8386 19.05      89  271    83    30     7986  -4323     1   -30   326 -2068    29     2093  253304  2362185 
 8435 18.25      89  271   129    45     8033  -4370     1   -45   327 -2083    45     2108  253305  2362170 
 8500 17.52      89  271    62    20     8095  -4432     0   -20   327 -2103    20     2128  253305  2362150 
 8591 16.50      90  270   149    47     8182  -4519     0   -47   327 -2130    46     2154  253305  2362123 
 8750 13.00      86  274   154    40     8335  -4672     1   -40   328 -2170    40     2194  253306  2362083 
 8830 12.25      86  274    78    17     8413  -4750     1   -17   330 -2188    17     2212  253308  2362065 
 9000 10.66      86  274   167    34     8580  -4917     2   -34   332 -2222    34     2245  253310  2362031 
 9084  9.87      86  274    83    15     8663  -5000     1   -15   333 -2236    15     2260  253311  2362017 
 9160  9.16      86  274   402    79     8738  -5075     5   -79   334 -2249    78     2273  253312  2362004 
 9337  7.50      86  274   578   104     8913  -5250     7  -104   336 -2275   104     2298  253314  2361978 
 9390  6.79      86  274    53     7     8966  -5303     0    -7   336 -2281     7     2305  253314  2361972 
 9500  5.33      86  274   109    12     9075  -5412     1   -12   337 -2293    12     2316  253315  2361960 
 9600  4.00      86  274   262    26     9175  -5512     2   -26   338 -2301    26     2325  253316  2361952 
 9830  2.47      86  274   230    13     9404  -5741     1   -13   338 -2314    13     2337  253316  2361939 
 9900  2.00      86  274   561    47     9474  -5811     3   -47   339 -2321    46     2345  253317  2361932 
10000  1.65      83  277   100     3     9574  -5911     0    -3   339 -2324     3     2348  253317  2361929 
10089  1.34      81  279    89     2     9663  -6000     0    -2   340 -2327     2     2350  253318  2361926 
10262  0.73      76  284   362     9     9836  -6173     1    -9   340 -2330     9     2353  253318  2361923 
10400  0.25      72  288   500    10     9974  -6311     2   -10   341 -2331    10     2355  253319  2361922 
10455  0.25      72  288    55     0    10029  -6366     0     0   341 -2331     0     2355  253319  2361922 
                                                                                                             
                                                                                                             
                                                                                                             
                                                                                                             
                                                                                                             
                                                                                                             
                                                                                                             
                                                                                                             
                                                                                                             
                                                                                                             
                                                                                                             
                                                                                                             
                                                                                                             
                                                                                                             
                                                                                                             
                                                                                                             
                                                                                                             
                                                                                                             
                                                                                                             
                                                                                                             
                                                                                                             
                                                                                                             
                                                                                                             
                                                                                                             
                                                                                                             
                                                                                                             
                                                                                                             
                                                                                                             
                                                                                                             
                                                                                                             
                                                                                                             
                                                                                                             
                                                                                                             
                                                                                                             
                                                                                                             
                                                                                                             
                                                                                                             
                                                                                                             
                                                                                                             
                                                                                                             
                                                                                                             
                                                                                                             
                                                                                                             
                                                                                                             
                                                                                                             
                                                                                                             
                                                                                                             
                                                                                                             
                                                                                                             
                                                                                                             
                                                                                                             
                                                                                                             
                                                                                                             
                                                                                                             
                                                                                                             
                                                                                                             
                                                                                                             
                                                                                                             
                                                                                                             
                                                                                                             
                                                                                                             
                                                                                                             
                                                                                                             
                                                                                                             
                                                                                                             
                                                                                                             
                                                                                                             
                                                                                                             
                                                                                                             
                                                                                                             
                                                                                                             
                                                                                                             
                                                                                                             
                                                                                                             
                                                                                                             
                                                                                                             
                                                                                                             
                                                                                                             
                                                                                                             
                                                                                                             
                                                                                                             
                                                                                                             
                                                                                                             
                                                                                                             
                                                                                                             
                                                                                                             
