      WELL DATA SUMMARY                                                                                      
            
Well  NAVY II 65A-18
                         
Sec Az  210 S 30 W  
Elev   4139 KB      
CoordsNorth  251985 East              2353499 
                         Course               
  MD  Drift Drift D. AzimLength  DH     TVD     SSD    DNS   DEW   N-S   E-W  DSec    Sec     N-LAM E-LAM    
_____________________________________________________________________________________________________________
                                                                                                             
    0  0.00      72   72                        4139     0     0     0     0     0        0  251985  2353499 
  139  0.98      72   72   139     1      139   4000     0     1     0     1    -1       -1  251985  2353500 
  142  1.00      72   72   142     1      142   3997     0     1     0     1    -1       -1  251985  2353500 
  294  2.00      72   72   152     4      294   3845     1     4     2     5    -3       -4  251987  2353504 
  450  2.25      72   72   156     6      450   3689     2     6     3    10    -4       -8  251988  2353509 
  500  2.02      70   70    50     2      500   3639     1     2     4    12    -1      -10  251989  2353511 
  561  1.75      67   67   111     4      561   3578     1     4     5    14    -3      -11  251990  2353513 
  713  1.50      65   65   152     4      713   3426     2     4     7    18    -3      -15  251992  2353517 
  808  1.75      58   58    95     3      808   3331     1     2     8    20    -2      -17  251993  2353519 
  902  1.75      62   62    94     3      902   3237     1     2     9    23    -2      -19  251994  2353522 
 1000  1.87      58   58    98     3     1000   3139     2     3    11    26    -3      -22  251996  2353525 
 1140  2.03      53   53   140     5     1139   3000     3     4    13    29    -4      -26  251998  2353528 
 1112  2.00      54   54   210     7     1112   3027     4     6    13    29    -6      -26  251998  2353528 
 1236  2.00      59   59   124     4     1235   2904     2     4    15    32    -4      -29  252000  2353531 
 1303  1.50      88   88    67     2     1302   2837     1     2    16    34    -1      -31  252001  2353533 
 1335  1.00      56  124    32     1     1334   2805     0     1    16    35     0      -31  252001  2353534 
 1366  1.25       9  171    31     1     1365   2774    -1     0    15    35     0      -31  252000  2353534 
 1398  2.00       4  184    32     1     1397   2742    -1     0    14    35     1      -30  251999  2353534 
 1429  2.75      10  190    31     1     1428   2711    -1     0    13    35     1      -29  251998  2353534 
 1460  3.50      12  192    31     2     1459   2680    -2     0    11    35     2      -27  251996  2353534 
 1491  4.00      15  195    31     2     1490   2649    -2     0     9    34     2      -25  251994  2353533 
 1500  4.07      18  198     9     1     1499   2640    -1     0     9    34     1      -25  251994  2353533 
 1522  4.25      26  206    31     2     1521   2618    -2    -1     7    34     2      -23  251992  2353533 
 1554  5.00      31  211    32     3     1553   2586    -2    -1     5    32     3      -20  251990  2353531 
 1674  6.25      26  206   119    12     1672   2467   -10    -6    -5    27    12       -9  251980  2353526 
 1767  6.50      31  211    92    10     1765   2374    -9    -5   -14    22    10        2  251971  2353521 
 1923  7.50      41  221   155    19     1920   2219   -15   -11   -30    11    19       21  251955  2353510 
 2000  8.70      41  221    76    11     1996   2143    -8    -7   -38     4    11       31  251947  2353503 
 2019  9.00      41  221    95    14     2015   2124   -10    -9   -40     2    14       34  251945  2353501 
 2112  9.50      40  220    92    15     2107   2032   -11   -10   -52    -8    15       49  251933  2353491 
 2145 10.03      40  220    33     6     2139   2000    -4    -4   -56   -12     6       54  251929  2353487 
 2206 11.00      39  219    92    17     2199   1940   -13   -11   -64   -19    16       65  251921  2353480 
 2269 12.50      39  219    62    13     2261   1878   -10    -8   -74   -27    13       78  251911  2353472 
 2336 13.00      41  221    65    15     2326   1813   -11   -10   -86   -36    15       92  251899  2353463 
 2430 13.25      41  221    92    21     2418   1721   -16   -14  -102   -50    21      113  251883  2353449 
 2500 13.25      40  220    68    16     2486   1653   -12   -10  -114   -61    16      129  251871  2353438 
 2513 13.25      40  220    81    19     2498   1641   -14   -12  -116   -63    19      132  251869  2353436 
 2606 13.25      41  221    91    21     2589   1550   -16   -14  -133   -77    21      153  251852  2353422 
 2804 13.25      40  220   193    45     2782   1357   -35   -29  -167  -106    45      198  251818  2353393 
 2899 13.25      43  223    92    22     2874   1265   -16   -14  -183  -120    21      219  251802  2353379 
 2962 13.00      43  223    61    14     2935   1204   -10   -10  -194  -130    14      233  251791  2353369 
 3000 13.00      42  222    37     9     2973   1166    -6    -6  -200  -136     8      241  251785  2353363 
 3023 13.00      41  221    59    14     2995   1144   -10    -9  -204  -139    13      246  251781  2353360 
 3089 13.00      31  211    64    15     3059   1080   -12    -9  -216  -148    15      261  251769  2353351 
 3117 13.00      27  207    27     6     3087   1052    -6    -3  -222  -151     6      267  251763  2353348 
 3171 13.15      27  207    53    12     3139   1000   -11    -6  -232  -157    12      280  251753  2353342 
 3210 13.25      27  207    91    21     3177    962   -19   -10  -240  -161    21      289  251745  2353338 
 3304 13.25      25  205    91    22     3269    870   -19    -9  -260  -170    21      310  251725  2353329 
 3397 13.25      22  202   182    43     3359    780   -39   -18  -279  -179    43      331  251706  2353320 
 3491 13.25      24  204    91    22     3451    688   -20    -8  -299  -187    21      353  251686  2353312 
 3500 13.30      24  204     9     2     3459    680    -2    -1  -301  -188     2      355  251684  2353311 
 3586 13.75      24  204    92    22     3543    596   -20    -9  -319  -196    22      375  251666  2353303 
 3678 14.00      24  204    89    22     3632    507   -20    -9  -340  -205    22      397  251645  2353294 
 3804 13.25      22  202   122    30     3755    384   -27   -12  -367  -217    29      426  251618  2353282 
 3899 13.00      21  201    93    22     3847    292   -20    -8  -387  -224    21      447  251598  2353275 
 3993 13.00      22  202    92    21     3939    200   -20    -8  -407  -232    21      468  251578  2353267 
 4000 13.00      22  202     7     2     3946    193    -1    -1  -408  -233     2      470  251577  2353266 
 4087 13.00      24  204    92    21     4030    109   -19    -8  -426  -240    21      489  251559  2353259 
 4180 12.75      22  202    91    21     4121     18   -19    -8  -445  -249    21      510  251540  2353250 
 4198 12.70      22  202    18     4     4139      0    -4    -1  -449  -250     4      514  251536  2353249 
 4275 12.50      24  204    93    21     4214    -75   -19    -8  -464  -257    21      530  251521  2353242 
 4367 12.25      22  202    90    20     4304   -165   -18    -8  -483  -264    20      550  251502  2353235 
 4424 12.36      23  203    56    12     4359   -220   -11    -5  -494  -269    12      562  251491  2353230 
 4494 12.50      24  204   124    27     4428   -289   -25   -11  -508  -275    27      577  251477  2353224 
 4500 12.51      24  204     6     1     4434   -295    -1    -1  -509  -276     1      578  251476  2353223 
 4618 12.75      25  205   121    27     4549   -410   -25   -11  -532  -286    27      604  251453  2353213 
 4743 13.25      25  205   122    28     4671   -532   -25   -12  -558  -298    28      632  251427  2353201 
 4837 13.00      25  205    92    21     4762   -623   -19    -9  -577  -307    21      653  251408  2353192 
 4931 13.50      26  206    91    22     4854   -715   -19    -9  -596  -316    21      675  251389  2353183 
 5000 13.50      25  205    67    16     4921   -782   -15    -7  -611  -323    16      691  251374  2353176 
 5022 13.50      25  205    88    21     4942   -803   -19    -9  -616  -326    21      696  251369  2353173 
 5148 13.25      27  207   123    29     5065   -926   -26   -13  -642  -338    29      725  251343  2353161 
 5224 13.10      26  206    74    17     5139  -1000   -16    -8  -657  -346    17      742  251328  2353153 
 5273 13.00      25  205   122    28     5186  -1047   -26   -12  -667  -351    28      753  251318  2353148 
 5365 12.75      25  205    90    20     5276  -1137   -19    -9  -686  -359    20      774  251299  2353140 
 5457 13.00      25  205    90    20     5366  -1227   -19    -9  -705  -368    20      794  251280  2353131 
 5500 13.00      26  206    42    10     5408  -1269    -9    -4  -713  -372    10      804  251272  2353127 
 5581 13.00      27  207   121    28     5487  -1348   -25   -12  -730  -380    28      822  251255  2353119 
 5706 13.00      29  209   122    28     5608  -1469   -25   -13  -754  -394    28      850  251231  2353105 
 5830 12.75      29  209   121    28     5729  -1590   -24   -13  -779  -407    28      878  251206  2353092 
 5956 12.75      27  207   123    28     5852  -1713   -25   -13  -803  -420    28      906  251182  2353079 
 5985 12.63      27  207    28     6     5880  -1741    -6    -3  -809  -423     6      912  251176  2353076 
 6000 12.57      27  207    43    10     5895  -1756    -9    -4  -812  -424    10      915  251173  2353075 
 6079 12.25      28  208   120    27     5972  -1833   -24   -12  -827  -432    27      932  251158  2353067 
 6206 12.25      30  210   124    27     6096  -1957   -24   -13  -850  -445    27      959  251135  2353054 
 6250 12.08      31  211    43     9     6139  -2000    -8    -5  -858  -450     9      968  251127  2353049 
 6332 11.75      34  214   123    26     6220  -2081   -22   -14  -873  -459    26      985  251112  2353040 
 6455 11.25      34  214   121    25     6340  -2201   -20   -14  -893  -473    24     1010  251092  2353026 
 6500 11.61      37  217    44     9     6384  -2245    -7    -5  -900  -478     9     1019  251085  2353021 
 6579 12.25      41  221   121    25     6461  -2322   -20   -15  -913  -488    25     1035  251072  2353011 
 6703 11.75      41  221   121    26     6583  -2444   -19   -17  -932  -505    25     1060  251053  2352994 
 6827 11.75      41  221   121    25     6704  -2565   -19   -17  -951  -522    25     1085  251034  2352977 
 6945 11.00      38  218   116    23     6820  -2681   -18   -15  -969  -537    23     1108  251016  2352962 
 6983 11.25      33  213    37     7     6857  -2718    -6    -4  -975  -541     7     1115  251010  2352958 
 7000 11.25      31  211    17     3     6874  -2735    -3    -2  -978  -543     3     1118  251007  2352956 
 7014 11.25      29  209    30     6     6888  -2749    -5    -3  -981  -544     6     1121  251004  2352955 
 7078 12.00      23  203    63    13     6950  -2811   -12    -6  -992  -550    13     1134  250993  2352949 
 7137 11.25      17  197    58    12     7008  -2869   -11    -4 -1003  -554    12     1146  250982  2352945 
 7229 11.25      17  197    90    18     7098  -2959   -17    -5 -1020  -559    17     1163  250965  2352940 
 7271 11.03      17  197    41     8     7139  -3000    -8    -2 -1028  -561     8     1171  250957  2352938 
 7324 10.75      18  198    93    18     7192  -3053   -17    -5 -1038  -564    18     1181  250947  2352935 
 7415 11.00      18  198    89    17     7281  -3142   -16    -5 -1054  -570    17     1198  250931  2352929 
 7500 10.54      20  200    84    16     7364  -3225   -15    -5 -1069  -575    16     1213  250916  2352924 
 7508 10.50      20  200    91    17     7372  -3233   -16    -6 -1070  -575    17     1215  250915  2352924 
 7602 11.00      21  201    92    18     7465  -3326   -16    -6 -1087  -581    17     1232  250898  2352918 
 7696 12.75      22  202    92    19     7557  -3418   -18    -7 -1105  -589    19     1251  250880  2352910 
 7758 12.75      22  202    60    14     7617  -3478   -13    -5 -1118  -594    14     1265  250867  2352905 
 7820 12.50      23  203    61    14     7678  -3539   -13    -5 -1130  -599    13     1278  250855  2352900 
 7881 12.50      24  204    60    13     7737  -3598   -12    -5 -1142  -604    13     1291  250843  2352895 
 7884 12.50      24  204    62    14     7740  -3601   -13    -6 -1143  -604    14     1292  250842  2352895 
 7950 12.50      28  208    64    14     7804  -3665   -13    -6 -1156  -611    14     1306  250829  2352888 
 7977 12.50      30  210    91    20     7831  -3692   -18    -9 -1161  -614    20     1312  250824  2352885 
 8000 12.61      31  211    22     5     7853  -3714    -4    -3 -1165  -616     5     1317  250820  2352883 
 8031 12.75      33  213    53    12     7884  -3745   -10    -6 -1171  -620    12     1324  250814  2352879 
 8081 12.75      33  213    49    11     7932  -3793    -9    -6 -1180  -626    11     1335  250805  2352873 
                                                                                                             
                                                                                                             
                                                                                                             
                                                                                                             
                                                                                                             
                                                                                                             
                                                                                                             
                                                                                                             
                                                                                                             
                                                                                                             
                                                                                                             
                                                                                                             
                                                                                                             
                                                                                                             
                                                                                                             
                                                                                                             
                                                                                                             
                                                                                                             
                                                                                                             
                                                                                                             
                                                                                                             
                                                                                                             
                                                                                                             
                                                                                                             
                                                                                                             
                                                                                                             
                                                                                                             
                                                                                                             
                                                                                                             
                                                                                                             
                                                                                                             
                                                                                                             
                                                                                                             
                                                                                                             
                                                                                                             
                                                                                                             
                                                                                                             
                                                                                                             
                                                                                                             
                                                                                                             
                                                                                                             
                                                                                                             
                                                                                                             
                                                                                                             
                                                                                                             
                                                                                                             
                                                                                                             
                                                                                                             
                                                                                                             
                                                                                                             
                                                                                                             
                                                                                                             
                                                                                                             
                                                                                                             
                                                                                                             
                                                                                                             
                                                                                                             
                                                                                                             
                                                                                                             
                                                                                                             
                                                                                                             
                                                                                                             
                                                                                                             
                                                                                                             
                                                                                                             
                                                                                                             
                                                                                                             
                                                                                                             
                                                                                                             
                                                                                                             
                                                                                                             
                                                                                                             
                                                                                                             
                                                                                                             
                                                                                                             
                                                                                                             
                                                                                                             
                                                                                                             
                                                                                                             
                                                                                                             
                                                                                                             
                                                                                                             
                                                                                                             
                                                                                                             
                                                                                                             
                                                                                                             
                                                                                                             
                                                                                                             
                                                                                                             
                                                                                                             
                                                                                                             
                                                                                                             
                                                                                                             
                                                                                                             
                                                                                                             
                                                                                                             
                                                                                                             
                                                                                                             
                                                                                                             
                                                                                                             
                                                                                                             
