      WELL DATA SUMMARY                                                                                      
            
Well  NAVY II 72B-18
                         
Sec Az    0 STRAIGHT HOLE
Elev   4207 KB      
CoordsNorth  254048 East              2354593 
                         Course               
  MD  Drift Drift D. AzimLength  DH     TVD     SSD    DNS   DEW   N-S   E-W  DSec    Sec     N-LAM E-LAM    
_____________________________________________________________________________________________________________
                                                                                                             
    0  0.00      48  312                        4207     0     0     0     0     0        0  254048  2354593 
  207  0.70      48  312   207     1      207   4000     1    -1     1    -1     1        1  254049  2354592 
  221  0.75      48  312   221     1      221   3986     1    -1     1    -1     1        1  254049  2354592 
  467  0.50      13  347   246     3      467   3740     2    -1     3    -2     2        3  254051  2354591 
  500  0.64      13  347    33     0      500   3707     0     0     4    -3     0        4  254052  2354590 
  583  1.00      13  347   116     2      583   3624     1     0     5    -3     1        5  254053  2354590 
  707  1.00       7  353   124     2      707   3500     2     0     7    -3     2        7  254055  2354590 
  833  1.25      15  345   126     2      833   3374     2     0     9    -4     2        9  254057  2354589 
  958  1.50      21  339   125     3      958   3249     3    -1    12    -5     3       12  254060  2354588 
 1000  1.59      17  343    42     1     1000   3207     1     0    13    -5     1       13  254061  2354588 
 1081  1.75      10  350   123     3     1081   3126     3    -1    16    -5     3       16  254064  2354588 
 1205  1.50      36  324   124     4     1205   3002     3    -1    19    -7     3       19  254067  2354586 
 1207  1.49      37  323     2     0     1207   3000     0     0    19    -7     0       19  254067  2354586 
 1360  0.75      88  272   155     3     1360   2847     1    -3    20   -10     1       20  254068  2354583 
 1485  0.75      69  249   125     2     1485   2722     0    -2    20   -11     0       20  254068  2354582 
 1500  0.78      70  250    15     0     1500   2707     0     0    20   -11     0       20  254068  2354582 
 1607  1.00      74  254   122     2     1607   2600    -1    -2    19   -13    -1       19  254067  2354580 
 1701  1.00      44  224    94     2     1701   2506    -1    -1    18   -14    -1       18  254066  2354579 
 1824  1.75      60  240   123     3     1824   2383    -2    -2    17   -17    -2       17  254065  2354576 
 1979  2.00      82  262   155     5     1979   2228    -2    -5    15   -21    -2       15  254063  2354572 
 2000  2.07      82  265    21     1     2000   2207     0    -1    15   -22     0       15  254063  2354571 
 2134  2.50      79  281   155     6     2133   2074     0    -6    15   -28     0       15  254063  2354565 
 2208  2.38      82  278    74     3     2207   2000     1    -3    16   -31     1       16  254064  2354562 
 2291  2.25      85  275   157     7     2290   1917     1    -6    16   -34     1       16  254064  2354559 
 2446  2.50      71  289   155     6     2445   1762     1    -6    17   -40     1       17  254065  2354553 
 2500  2.59      69  291    54     2     2499   1708     1    -2    18   -43     1       18  254066  2354550 
 2580  2.71      67  293    80     4     2579   1628     1    -3    20   -46     1       20  254068  2354547 
 2604  2.75      66  294   158     7     2603   1604     3    -7    20   -47     3       20  254068  2354546 
 2655  2.91      71  289    51     3     2654   1553     1    -2    21   -49     1       21  254069  2354544 
 2759  3.25      80  280   155     8     2758   1449     2    -8    22   -55     2       22  254070  2354538 
 2888  3.25      87  273   129     7     2887   1320     1    -7    23   -62     1       23  254071  2354531 
 3000  3.25      88  272   112     6     2998   1209     0    -6    24   -68     0       24  254072  2354525 
 3042  3.25      89  271   154     9     3040   1167     0    -9    24   -71     0       24  254072  2354522 
 3198  3.50      86  274   156     9     3196   1011     0    -9    24   -80     0       24  254072  2354513 
 3209  3.48      86  274    11     1     3207   1000     0    -1    24   -81     0       24  254072  2354512 
 3355  3.25      82  278   157     9     3353    854     1    -9    25   -89     1       25  254073  2354504 
 3500  3.25      82  278   145     8     3498    709     1    -8    26   -97     1       26  254074  2354496 
 3540  3.25      82  278   185    10     3538    669     1   -10    26   -99     1       26  254074  2354494 
 3579  3.25      82  278    39     2     3576    631     0    -2    27  -102     0       27  254075  2354491 
