      WELL DATA SUMMARY                                                                                      
            
Well  NAVY II 76A-18
                         
Sec Az   40 N 40 E  
Elev   4249 KB      
CoordsNorth  251410 East              2354237 
                         Course               
  MD  Drift Drift D. AzimLength  DH     TVD     SSD    DNS   DEW   N-S   E-W  DSec    Sec     N-LAM E-LAM    
_____________________________________________________________________________________________________________
                                                                                                             
    0  0.00       0  198                        4249     0     0     0     0     0        0  251410  2354237 
  164  1.25      18  198   164     2      164   4085    -2    -1    -2    -1    -2       -2  251408  2354236 
  249  1.44      65  245    85     2      249   4000    -1    -1    -3    -2    -2       -4  251407  2354235 
  275  1.50      79  259   111     3      275   3974    -2    -2    -3    -3    -3       -4  251407  2354234 
  485  1.75      64  244   210     6      485   3764    -2    -6    -5    -8    -5       -9  251405  2354229 
  500  1.80      66  246    15     0      500   3749     0     0    -6    -9     0      -10  251404  2354228 
  632  2.25      83  263   147     5      632   3617    -1    -5    -7   -13    -4      -14  251403  2354224 
  770  2.25      83  263   138     5      770   3479    -1    -5    -7   -18    -4      -18  251403  2354219 
  875  2.00      60  240   105     4      875   3374    -1    -4    -9   -22    -3      -21  251401  2354215 
 1000  2.25      61  241   125     5     1000   3249    -2    -4   -11   -26    -4      -25  251399  2354211 
 1157  1.75      70  250   157     5     1156   3093    -2    -5   -13   -31    -5      -30  251397  2354206 
 1188  1.50      70  250    31     1     1187   3062     0    -1   -14   -32    -1      -31  251396  2354205 
 1220  1.00      54  234    32     1     1219   3030     0    -1   -14   -33    -1      -32  251396  2354204 
 1250  0.76      77  257    30     0     1249   3000     0     0   -14   -33     0      -32  251396  2354204 
 1251  0.75      78  258    31     0     1250   2999     0     0   -14   -33     0      -32  251396  2354204 
 1282  0.25      74  254    31     0     1281   2968     0     0   -14   -33     0      -32  251396  2354204 
 1313  0.25      49   49    31     0     1312   2937     0     0   -14   -33     0      -32  251396  2354204 
 1344  0.75      44   44    31     0     1343   2906     0     0   -14   -33     0      -32  251396  2354204 
 1375  1.00      43   43    31     0     1374   2875     0     0   -14   -33     0      -32  251396  2354204 
 1405  1.25      29   29    30     1     1404   2845     0     0   -13   -32     1      -31  251397  2354205 
 1436  1.75      25   25    31     1     1435   2814     1     0   -13   -32     1      -30  251397  2354205 
 1467  2.00      25   25    31     1     1466   2783     1     0   -12   -32     1      -29  251398  2354205 
 1499  2.25      33   33    32     1     1498   2751     1     1   -11   -31     1      -28  251399  2354206 
 1500  2.25      33   33     1     0     1499   2750     0     0   -11   -31     0      -28  251399  2354206 
 1530  2.25      32   32    31     1     1529   2720     1     1   -10   -30     1      -27  251400  2354207 
 1561  2.75      37   37    31     1     1560   2689     1     1    -8   -30     1      -26  251402  2354207 
 1620  3.50      50   50    59     3     1619   2630     2     2    -6   -27     3      -22  251404  2354210 
 1755  2.75      42   42   135     7     1754   2495     5     5    -1   -22     7      -15  251409  2354215 
 1879  2.25      28   28   124     5     1878   2371     4     3     3   -19     5      -10  251413  2354218 
 2000  2.98       6    6   121     6     1999   2250     5     2     9   -17     5       -5  251419  2354220 
 2003  3.00       5    5   124     6     2002   2247     5     2     9   -17     5       -4  251419  2354220 
 2117  3.00       5  355   114    -6     2116   2133     6     0    15   -17     5        0  251425  2354220 
 2243  3.00       1    1   126    -7     2241   2008     7     0    21   -18     5        5  251431  2354219 
 2251  2.99       1    1     8     0     2249   2000     0     0    22   -18     0        5  251432  2354219 
 2380  2.75       2    2   137     7     2378   1871     7     0    28   -17     5       10  251438  2354220 
 2471  2.75      10   10    91     4     2469   1780     4     0    33   -17     4       14  251443  2354220 
 2500  3.15      14   14    29     1     2498   1751     1     0    34   -17     1       15  251444  2354220 
 2526  3.50      17   17    55     3     2524   1725     3     1    36   -16     3       17  251446  2354221 
 2558  4.00      29   29    32     2     2556   1693     2     1    37   -15     2       19  251447  2354222 
 2590  4.75      36   36    32     2     2588   1661     2     1    40   -14     2       21  251450  2354223 
 2621  5.50      41   41    31     3     2619   1630     2     2    42   -12     3       24  251452  2354225 
 2652  6.25      44   44    31     3     2650   1599     2     2    44   -10     3       27  251454  2354227 
 2716  7.50      46   46    64     8     2713   1536     5     5    49    -5     8       35  251459  2354232 
 2748  8.00      45   45    32     4     2745   1504     3     3    52    -2     4       39  251462  2354235 
 2809 10.00      41   41    60    10     2805   1444     7     7    59     5    10       49  251469  2354242 
 2871 11.00      41   41    61    11     2866   1383     9     7    68    12    11       60  251478  2354249 
 2934 12.00      42   42    62    13     2928   1321     9     8    77    20    13       72  251487  2354257 
 2995 12.75      40   40    60    13     2987   1262    10     9    87    29    13       86  251497  2354266 
 3000 12.85      40   40     5     1     2992   1257     1     1    88    30     1       87  251498  2354267 
 3058 14.00      39   39    61    15     3049   1200    11     9    99    38    15      100  251509  2354275 
 3165 14.52      38   38   104    26     3152   1097    21    16   119    55    26      126  251529  2354292 
 3213 14.75      38   38   150    38     3199   1050    30    24   129    62    38      139  251539  2354299 
 3265 14.89      38   38    50    13     3249   1000    10     8   139    70    13      152  251549  2354307 
 3305 15.00      38   38    89    24     3288    961    19    15   147    77    24      162  251557  2354314 
 3399 15.00      38   38    91    24     3379    870    19    15   166    92    24      186  251576  2354329 
 3491 15.50      35   35    89    24     3467    782    19    14   186   106    24      211  251596  2354343 
 3500 15.50      35   35     9     2     3476    773     2     1   188   108     2      213  251598  2354345 
 3584 15.50      35   35    90    25     3557    692    20    14   206   120    25      235  251616  2354357 
 3677 15.25      36   36    90    25     3647    602    20    14   226   135    25      260  251636  2354372 
 3771 16.00      36   36    91    25     3737    512    20    15   247   150    25      285  251657  2354387 
 3831 15.75      35   35    58    16     3795    454    13    10   260   159    16      302  251670  2354396 
 3893 16.00      36   36    60    17     3854    395    14    10   274   169    17      318  251684  2354406 
 3979 16.00      36   36    83    24     3937    312    19    14   293   183    24      342  251703  2354420 
 4000 16.00      36   36   103    29     3957    292    24    17   298   186    29      348  251708  2354423 
 4019 16.00      36   36   121    35     3976    273    28    20   302   189    35      353  251712  2354426 
 4145 15.49      35   35   121    34     4097    152    28    20   330   209    34      387  251740  2354446 
 4205 15.25      34   34   179    50     4155     94    41    29   343   218    50      403  251753  2354455 
 4298 15.00      35   35    90    24     4244      5    20    14   363   232    24      427  251773  2354469 
 4303 15.00      35   35     5     1     4249      0     1     1   364   233     1      428  251774  2354470 
 4392 15.00      34   34    91    24     4335    -86    20    14   383   246    24      451  251793  2354483 
 4482 14.25      34   34    87    23     4422   -173    19    13   402   258    23      474  251812  2354495 
 4500 14.20      34   34    17     4     4440   -191     4     2   406   261     4      478  251816  2354498 
 4530 14.13      34   34    29     7     4469   -220     6     4   412   265     7      486  251822  2354502 
 4578 14.00      34   34    93    23     4515   -266    19    13   421   271    23      497  251831  2354508 
 4672 13.00      33   33    91    22     4607   -358    18    12   440   284    22      519  251850  2354521 
 4825 13.00      30   30   149    34     4756   -507    29    18   469   302    34      553  251879  2354539 
 4920 12.75      32   32    93    21     4849   -600    18    11   487   312    21      574  251897  2354549 
 5000 12.54      32   32    78    18     4927   -678    15     9   502   322    17      591  251912  2354559 
 5014 12.50      32   32    92    21     4940   -691    17    11   505   323    20      594  251915  2354560 
 5108 12.50      29   29    92    20     5032   -783    18    10   522   334    20      614  251932  2354571 
 5202 12.25      30   30    92    20     5124   -875    18    10   540   344    20      634  251950  2354581 
 5231 12.25      30   30    28     6     5152   -903     5     3   545   347     6      640  251955  2354584 
 5297 12.26      29   29    93    20     5217   -968    18    10   557   354    20      654  251967  2354591 
 5330 11.90      29   29    32     7     5249  -1000     6     3   563   357     7      661  251973  2354594 
 5390 11.25      29   29    91    19     5308  -1059    17     9   574   363    19      673  251984  2354600 
 5485 12.00      29   29    93    19     5401  -1152    17     9   591   372    19      691  252001  2354609 
 5500 11.92      29   29    15     3     5415  -1166     3     2   593   374     3      695  252003  2354611 
 5580 11.50      29   29    93    19     5494  -1245    17     9   607   381    19      710  252017  2354618 
 5674 10.75      32   32    92    18     5586  -1337    16     9   623   391    18      728  252033  2354628 
 5768 10.75      29   29    92    18     5678  -1429    15     9   638   399    17      746  252048  2354636 
 5863 10.75      29   29    93    18     5772  -1523    15     9   654   408    17      763  252064  2354645 
 5957 11.00      27   27    92    18     5864  -1615    16     8   669   416    17      780  252079  2354653 
 6000 10.89      28   28    42     8     5906  -1657     7     4   677   420     8      788  252087  2354657 
 6052 10.75      29   29    93    18     5957  -1708    16     8   685   425    18      798  252095  2354662 
 6180 11.76      29   29   126    25     6083  -1834    22    12   707   437    25      822  252117  2354674 
 6189 11.83      29   29     9     2     6092  -1843     2     1   709   438     2      824  252119  2354675 
 6210 12.00      29   29   155    31     6112  -1863    27    15   712   440    31      829  252122  2354677 
 6214 12.00      29   29     4     1     6116  -1867     1     0   713   440     1      829  252123  2354677 
 6240 12.00      29   29    25     5     6142  -1893     5     3   718   443     5      835  252128  2354680 
 6350 12.00      29   29   108    23     6249  -2000    20    11   738   454    22      857  252148  2354691 
 6500 12.00      29   29   254    54     6396  -2147    47    26   765   469    53      888  252175  2354706 
 6505 12.00      29   29   259    55     6401  -2152    48    27   766   470    54      889  252176  2354707 
                                                                                                             
                                                                                                             
                                                                                                             
                                                                                                             
                                                                                                             
                                                                                                             
                                                                                                             
                                                                                                             
                                                                                                             
                                                                                                             
                                                                                                             
                                                                                                             
                                                                                                             
                                                                                                             
                                                                                                             
                                                                                                             
                                                                                                             
                                                                                                             
                                                                                                             
                                                                                                             
                                                                                                             
                                                                                                             
                                                                                                             
                                                                                                             
                                                                                                             
                                                                                                             
                                                                                                             
                                                                                                             
                                                                                                             
                                                                                                             
                                                                                                             
                                                                                                             
                                                                                                             
                                                                                                             
                                                                                                             
                                                                                                             
                                                                                                             
                                                                                                             
                                                                                                             
                                                                                                             
                                                                                                             
                                                                                                             
                                                                                                             
                                                                                                             
                                                                                                             
                                                                                                             
                                                                                                             
                                                                                                             
                                                                                                             
                                                                                                             
                                                                                                             
                                                                                                             
                                                                                                             
                                                                                                             
                                                                                                             
                                                                                                             
                                                                                                             
                                                                                                             
                                                                                                             
                                                                                                             
                                                                                                             
                                                                                                             
                                                                                                             
                                                                                                             
                                                                                                             
                                                                                                             
                                                                                                             
                                                                                                             
                                                                                                             
                                                                                                             
                                                                                                             
                                                                                                             
                                                                                                             
                                                                                                             
                                                                                                             
                                                                                                             
                                                                                                             
                                                                                                             
                                                                                                             
                                                                                                             
                                                                                                             
                                                                                                             
                                                                                                             
                                                                                                             
                                                                                                             
                                                                                                             
                                                                                                             
                                                                                                             
                                                                                                             
                                                                                                             
                                                                                                             
                                                                                                             
                                                                                                             
                                                                                                             
                                                                                                             
                                                                                                             
                                                                                                             
                                                                                                             
                                                                                                             
                                                                                                             
                                                                                                             
                                                                                                             
                                                                                                             
                                                                                                             
                                                                                                             
                                                                                                             
                                                                                                             
                                                                                                             
                                                                                                             
                                                                                                             
                                                                                                             
