      WELL DATA SUMMARY                                                                                      
            
Well  NAVY II 81A-18
                         
Sec Az  185 S 5 W   
Elev   4326 KB      
CoordsNorth  254759 East              2355098 
                         Course               
  MD  Drift Drift D. AzimLength  DH     TVD     SSD    DNS   DEW   N-S   E-W  DSec    Sec     N-LAM E-LAM    
_____________________________________________________________________________________________________________
                                                                                                             
    0  0.00      80  260                        4326     0     0     0     0     0        0  254759  2355098 
  132  0.45      80  260   132     1      132   4194     0    -1     0    -1     0        0  254759  2355097 
  150  0.51      80  260    18     0      150   4176     0     0     0    -1     0        0  254759  2355097 
  156  0.53      80  260     6     0      156   4170     0     0     0    -1     0        0  254759  2355097 
  162  0.55      80  260     6     0      162   4164     0     0     0    -1     0        0  254759  2355097 
  203  0.69      80  260    41     0      203   4123     0     0     0    -1     0        0  254759  2355097 
  240  0.82      80  260    37     0      240   4086     0     0     0    -2     0        0  254759  2355096 
  259  0.88      80  260    19     0      259   4067     0     0     0    -2     0        1  254759  2355096 
  293  1.00      80  260   293     3      293   4033     0    -3     0    -3     1        1  254759  2355095 
  326  1.06      67  232    33     1      326   4000     0    -1    -1    -3     0        1  254758  2355095 
  420  1.25      29  151   127     2      420   3906    -2    -1    -3    -4     2        3  254756  2355094 
  475  1.25      31  149    55     1      475   3851    -1     1    -4    -3     1        4  254755  2355095 
  500  1.37      29  151    25     1      500   3826     0     0    -4    -3     0        4  254755  2355095 
  577  1.75      24  156   102     3      577   3749    -2     1    -6    -2     2        6  254753  2355096 
  702  1.75       4  176   125     4      702   3624    -4     1   -10    -1     4       10  254749  2355097 
  858  1.25      14  166   156     4      858   3468    -4     1   -14     0     4       14  254745  2355098 
 1000  1.94      18  162   142     4     1000   3326    -4     1   -18     1     4       17  254741  2355099 
 1012  2.00      18  162   154     4     1012   3314    -4     1   -18     1     4       18  254741  2355099 
 1167  1.25      24  156   155     4     1167   3159    -4     2   -22     3     4       22  254737  2355101 
 1272  2.50      24  156   105     3     1272   3054    -3     1   -25     4     3       25  254734  2355102 
 1304  3.00      18  162    32     2     1304   3022    -1     1   -27     5     1       26  254732  2355103 
 1326  3.52      10  170    22     1     1326   3000    -1     0   -28     5     1       27  254731  2355103 
 1336  3.75       7  173    32     2     1336   2990    -2     0   -29     5     2       28  254730  2355103 
 1367  4.25       5  175    31     2     1366   2960    -2     0   -31     5     2       30  254728  2355103 
 1398  4.75       1  179    31     2     1397   2929    -2     0   -33     5     2       33  254726  2355103 
 1427  5.25       5  185    29     3     1426   2900    -3     0   -36     5     3       35  254723  2355103 
 1500  7.15       7  187    73     8     1499   2827    -8    -1   -43     4     8       43  254716  2355102 
 1571  9.00       9  189   143    18     1569   2757   -18    -2   -53     3    18       53  254706  2355101 
 1631 10.25       9  189    59    10     1628   2698   -10    -2   -63     1    10       63  254696  2355099 
 1693 12.00       9  189    61    12     1689   2637   -12    -2   -75     0    12       75  254684  2355098 
 1755 13.00      10  190    61    13     1750   2576   -13    -2   -88    -3    13       88  254671  2355095 
 1818 14.50      12  192    61    15     1811   2515   -15    -3  -103    -5    15      103  254656  2355093 
 1912 16.75      11  191    91    25     1901   2425   -25    -5  -128   -11    25      128  254631  2355087 
 2000 16.99      13  193    84    26     1986   2340   -25    -5  -153   -16    25      154  254606  2355082 
 2004 17.00      13  193    88    27     1989   2337   -26    -6  -154   -16    27      155  254605  2355082 
 2097 19.00      13  193    88    29     2078   2248   -28    -6  -182   -23    28      183  254577  2355075 
 2191 21.50      11  191    88    33     2166   2160   -32    -7  -214   -29    32      216  254545  2355069 
 2289 23.75      11  191    90    38     2257   2069   -37    -7  -251   -37    37      253  254508  2355061 
 2366 26.01      10  190    70    32     2326   2000   -32    -6  -283   -42    32      285  254476  2355056 
 2374 26.25      10  190    77    36     2334   1992   -35    -7  -286   -43    36      289  254473  2355055 
 2465 26.50       7  187    82    40     2415   1911   -40    -6  -326   -49    40      329  254433  2355049 
 2500 26.59       6  186    31    16     2446   1880   -16    -2  -342   -51    16      345  254417  2355047 
 2562 26.75       5  185    87    43     2502   1824   -43    -5  -369   -54    43      373  254390  2355044 
 2740 26.75       8  188   159    80     2661   1665   -80    -9  -449   -63    80      453  254310  2355035 
 2843 26.50       8  188    92    46     2753   1573   -46    -6  -495   -69    46      499  254264  2355029 
 2900 26.19       9  189    51    25     2804   1522   -25    -4  -520   -73    25      524  254239  2355025 
 2935 26.00       9  189    83    41     2835   1491   -40    -6  -535   -75    41      539  254224  2355023 
 3000 25.83       8  188    58    28     2894   1432   -28    -4  -563   -79    28      568  254196  2355019 
 3027 25.76       8  188    83    40     2918   1408   -40    -6  -575   -81    40      579  254184  2355017 
 3030 25.75       8  188    85    41     2921   1405   -41    -6  -576   -81    41      581  254183  2355017 
 3064 25.75       8  188    31    15     2951   1375   -15    -2  -591   -83    15      596  254168  2355015 
 3155 26.25       9  189    82    40     3033   1293   -39    -6  -630   -89    40      635  254129  2355009 
 3270 26.25      11  191   103    51     3136   1190   -50    -9  -680   -98    51      686  254079  2355000 
 3295 26.20      11  191    22    11     3159   1167   -11    -2  -691  -100    11      697  254068  2354998 
 3360 26.08      12  192    58    29     3217   1109   -28    -6  -719  -106    28      725  254040  2354992 
 3405 26.00      12  192   121    59     3258   1068   -58   -12  -738  -110    59      745  254021  2354988 
 3461 26.00      11  191    50    25     3308   1018   -24    -5  -762  -115    24      769  253997  2354983 
 3481 26.00      11  191    18     9     3326   1000    -9    -2  -771  -116     9      778  253988  2354982 
 3500 26.00      10  190    35    17     3343    983   -17    -3  -779  -118    17      786  253980  2354980 
 3520 26.00      10  190   103    50     3361    965   -49   -10  -788  -119    50      795  253971  2354979 
 3647 26.25      11  191   114    56     3475    851   -55   -10  -843  -130    56      851  253916  2354968 
 3780 27.00      12  192   119    60     3594    732   -58   -12  -901  -142    59      910  253858  2354956 
 3980 27.00      13  193   178    91     3772    554   -89   -20  -990  -161    90     1000  253769  2354937 
 4000 27.00      13  193    18     9     3790    536    -9    -2  -999  -163     9     1009  253760  2354935 
 4032 27.00      14  194    46    24     3818    508   -23    -6 -1013  -167    23     1023  253746  2354931 
 4156 27.00      14  194   110    56     3929    397   -55   -14 -1067  -180    56     1079  253692  2354918 
 4190 27.14      15  195    30    15     3959    367   -15    -4 -1082  -184    15     1094  253677  2354914 
 4281 27.50      17  197   111    57     4040    286   -55   -15 -1123  -196    56     1135  253636  2354902 
 4406 27.75      15  195   111    58     4151    175   -56   -16 -1178  -212    57     1192  253581  2354886 
 4500 27.95      17  197    83    44     4234     92   -42   -12 -1221  -224    43     1235  253538  2354874 
 4525 28.00      17  197   105    56     4256     70   -53   -15 -1232  -227    55     1247  253527  2354871 
 4605 28.32      17  197    71    38     4326      0   -36   -11 -1268  -238    37     1284  253491  2354860 
 4649 28.50      17  197   109    59     4365    -39   -56   -17 -1288  -244    57     1304  253471  2354854 
 4774 28.00      17  197   110    59     4475   -149   -57   -17 -1344  -261    58     1362  253415  2354837 
 4898 29.00      17  197   109    59     4584   -258   -57   -17 -1401  -279    58     1420  253358  2354819 
 4965 29.40      18  198    58    33     4643   -317   -31   -10 -1432  -288    32     1452  253327  2354810 
 4995 29.58      18  198    26    15     4669   -343   -14    -4 -1446  -293    14     1466  253313  2354805 
 5000 29.61      18  198     4     2     4673   -347    -2    -1 -1449  -294     2     1469  253310  2354804 
 5023 29.75      18  198   109    61     4693   -367   -58   -18 -1460  -297    60     1480  253299  2354801 
 5162 29.75      18  198   121    69     4814   -488   -66   -21 -1525  -318    67     1547  253234  2354780 
 5264 29.75      18  198    89    51     4902   -576   -48   -16 -1573  -334    49     1596  253186  2354764 
                                                                                                             
                                                                                                             
                                                                                                             
                                                                                                             
                                                                                                             
                                                                                                             
                                                                                                             
                                                                                                             
                                                                                                             
                                                                                                             
                                                                                                             
                                                                                                             
                                                                                                             
                                                                                                             
                                                                                                             
                                                                                                             
                                                                                                             
                                                                                                             
                                                                                                             
                                                                                                             
                                                                                                             
                                                                                                             
                                                                                                             
                                                                                                             
                                                                                                             
                                                                                                             
                                                                                                             
                                                                                                             
                                                                                                             
                                                                                                             
                                                                                                             
                                                                                                             
                                                                                                             
                                                                                                             
                                                                                                             
                                                                                                             
                                                                                                             
                                                                                                             
                                                                                                             
                                                                                                             
                                                                                                             
                                                                                                             
                                                                                                             
                                                                                                             
                                                                                                             
                                                                                                             
                                                                                                             
                                                                                                             
                                                                                                             
                                                                                                             
                                                                                                             
                                                                                                             
                                                                                                             
                                                                                                             
                                                                                                             
                                                                                                             
                                                                                                             
                                                                                                             
                                                                                                             
                                                                                                             
                                                                                                             
                                                                                                             
                                                                                                             
                                                                                                             
                                                                                                             
                                                                                                             
                                                                                                             
                                                                                                             
                                                                                                             
                                                                                                             
                                                                                                             
                                                                                                             
                                                                                                             
                                                                                                             
                                                                                                             
                                                                                                             
                                                                                                             
                                                                                                             
                                                                                                             
                                                                                                             
                                                                                                             
                                                                                                             
                                                                                                             
                                                                                                             
                                                                                                             
                                                                                                             
                                                                                                             
                                                                                                             
                                                                                                             
                                                                                                             
                                                                                                             
                                                                                                             
                                                                                                             
                                                                                                             
                                                                                                             
                                                                                                             
                                                                                                             
                                                                                                             
                                                                                                             
                                                                                                             
                                                                                                             
                                                                                                             
                                                                                                             
                                                                                                             
                                                                                                             
                                                                                                             
                                                                                                             
                                                                                                             
                                                                                                             
                                                                                                             
                                                                                                             
                                                                                                             
                                                                                                             
                                                                                                             
                                                                                                             
                                                                                                             
                                                                                                             
                                                                                                             
                                                                                                             
                                                                                                             
                                                                                                             
                                                                                                             
                                                                                                             
                                                                                                             
                                                                                                             
                                                                                                             
                                                                                                             
                                                                                                             
                                                                                                             
                                                                                                             
                                                                                                             
                                                                                                             
                                                                                                             
                                                                                                             
                                                                                                             
                                                                                                             
