      WELL DATA SUMMARY                                                                                                                                                                                                      
            
Well  NAVY II 83A-16
                         
Sec Az  285 N75W    
Elev   3645 KB      
CoordsNorth  253526 EAST              2365457 
                         Course               
  MD  Drift Drift D. AzimLength  DH     TVD     SSD    DNS   DEW   N-S   E-W  DSec   Sec    N-LAM E-LAM    
___________________________________________________________________________________________________________
                                                                                                                                                                                                                             
    0  0.00       0  220     0     0        0   3645     0     0     0     0     0      0  253526  2365457                                                                                                                   
  146  0.25      40  220   146     0      146   3499     0     0     0     0     0      0  253526  2365457                                                                                                                   
  310  0.25      90  270   164     1      310   3335     0    -1    -1    -1     1      1  253525  2365456                                                                                                                   
  463  0.25      33  213   153     1      463   3182     0    -1    -1    -1     0      1  253525  2365456                                                                                                                   
  610  0.50     180  180   147     1      610   3035    -1     0    -2    -2     0      1  253524  2365455                                                                                                                   
  644  0.57     135  176    34     0      644   3001     0     0    -2    -2     0      1  253524  2365455 
  733  0.75      16  164   123     1      733   2912    -1     0    -3    -2    -1      1  253523  2365455                                                                                                                   
  859  0.50       1  179   126     1      859   2786    -1     0    -4    -1    -1      0  253522  2365456                                                                                                                   
  985  0.50     180  180   126     1      985   2660    -1     0    -6    -1     0      0  253520  2365456                                                                                                                   
 1105  1.00      62  242   120     2     1105   2540    -1    -1    -7    -2     0      0  253519  2365455                                                                                                                   
 1197  1.00      79  259    92     2     1197   2448    -1    -2    -7    -4     1      2  253519  2365453                                                                                                                   
 1319  0.75      64  296   122     2     1319   2326     0    -2    -7    -5     2      3  253519  2365452                                                                                                                   
 1443  1.25      89  269   124     2     1443   2202     0    -2    -7    -8     2      6  253519  2365449                                                                                                                   
 1568  1.50      89  269   125     3     1568   2077     0    -3    -7   -11     3      8  253519  2365446                                                                                                                   
 1644  1.80      86  266    76     2     1644   2001     0    -2    -7   -13     2     11  253519  2365444 
 1695  2.00      84  264   127     4     1695   1950     0    -4    -7   -14     4     12  253519  2365443                                                                                                                   
 1807  2.00      83  263   112     4     1807   1838     0    -4    -7   -18     4     16  253519  2365439                                                                                                                   
 1930  2.75      66  246   123     5     1930   1715    -1    -5    -9   -23     4     20  253517  2365434                                                                                                                   
 2054  2.25      80  260   124     5     2054   1591    -2    -5   -10   -28     5     25  253516  2365429                                                        1591        1930  1930    -9   -23    20  0.00 
 2178  2.25      72  252   124     5     2177   1468    -1    -5   -12   -33     4     29  253514  2365424                                                                                                                   
 2239  3.00      79  259    61     3     2238   1407    -1    -3   -12   -36     2     31  253514  2365421                                                                                                                   
 2274  2.75      75  255    35     2     2273   1372     0    -2   -13   -38     2     33  253513  2365419                                                                                                                   
 2305  2.75      83  263    31     1     2304   1341     0    -1   -13   -39     1     34  253513  2365418                                                                                                                   
 2336  2.75      82  262    31     1     2335   1310     0    -1   -13   -41     1     36  253513  2365416                                                                                                                   
 2461  3.50      89  269   125     7     2460   1185    -1    -7   -14   -47     6     42  253512  2365410                                                                                                                   
 2492  3.75      87  273    31     2     2491   1154     0    -2   -14   -49     2     44  253512  2365408                                                                                                                   
 2526  4.00      84  276    34     2     2525   1120     0    -2   -13   -52     2     46  253513  2365405                                                                                                                   
 2558  4.25      84  276    32     2     2557   1088     0    -2   -13   -54     2     49  253513  2365403                                                                                                                   
 2589  4.25      82  278    31     2     2588   1057     0    -2   -13   -56     2     51  253513  2365401                                                                                                                   
 2620  4.50      79  281    31     2     2619   1026     0    -2   -13   -58     2     53  253513  2365399                                                                                                                   
 2645  4.57      76  281    25     2     2644   1001     0    -2   -12   -60     2     55  253514  2365397 
 2788  5.00      79  281   167    14     2786    859     3   -14   -10   -72    14     67  253516  2365385                                                                                                                   
 2855  6.50      81  279    67     7     2853    792     1    -7    -9   -79     7     74  253517  2365378                                                                                                                   
 2918  7.75      80  280    63     8     2915    730     1    -8    -7   -86     8     82  253519  2365371                                                                                                                   
 3226 14.00      76  284   302    58     3218    427    12   -57     5  -143    58    140  253531  2365314                                                                                                                   
 3350 16.25      78  282   120    32     3337    308     7   -32    12  -175    32    172  253538  2365282                                                                                                                   
 3475 18.75      79  281   119    38     3457    188     7   -37    19  -212    38    209  253545  2365245                                                                                                                   
 3538 19.50      80  280    60    21     3516    129     4   -20    23  -232    21    230  253549  2365225                                                                                                                   
 3632 20.00      80  280    88    32     3605     40     6   -31    29  -263    32    262  253555  2365194                                                                                                                   
 3674 20.25      80  280    39    14     3644      1     2   -14    31  -277    14    276  253557  2365180 
 3757 20.75      81  279   117    44     3722    -77     7   -43    36  -306    43    305  253562  2365151                                                             /ma111..ak200~a115~           CCCCCC{GOTO}a1~/fcceinsert1~  
 3791 21.25      81  279    32    12     3754   -109     2   -12    38  -318    12    317  253564  2365139                                                                                                                   
 3823 20.50      79  281    30    11     3783   -138     2   -11    40  -329    11    328  253566  2365128                                                                                                                   
 3854 20.50      76  284    29    11     3813   -168     2   -11    42  -340    11    339  253568  2365117                                                                                                                   
 3974 21.25      80  280   112    43     3925   -280     9   -42    51  -382    43    382  253577  2365075                                                                                                                   
 4005 21.25      77  283    29    11     3954   -309     2   -11    53  -393    11    393  253579  2365064                                                                                                                   
 4103 21.00      76  284    91    35     4045   -400     8   -34    61  -427    35    429  253587  2365030                                                                                                                   
 4228 20.75      78  282   117    45     4162   -517    10   -43    71  -471    45    473  253597  2364986                                                                                                                   
 4352 20.00      85  275   116    43     4278   -633     6   -43    78  -513    43    516  253604  2364944                                                                                                                   
 4445 19.50      85  275    88    31     4366   -721     3   -31    81  -545    31    547  253607  2364912                                                                                                                   
 4538 19.75      86  274    88    31     4453   -808     2   -31    83  -576    31    578  253609  2364881                                                                                                                   
 4660 20.00      83  277   115    41     4568   -923     4   -41    87  -617    41    618  253613  2364840                                                                                                                   
 4741 19.68      84  276    76    27     4644   -999     3   -27    90  -644    27    646  253616  2364813 
 4786 19.50      85  275   119    43     4686  -1041     4   -42    91  -659    42    661  253617  2364798                                                                                                                   
 4910 19.75      86  274   117    42     4803  -1158     3   -42    95  -701    41    701  253621  2364756                                                                                                                   
 5036 19.00      86  274   119    42     4922  -1277     3   -42    98  -743    41    743  253624  2364714                                                                                                                   
 5097 19.75      87  273    58    20     4980  -1335     1   -20    99  -763    20    762  253625  2364694                                                                                                                   
 5130 19.25      88  272    31    11     5011  -1366     0   -11    99  -774    11    773  253625  2364683                                                                                                                   
 5162 19.50      88  272    30    11     5041  -1396     0   -11   100  -784    10    783  253626  2364673                                                                                                                   
 5226 18.50      84  276    61    21     5101  -1456     1   -21   101  -805    20    804  253627  2364652                                                                                                                   
 5255 18.25      83  277    28     9     5129  -1484     1    -9   102  -814     9    813  253628  2364643                                                                                                                   
 5287 18.50      84  276    30    10     5159  -1514     1   -10   103  -824    10    823  253629  2364633                                                                                                                   
 5315 18.50      83  277    27     9     5186  -1541     1    -9   104  -833     9    832  253630  2364624                                                                                                                   
 5346 18.75      80  280    29    10     5215  -1570     1   -10   106  -843    10    842  253632  2364614                                                                                                                   
 5503 19.00      68  292   149    51     5364  -1719    14   -49   120  -892    51    892  253646  2364565                                                                                                                   
 5566 18.25      67  293    60    20     5424  -1779     8   -19   128  -910    20    912  253654  2364547                                                                                                                   
 5632 18.00      66  294    63    21     5486  -1841     8   -19   136  -929    20    933  253662  2364528                                                                                                                   
 5740 18.00      64  296   103    33     5589  -1944    14   -30   150  -959    33    965  253676  2364498                                                                                                                   
 5798 18.00      64  296    55    18     5644  -1999     8   -16   158  -975    18    983  253684  2364482 
 5802 18.00      64  296    59    19     5648  -2003     8   -17   158  -977    19    984  253684  2364480                                                                                                                   
 5884 18.00      62  298    78    25     5726  -2081    12   -23   170  -999    25   1009  253696  2364458                                                                                                                   
 5953 18.00      62  298    66    21     5792  -2147    10   -19   180 -1018    21   1030  253706  2364439                                                                                                                   
 6045 18.00      60  300    87    28     5879  -2234    14   -25   194 -1043    28   1057  253720  2364414                                                                                                                   
 6108 18.25      64  296    60    20     5939  -2294     9   -17   203 -1060    19   1077  253729  2364397                                                                                                                   
 6170 18.50      62  298    59    20     5998  -2353     9   -17   212 -1078    19   1096  253738  2364379                                                                                                                   
 6262 18.75      62  298    87    29     6085  -2440    14   -26   225 -1104    29   1124  253751  2364353                                                                                                                   
 6355 19.00      64  296    88    30     6173  -2528    14   -27   239 -1130    29   1154  253765  2364327                                                                                                                   
 6449 19.00      63  297    89    31     6262  -2617    14   -27   253 -1158    30   1184  253779  2364299                                                                                                                   
 6511 18.75      61  299    59    20     6320  -2675     9   -18   262 -1175    20   1203  253788  2364282                                                                                                                   
 6612 18.75      61  299    96    32     6416  -2771    16   -28   278 -1204    32   1235  253804  2364253                                                                                                                   
 6706 18.75      59  301    89    30     6505  -2860    15   -26   293 -1230    29   1264  253819  2364227                                                                                                                   
 6800 19.25      57  303    89    31     6594  -2949    16   -26   309 -1256    29   1293  253835  2364201                                                                                                                   
 6853 19.25      57  303    50    17     6644  -2999     9   -15   319 -1271    17   1310  253845  2364186 
 6945 19.25      58  302   137    48     6731  -3086    26   -40   335 -1296    46   1339  253861  2364161                                                                                                                   
 7071 19.75      58  302   119    42     6850  -3205    22   -36   357 -1332    40   1379  253883  2364125                                                                                                                   
 7198 20.00      58  302   119    43     6969  -3324    23   -37   380 -1369    41   1420  253906  2364088                                                                                                                   
 7326 20.00      59  301   120    44     7089  -3444    23   -37   403 -1406    42   1462  253929  2364051                                                                                                                   
 7450 19.03      58  302   117    41     7206  -3561    22   -35   425 -1441    40   1502  253951  2364016 
 7454 19.00      58  302   121    43     7210  -3565    22   -36   425 -1442    41   1503  253951  2364015                                                                                                                   
 7490 19.00      58  302    34    12     7244  -3599     6   -10   431 -1452    11   1514  253957  2364005 
 7534 19.00      57  303    76    26     7286  -3641    14   -22   439 -1464    25   1528  253965  2363993                                                                                                                   
 7535 19.00      57  303     1     0     7287  -3642     0     0   439 -1465     0   1528  253965  2363992 
 7560 18.94      57  303    24     8     7310  -3665     4    -7   444 -1471     8   1536  253970  2363986 
 7564 18.93      57  303     4     1     7314  -3669     1    -1   445 -1472     1   1537  253971  2363985 
 7644 18.75      56  304   104    36     7390  -3745    20   -30   459 -1494    34   1562  253985  2363963                                                                                                                   
 7766 18.75      56  304   116    39     7505  -3860    22   -33   481 -1526    37   1599  254007  2363931                                                                                                                   
 7892 18.25      54  306   119    40     7625  -3980    23   -33   504 -1559    38   1636  254030  2363898                                                                                                                   
 7912 18.13      54  306    19     6     7644  -3999     4    -5   507 -1564     6   1642  254033  2363893 
 8022 17.50      55  305   124    40     7749  -4104    23   -32   527 -1592    37   1674  254053  2363865                                                                                                                   
 8152 17.75      55  305   124    39     7872  -4227    23   -32   549 -1624    37   1711  254075  2363833                                                                                                                   
 8256 17.75      54  306    99    32     7971  -4326    18   -26   568 -1650    30   1741  254094  2363807                                                                                                                   
 8351 18.00      54  306    90    29     8062  -4417    17   -24   585 -1673    27   1768  254111  2363784                                                                                                                   
 8475 18.00      55  305   118    38     8180  -4535    22   -31   607 -1705    36   1804  254133  2363752                                                                                                                   
 8555 17.37      52  308    76    24     8256  -4611    14   -20   622 -1724    23   1826  254148  2363733 
 8602 17.00      51  309   121    38     8301  -4656    23   -30   630 -1735    35   1839  254156  2363722                                                                                                                   
 8670 16.57      51  309    65    20     8366  -4721    12   -15   643 -1750    18   1857  254169  2363707 
 8700 16.38      51  309    29     9     8395  -4750     5    -7   648 -1757     8   1865  254174  2363700 
 8720 16.25      51  309   113    34     8414  -4769    21   -26   652 -1761    31   1870  254178  2363696                                                                                                                   
 8959 14.68      48  312   230    64     8644  -4999    41   -48   693 -1810    57   1927  254219  2363647 
 9101 13.75      46  314   368    99     8782  -5137    65   -74   717 -1835    88   1958  254243  2363622                                                                                                                   
 9210 13.75      46  314   106    26     8888  -5243    18   -19   735 -1854    23   1981  254261  2363603                                                                                                                   
                                                                                                                                                                                                                             
                                                                                                                                                                                                                             
                                                                                                                                                                                                                             
                                                                                                                                                                                                                             
                                                                                                                                                                                                                             
                                                                                                                                                                                                                             
                                                                                                                                                                                                                             
                                                                                                                                                                                                                             
                                                                                                                                                                                                                             
                                                                                                                                                                                                                             
                                                                                                                                                                                                                             
                                                                                                                                                                                                                             
                                                                                                                                                                                                                             
                                                                                                                                                                                                                             
                                                                                                                                                                                                                             
                                                                                                                                                                                                                             
                                                                                                                                                                                                                             
                                                                                                                                                                                                                             
                                                                                                                                                                                                                             
                                                                                                                                                                                                                             
                                                                                                                                                                                                                             
                                                                                                                                                                                                                             
                                                                                                                                                                                                                             
                                                                                                                                                                                                                             
                                                                                                                                                                                                                             
                                                                                                                                                                                                                             
                                                                                                                                                                                                                             
                                                                                                                                                                                                                             
                                                                                                                                                                                                                             
                                                                                                                                                                                                                             
                                                                                                                                                                                                                             
                                                                                                                                                                                                                             
                                                                                                                                                                                                                             
                                                                                                                                                                                                                             
                                                                                                                                                                                                                             
                                                                                                                                                                                                                             
                                                                                                                                                                                                                             
                                                                                                                                                                                                                             
                                                                                                                                                                                                                             
                                                                                                                                                                                                                             
                                                                                                                                                                                                                             
                                                                                                                                                                                                                             
                                                                                                                                                                                                                             
                                                                                                                                                                                                                             
                                                                                                                                                                                                                             
                                                                                                                                                                                                                             
                                                                                                                                                                                                                             
                                                                                                                                                                                                                             
                                                                                                                                                                                                                             
                                                                                                                                                                                                                             
                                                                                                                                                                                                                             
                                                                                                                                                                                                                             
                                                                                                                                                                                                                             
                                                                                                                                                                                                                             
                                                                                                                                                                                                                             
                                                                                                                                                                                                                             
                                                                                                                                                                                                                             
                                                                                                                                                                                                                             
                                                                                                                                                                                                                             
                                                                                                                                                                                                                             
                                                                                                                                                                                                                             
                                                                                                                                                                                                                             
                                                                                                                                                                                                                             
                                                                                                                                                                                                                             
                                                                                                                                                                                                                             
                                                                                                                                                                                                                             
                                                                                                                                                                                                                             
                                                                                                                                                                                                                             
                                                                                                                                                                                                                             
                                                                                                                                                                                                                             
                                                                                                                                                                                                                             
                                                                                                                                                                                                                             
                                                                                                                                                                                                                             
                                                                                                                                                                                                                             
                                                                                                                                                                                                                             
                                                                                                                                                                                                                             
                                                                                                                                                                                                                             
                                                                                                                                                                                                                             
                                                                                                                                                                                                                             
                                                                                                                                                                                                                             
                                                                                                                                                                                                                             
                                                                                                                                                                                                                             
                                                                                                                                                                                                                             
                                                                                                                                                                                                                             
                                                                                                                                                                                                                             
                                                                                                                                                                                                                             
                                                                                                                                                                                                                             
                                                                                                                                                                                                                             
                                                                                                                                                                                                                             
                                                                                                                                                                                                                             
                                                                                                                                                                                                                             
                                                                                                                                                                                                                             
                                                                                                                                                                                                                             
                                                                                                                                                                                                                             
                                                                                                                                                                                                                             
                                                                                                                                                                                                                             
                                                                                                                                                                                                                             
                                                                                                                                                                                                                             
                                                                                                                                                                                                                             
                                                                                                                                                                                                                             
                                                                                                                                                                                                                             
                                                                                                                                                                                                                             
                                                                                                                                                                                                                             
                                                                                                                                                                                                                             
                                                                                                                                                                                                                             
                                                                                                                                                                                                                             
                                                                                                                                                                                                                             
                                                                                                                                                                                                                             
                                                                                                                                                                                                                             
                                                                                                                                                                                                                             
                                                                                                                                                                                                                             
                                                                                                                                                                                                                             
                                                                                                                                                                                                                             
                                                                                                                                                                                                                             
                                                                                                                                                                                                                             
                                                                                                                                                                                                                             
                                                                                                                                                                                                                             
                                                                                                                                                                                                                             
                                                                                                                                                                                                                             
                                                                                                                                                                                                                             
                                                                                                                                                                                                                             
                                                                                                                                                                                                                             
                                                                                                                                                                                                                             
                                                                                                                                                                                                                             
                                                                                                                                                                                                                             
                                                                                                                                                                                                                             
                                                                                                                                                                                                                             
                                                                                                                                                                                                                             
                                                                                                                                                                                                                             
                                                                                                                                                                                                                             
                                                                                                                                                                                                                             
                                                                                                                                                                                                                             
                                                                                                                                                                                                                             
                                                                                                                                                                                                                             
                                                                                                                                                                                                                             
                                                                                                                                                                                                                             
                                                                                                                                                                                                                             
                                                                                                                                                                                                                             
                                                                                                                                                                                                                             
                                                                                                                                                                                                                             
                                                                                                                                                                                                                             
                                                                                                                                                                                                                             
                                                                                                                                                                                                                             
                                                                                                                                                                                                                             
                                                                                                                                                                                                                             
                                                                                                                                                                                                                             
                                                                                                                                                                                                                             
                                                                                                                                                                                                                             
                                                                                                                                                                                                                             
                                                                                                                                                                                                                             
                                                                                                                                                                                                                             
                                                                                                                                                                                                                             
                                                                                                                                                                                                                             
                                                                                                                                                                                                                             
                                                                                                                                                                                                                             
                                                                                                                                                                                                                             
                                                                                                                                                                                                                             
                                                                                                                                                                                                                             
                                                                                                                                                                                                                             
                                                                                                                                                                                                                             
                                                                                                                                                                                                                             
                                                                                                                                                                                                                             
                                                                                                                                                                                                                             
                                                                                                                                                                                                                             
                                                                                                                                                                                                                             
                                                                                                                                                                                                                             
                                                                                                                                                                                                                             
                                                                                                                                                                                                                             
                                                                                                                                                                                                                             
                                                                                                                                                                                                                             
                                                                                                                                                                                                                             
                                                                                                                                                                                                                             
                                                                                                                                                                                                                             
                                                                                                                                                                                                                             
                                                                                                                                                                                                                             
                                                                                                                                                                                                                             
                                                                                                                                                                                                                             
                                                                                                                                                                                                                             
                                                                                                                                                                                                                             
                                                                                                                                                                                                                             
                                                                                                                                                                                                                             
                                                                                                                                                                                                                             
                                                                                                                                                                                                                             
                                                                                                                                                                                                                             
                                                                                                                                                                                                                             
                                                                                                                                                                                                                             
                                                                                                                                                                                                                             
                                                                                                                                                                                                                             
                                                                                                                                                                                                                             
                                                                                                                                                                                                                             
                                                                                                                                                                                                                             
                                                                                                                                                                                                                             
                                                                                                                                                                                                                             
                                                                                                                                                                                                                             
                                                                                                                                                                                                                             
