      WELL DATA SUMMARY                                                                                                                                                                                                  
            
Well  NAVY II 86-17 
                        
Sec Az   90 EAST    
Elev   3871 KB      
CoordsNorth  251210 East             2360543 
                        Course               
  MD  Drift Drift D.AzimLength  DH     TVD     SSD   DNS   DEW  N-S   E-W  DSec   Sec   N-LAM E-LAM    
_______________________________________________________________________________________________________
                                                                                                                                                                                                                         
    0  0.00       0 194     0     0        0  3871     0     0    0     0     0     0  251210  2360543                                                                                                                   
  141  0.75      14 194   141     1      141  3730    -1     0   -1     0     0     0  251209  2360543                                                                                                                   
  283  0.50       4 184   142     2      283  3588    -2     0   -2     0     0     0  251208  2360543                                                                                                                   
  481  1.00      16 164   198     3      481  3390    -3     0   -5     0     0     0  251205  2360543                                                                                                                   
  583  1.50      19 199   102     2      583  3288    -2     0   -7     0     0     0  251203  2360543                                                                                                                   
  712  1.75      28 208   129     4      712  3159    -3    -1  -11    -2    -1    -2  251199  2360541                                                                                                                   
  805  1.75      18 198    93     3      805  3066    -3    -1  -13    -3    -1    -3  251197  2360540                                                                                                                   
  871  1.75      22 202    66     2      871  3000    -2    -1  -15    -4    -1    -4  251195  2360539                                                                                                                   
  898  1.75      24 204    27     1      898  2973    -1     0  -16    -4     0    -4  251194  2360539                                                                                                                   
  988  2.50      29 209    90     3      988  2883    -3    -1  -19    -5    -1    -5  251191  2360538                                                                                                                   
 1084  2.50      29 209    96     4     1084  2787    -4    -2  -22    -7    -2    -7  251188  2360536                                                                                                                   
 1178  3.25      19 199    94     5     1178  2693    -4    -2  -27    -9    -2    -9  251183  2360534                                                                                                                   
 1275  3.50      16 196    97     6     1274  2597    -5    -2  -32   -11    -2   -11  251178  2360532                                                                                                                   
 1367  3.75      26 206    92     6     1366  2505    -5    -2  -38   -13    -2   -13  251172  2360530                                                                                                                   
 1458  4.25      20 200    91     6     1457  2414    -6    -2  -44   -16    -2   -16  251166  2360527                                                                                                                   
 1549  4.50      24 204    91     7     1548  2323    -6    -3  -50   -18    -3   -18  251160  2360525                                                                                                                   
 1642  4.50      24 204    93     7     1640  2231    -7    -3  -57   -21    -3   -21  251153  2360522                                                                                                                   
 1746  5.25      24 204   104     9     1744  2127    -8    -4  -65   -25    -4   -25  251145  2360518                                                                                                                   
 1809  5.25      33 213    63     6     1807  2064    -5    -3  -70   -27    -3   -27  251140  2360516                                                                                                                   
 1841  4.50      31 211    32     3     1839  2032    -2    -1  -72   -29    -1   -29  251138  2360514                                                                                                                   
 1872  4.00      33 213    31     2     1870  2001    -2    -1  -74   -30    -1   -30  251136  2360513                                                                                                                   
 1873  3.98      33 212     1     0     1871  2000     0     0  -74   -30     0   -30  251136  2360513                                                                                                                   
 1903  3.50      34 197    30     2     1901  1970    -2    -1  -76   -31    -1   -31  251134  2360512                                                                                                                   
 1934  3.00      27 207    31     2     1931  1940    -2    -1  -77   -32    -1   -32  251133  2360511                                                                                                                   
 1965  3.00      17 163    31     2     1962  1909    -2     0  -79   -32     0   -32  251131  2360511                                                                                                                   
 1995  3.75       6 186    30     2     1992  1879    -2     0  -81   -32     0   -32  251129  2360511                                                                                                                   
 2026  4.25       9 174    31     2     2023  1848    -2     0  -83   -32     0   -32  251127  2360511                                                                                                                   
 2058  4.00      18 162    32     2     2055  1816    -2     0  -85   -31     0   -31  251125  2360512                                                                                                                   
 2089  3.75      27 153    31     2     2086  1785    -2     1  -87   -30     1   -30  251123  2360513                                                                                                                   
 2120  3.50      36 144    31     2     2117  1754    -2     1  -89   -29     1   -29  251121  2360514                                                                                                                   
 2152  3.50      50 128    32     2     2149  1722    -1     1  -90   -28     1   -28  251120  2360515 
 2182  3.75      59 121    62     4     2179  1692    -3     3  -92   -26     3   -26  251118  2360517                                                                                                                   
 2214  3.75      67 113    32     2     2211  1660    -1     2  -92   -25     2   -25  251118  2360518                                                                                                                   
 2245  3.75      83  97    31     2     2242  1629    -1     2  -93   -23     2   -23  251117  2360520                                                                                                                   
 2400  3.75      74  74   155    10     2396  1475     1    10  -92   -12    10   -12  251118  2360531                                                                                                                   
 2419  3.75      78  78    19     1     2415  1456     0     1  -92   -11     1   -11  251118  2360532                                                                                                                   
 2480  3.75      89  89    61     4     2476  1395     0     4  -91    -7     4    -7  251119  2360536                                                                                                                   
 2535  4.25      81  81    55     4     2531  1340     0     4  -91    -4     4    -4  251119  2360539                                                                                                                   
 2566  4.25      74  74    31     2     2562  1309     0     2  -91    -1     2    -1  251119  2360542                                                                                                                   
 2599  4.00      82  82    33     2     2595  1276     0     2  -90     1     2     1  251120  2360544                                                                                                                   
 2629  4.25      84  84    30     2     2625  1246     0     2  -90     3     2     3  251120  2360546                                                                                                                   
 2660  4.50      89  89    31     2     2656  1215     0     2  -90     6     2     6  251120  2360549                                                                                                                   
 2690  5.00      89  89    30     2     2686  1185     0     2  -90     8     2     8  251120  2360551                                                                                                                   
 2721  5.50      88  88    31     3     2717  1154     0     3  -90    11     3    11  251120  2360554                                                                                                                   
 2753  6.25      89  89    32     3     2748  1123     0     3  -90    14     3    14  251120  2360557                                                                                                                   
 2784  7.00      86  94    31     4     2779  1092     0     4  -90    18     4    18  251120  2360561                                                                                                                   
 2877  9.54      86  94    92    13     2871  1000    -1    13  -91    31    13    31  251119  2360574                                                                                                                   
 2894 10.00      86  94    17     3     2888   983     0     3  -91    34     3    34  251119  2360577                                                                                                                   
 2978 12.50      85  95    82    16     2970   901    -1    16  -92    50    16    50  251118  2360593                                                                                                                   
 3000 12.83      85  95    21     5     2992   879     0     5  -92    55     5    55  251118  2360598 
 3077 14.00      85  95    96    23     3067   804    -2    23  -94    73    23    73  251116  2360616                                                                                                                   
 3160 14.50      84  96    80    20     3147   724    -2    20  -96    93    20    93  251114  2360636                                                                                                                   
 3215 15.00      88  92    53    14     3200   671    -1    14  -97   107    14   107  251113  2360650                                                                                                                   
 3302 16.75      83  83    84    24     3284   587     1    24  -96   131    24   131  251114  2360674                                                                                                                   
 3394 18.50      84  84    88    28     3372   499     3    28  -93   159    28   159  251117  2360702                                                                                                                   
 3488 20.25      83  83    89    31     3460   411     4    31  -89   190    31   190  251121  2360733                                                                                                                   
 3550 21.50      83  83    58    22     3518   353     3    22  -87   212    22   212  251123  2360755                                                                                                                   
 3644 22.00      83  83    87    35     3606   265     4    35  -82   246    35   246  251128  2360789                                                                                                                   
 3737 22.00      82  82    86    35     3692   179     5    35  -78   281    35   281  251132  2360824                                                                                                                   
 3829 22.00      80  80    85    34     3777    94     5    34  -72   315    34   315  251138  2360858                                                                                                                   
 3922 22.50      81  81    86    35     3863     8     6    35  -67   349    35   349  251143  2360892                                                                                                                   
 3930 22.54      81  81     7     3     3871     0     0     3  -66   352     3   352  251144  2360895 
 4000 22.91      81  81    65    27     3935   -64     4    27  -62   379    27   379  251148  2360922 
 4016 23.00      81  81    87    36     3950   -79     6    36  -61   385    36   385  251149  2360928                                                                                                                   
 4110 22.25      78  78    87    36     4037  -166     7    36  -54   421    36   421  251156  2360964                                                                                                                   
 4118 22.23      78  78     7     3     4044  -173     1     3  -54   424     3   424  251156  2360967 
 4165 22.11      76  76    44    18     4088  -217     4    17  -50   441    17   441  251160  2360984 
 4208 22.00      75  75    91    37     4128  -257     9    36  -46   457    36   457  251164  2361000                                                                                                                   
 4220 21.97      75  75    11     4     4139  -268     1     4  -44   461     4   461  251166  2361004 
 4235 21.93      76  76    14     6     4153  -282     1     5  -43   467     5   467  251167  2361010 
 4247 21.90      76  76    11     4     4164  -293     1     4  -42   471     4   471  251168  2361014 
 4264 21.85      76  76    16     6     4179  -308     2     6  -40   477     6   477  251170  2361020 
 4270 21.84      76  76     6     2     4185  -314     1     2  -40   479     2   479  251170  2361022 
 4302 21.75      77  77    87    35     4215  -344     8    34  -37   491    34   491  251173  2361034                                                                                                                   
 4396 21.75      77  77    87    35     4302  -431     8    34  -29   525    34   525  251181  2361068                                                                                                                   
 4431 21.56      76  76    33    13     4335  -464     3    13  -26   537    13   537  251184  2361080     0 Error ******                                          /ma111..ak200~a115~           CCCCCC{GOTO}a1~/fcceinsert1~  
 4489 21.25      74  74    87    34     4389  -518     9    33  -21   558    33   558  251189  2361101                                                                                                                   
 4582 20.75      74  74    87    33     4475  -604     9    32  -12   590    32   590  251198  2361133                                                                                                                   
 4630 20.75      74  74    45    17     4520  -649     5    16   -7   606    16   606  251203  2361149                                                                                                                   
 4660 21.00      76  76    28    11     4548  -677     3    10   -4   616    10   616  251206  2361159                                                                                                                   
 4691 21.50      78  78    29    11     4577  -706     3    11   -1   627    11   627  251209  2361170                                                                                                                   
 4723 21.50      80  80    30    12     4607  -736     2    11    1   639    11   639  251211  2361182                                                                                                                   
 4754 21.75      83  83    29    11     4636  -765     2    11    3   650    11   650  251213  2361193                                                                                                                   
 4828 23.00      85  85    68    28     4704  -833     3    28    6   678    28   678  251216  2361221                                                                                                                   
 4880 22.25      87  87    48    20     4752  -881     2    20    7   698    20   698  251217  2361241                                                                                                                   
 4956 22.00      89  89    70    29     4823  -952     1    29    8   727    29   727  251218  2361270                                                                                                                   
 4986 22.00      89  89    28    11     4850  -979     0    11    9   738    11   738  251219  2361281 
 5000 22.00      89  89    13     5     4863  -992     0     5    9   743     5   743  251219  2361286 
 5008 22.00      89  89    20     8     4871 -1000     0     8    9   746     8   746  251219  2361289 
 5054 22.00      88  88    91    37     4914 -1043     1    37    9   763    37   763  251219  2361306                                                                                                                   
 5147 22.00      90  90    86    35     5000 -1129     1    35   10   798    35   798  251220  2361341                                                                                                                   
 5241 21.25      86  94    87    35     5087 -1216    -1    35    9   833    35   833  251219  2361376                                                                                                                   
 5330 21.25      89  91    83    32     5170 -1299    -1    32    7   865    32   865  251217  2361408                                                                                                                   
 5425 21.25      88  92    89    34     5259 -1388    -1    34    6   899    34   899  251216  2361442                                                                                                                   
 5519 21.75      90  90    87    34     5346 -1475    -1    34    6   934    34   934  251216  2361477                                                                                                                   
 5613 22.00      88  88    87    35     5433 -1562     1    35    6   969    35   969  251216  2361512                                                                                                                   
 5799 22.00      90  90   172    70     5606 -1735     1    70    8  1039    70  1039  251218  2361582                                                                                                                   
 5891 21.75      88  88    85    34     5691 -1820     1    34    8  1073    34  1073  251218  2361616                                                                                                                   
 6000 21.97      87  92   101    41     5792 -1921     0    41    8  1113    41  1113  251218  2361656 
 6014 22.00      87  93   114    46     5805 -1934     0    46    8  1119    46  1119  251218  2361662                                                                                                                   
 6085 21.50      86  86    66    26     5871 -2000     0    26    8  1145    26  1145  251218  2361688                                                                                                                   
 6172 20.75      84  84    81    31     5952 -2081     3    31   11  1176    31  1176  251221  2361719                                                                                                                   
 6234 20.25      87  87    58    22     6010 -2139     2    22   12  1198    22  1198  251222  2361741                                                                                                                   
 6297 19.75      87  87    59    22     6070 -2199     1    22   14  1219    22  1219  251224  2361762                                                                                                                   
 6359 19.25      85  85    58    21     6128 -2257     1    21   15  1240    21  1240  251225  2361783                                                                                                                   
 6425 19.75      88  88    62    22     6190 -2319     1    22   16  1262    22  1262  251226  2361805                                                                                                                   
 6483 19.75      88  88    55    20     6245 -2374     1    20   17  1282    20  1282  251227  2361825 
 6500 19.75      88  88    16     6     6261 -2390     0     6   17  1287     6  1287  251227  2361830 
 6518 19.75      88  88    88    31     6278 -2407     1    31   17  1293    31  1293  251227  2361836                                                                                                                   
 6581 20.00      88  88    59    21     6337 -2466     1    21   18  1315    21  1315  251228  2361858                                                                                                                   
 6644 20.25      84  84    59    22     6396 -2525     2    22   20  1336    22  1336  251230  2361879                                                                                                                   
 6707 20.25      84  84    59    22     6455 -2584     2    22   22  1358    22  1358  251232  2361901                                                                                                                   
 6800 21.25      84  84    87    33     6542 -2671     3    33   25  1391    33  1391  251235  2361934                                                                                                                   
 6862 23.75      85  85    57    24     6600 -2729     2    24   28  1415    24  1415  251238  2361958                                                                                                                   
 6800 21.25      84  84   -57   -24     6542 -2671    -2   -24   25  1391   -24  1391  251235  2361934                                                                                                                   
 6862 23.75      85  85    57    24     6600 -2729     2    24   28  1415    24  1415  251238  2361958                                                                                                                   
 6927 24.75      80  80    59    27     6659 -2788     3    26   31  1441    26  1441  251241  2361984                                                                                                                   
 6989 25.75      82  82    56    26     6715 -2844     4    26   35  1467    26  1467  251245  2362010                                                                                                                   
 7000 25.75      82  82    10     5     6725 -2854     1     5   36  1472     5  1472  251246  2362015 
 7052 25.75      81  81    57    27     6772 -2901     4    27   39  1494    27  1494  251249  2362037                                                                                                                   
 7113 26.75      83  83    55    27     6826 -2955     4    27   43  1521    27  1521  251253  2362064                                                                                                                   
 7163 26.35      84  84    45    22     6871 -3000     3    22   46  1543    22  1543  251256  2362086 
 7176 26.25      84  84    56    28     6883 -3012     3    28   46  1549    28  1549  251256  2362092                                                                                                                   
 7270 25.75      81  81    84    41     6967 -3096     5    41   52  1590    41  1590  251262  2362133                                                                                                                   
 7364 25.75      80  80    85    41     7052 -3181     7    40   58  1630    40  1630  251268  2362173                                                                                                                   
 7456 25.00      81  81    83    39     7135 -3264     7    39   65  1669    39  1669  251275  2362212                                                                                                                   
 7500 24.57      81  81    40    18     7175 -3304     3    18   68  1687    18  1687  251278  2362230 
 7559 24.00      81  81    94    43     7229 -3358     7    42   72  1711    42  1711  251282  2362254                                                                                                                   
 7644 23.75      79  79    78    34     7306 -3435     6    34   78  1745    34  1745  251288  2362288                                                                                                                   
 7738 22.25      80  80    87    37     7393 -3522     7    36   84  1781    36  1781  251294  2362324                                                                                                                   
 7802 22.25      84  84    59    24     7452 -3581     3    24   88  1805    24  1805  251298  2362348                                                                                                                   
 7865 22.00      82  82    58    24     7511 -3640     3    24   91  1829    24  1829  251301  2362372                                                                                                                   
 7959 22.25      82  82    87    35     7598 -3727     5    35   96  1864    35  1864  251306  2362407                                                                                                                   
 8000 22.58      77  77    38    16     7636 -3765     3    15   98  1879    15  1879  251308  2362422 
 8021 22.75      75  75    57    24     7655 -3784     5    23  100  1887    23  1887  251310  2362430                                                                                                                   
 8088 23.50      74  74    62    26     7717 -3846     7    25  107  1912    25  1912  251317  2362455                                                                                                                   
 8150 23.25      74  74    57    25     7774 -3903     7    24  114  1936    24  1936  251324  2362479                                                                                                                   
 8248 22.00      70  70    90    38     7864 -3993    12    36  126  1972    36  1972  251336  2362515                                                                                                                   
 8256 22.02      70  70     7     3     7871 -4000     1     3  127  1975     3  1975  251337  2362518 
 8344 22.25      69  69    89    36     7953 -4082    13    34  138  2006    34  2006  251348  2362549                                                                                                                   
 8441 23.00      66  66    90    37     8042 -4171    14    34  153  2040    34  2040  251363  2362583                                                                                                                   
 8500 22.22      69  69    54    23     8097 -4226     9    21  161  2061    21  2061  251371  2362604 
 8535 21.75      70  70    87    36     8129 -4258    13    33  166  2073    33  2073  251376  2362616                                                                                                                   
 8690 20.75      68  68   144    56     8274 -4403    20    52  186  2126    52  2126  251396  2362669                                                                                                                   
 8950 19.75      70  70   244    90     8518 -4647    32    84  218  2210    84  2210  251428  2362753                                                                                                                   
 9000 19.78      68  68    47    17     8565 -4694     6    16  224  2226    16  2226  251434  2362769 
 9150 19.89      62  62   141    51     8706 -4835    21    46  246  2272    46  2272  251456  2362815 
 9200 19.92      60  60   188    68     8753 -4882    30    61  254  2287    61  2287  251464  2362830 
 9314 20.00      56  56   342   124     8860 -4989    57   110  275  2320   110  2320  251485  2362863 
 9326 18.15      55  55    11     4     8871 -5000     2     3  277  2323     3  2323  251487  2362866 
 9327 18.00      55  55   357   122     8874 -5003    56   108  275  2318   108  2318  251485  2362861                                                                                                                   
 9395 19.75      53  53    64    22     8939 -5068    13    18  288  2336    18  2336  251498  2362879                                                                                                                   
 9400 19.80      53  53     5     2     8944 -5073     1     1  289  2337     1  2337  251499  2362880 
 9456 20.40      52  52    53    19     8996 -5125    12    15  300  2352    15  2352  251510  2362895 
 9483 20.69      51  51    25     9     9021 -5150     6     7  306  2360     7  2360  251516  2362903 
 9600 21.94      49  49   187    71     9130 -5259    45    55  334  2392    55  2392  251544  2362935 
 9793 24.00      45  45   369   148     9308 -5437    97   112  385  2448   112  2448  251595  2362991                                                                                                                   
 9800 24.10      45  45     6     3     9315 -5444     2     2  387  2450     2  2450  251597  2362993 
 9885 25.25      41  41    84    38     9392 -5521    28    26  413  2474    26  2474  251623  2363017                                                                                                                   
 9888 25.30      41  41     3     1     9394 -5523     1     1  414  2475     1  2475  251624  2363018 
10000 27.29      39  39   103    51     9495 -5624    39    33  452  2506    33  2506  251662  2363049 
10040 28.00      38  38   139    69     9530 -5659    54    44  467  2518    44  2518  251677  2363061                                                                                                                   
10109 28.50      37  37    61    33     9591 -5720    26    20  493  2538    20  2538  251703  2363081                                                                                                                   
10110 28.50      37  37     1     0     9592 -5721     0     0  493  2538     0  2538  251703  2363081 
10114 28.50      37  37     4     2     9596 -5725     2     1  494  2539     1  2539  251704  2363082                                                                                                                   
10119 28.50      37  37     4     2     9600 -5729     2     1  496  2541     1  2541  251706  2363084                                                                                                                   
