      WELL DATA SUMMARY                                                                                   
            
Well  BLM 72A-19    
                         
Sec Az  272         
Elev   4172 KB      
CoordsNorth  248938 East 2E+06        2354363 
                         Course               
  MD  Drift Drift D. AzimLength  DH     TVD     SSD    DNS   DEW   N-S   E-W  DSec   Sec   N-LAM E-LAM    
__________________________________________________________________________________________________________
                                                                                                          
    0  0.00      70  250                        4172     0     0     0     0     0     0  248938  2354363 
  172  0.78      70  250   172     1      172   4000     0    -1     0    -1     1     1  248938  2354362 
  500  2.27      70  250   500    10      500   3672    -3    -9    -3    -9     9     9  248935  2354354 
  825  3.75      70  250   325    17      824   3348    -6   -16    -9   -25    16    25  248929  2354338 
  892  4.00      70  250    67     5      891   3281    -2    -4   -11   -30     4    29  248927  2354333 
  924  5.00      83  263    32     3      923   3249    -1    -2   -11   -32     2    32  248927  2354331 
  956  6.00      86  274    32     3      955   3217     0    -3   -11   -35     3    35  248927  2354328 
  986  7.50      81  279    30     4      985   3187     0    -4   -11   -39     4    38  248927  2354324 
 1000  8.16      81  279    14     2      999   3173     0    -2   -11   -41     2    40  248927  2354322 
 1018  9.00      80  280    18     3     1017   3155     0    -3   -10   -43     3    43  248928  2354320 
 1049 10.50      80  280    31     5     1047   3125     1    -5    -9   -48     5    48  248929  2354315 
 1133 13.75      71  289    82    18     1129   3043     4   -17    -5   -65    17    65  248933  2354298 
 1177 14.81      71  289    43    11     1172   3000     4   -10    -1   -76    10    76  248937  2354287 
 1226 16.00      71  289    90    24     1219   2953     8   -23     3   -88    23    88  248941  2354275 
 1320 17.25      71  289    90    27     1309   2863     9   -25    12  -113    26   114  248950  2354250 
 1380 18.75      71  289    57    19     1366   2806     6   -18    18  -131    18   131  248956  2354232 
 1485 20.50      75  285    99    35     1465   2707    10   -34    28  -165    34   166  248966  2354198 
 1500 20.58      75  285    14     5     1479   2693     1    -5    29  -170     5   171  248967  2354193 
 1578 21.00      75  285    73    28     1552   2620     7   -27    36  -196    27   198  248974  2354167 
 1733 21.75      74  286   144    56     1696   2476    15   -54    52  -251    55   253  248990  2354112 
 1886 23.50      76  284   141    59     1838   2334    15   -57    67  -308    57   310  249005  2354055 
 2000 24.41      76  284   104    46     1942   2230    11   -45    78  -353    45   355  249016  2354010 
 2042 24.75      76  284    38    17     1980   2192     4   -17    82  -370    17   372  249020  2353993 
 2199 25.00      75  285   142    66     2122   2050    17   -64    99  -434    64   437  249037  2353929 
 2254 25.54      75  285    50    23     2172   2000     6   -23   105  -456    23   460  249043  2353907 
 2353 26.50      74  286   139    67     2261   1911    18   -64   117  -498    65   502  249055  2353865 
 2477 27.00      76  284   111    56     2372   1800    14   -54   131  -552    54   556  249069  2353811 
 2500 27.00      76  284    20    10     2392   1780     3   -10   134  -562    10   566  249072  2353801 
 2570 27.00      76  284    62    32     2455   1717     8   -31   141  -593    31   598  249079  2353770 
 2694 27.50      79  281   110    57     2565   1607    12   -55   154  -648    56   653  249092  2353715 
 2757 27.50      78  282    56    29     2621   1551     6   -29   159  -677    29   682  249097  2353686 
 2843 26.25      77  283    77    39     2698   1474     8   -38   168  -715    38   720  249106  2353648 
 2940 25.00      77  283    87    42     2785   1387     9   -41   177  -756    41   761  249115  2353607 
 3000 23.98      77  283    55    25     2840   1332     6   -24   183  -780    24   786  249121  2353583 
 3087 22.50      76  284    80    34     2920   1252     8   -33   191  -813    34   819  249129  2353550 
 3149 21.00      77  283    58    23     2977   1195     5   -22   196  -836    23   842  249134  2353527 
 3209 20.00      78  282    56    21     3033   1139     5   -21   201  -856    21   863  249139  2353507 
 3272 19.00      78  282    59    21     3093   1079     4   -21   205  -877    21   883  249143  2353486 
 3340 18.00      76  284    64    22     3157   1015     5   -21   210  -898    21   905  249148  2353465 
 3355 17.88      76  284    14     5     3172   1000     1    -4   211  -902     5   909  249149  2353461 
 3402 17.50      77  283    59    19     3216    956     4   -18   215  -916    19   923  249153  2353447 
 3500 16.66      76  284    94    29     3310    862     7   -28   221  -944    28   951  249159  2353419 
 3578 16.00      75  285    75    22     3385    787     6   -21   227  -965    21   973  249165  2353398 
 3672 16.50      75  285    90    26     3475    697     7   -25   234  -991    26   998  249172  2353372 
 3858 17.50      74  286   178    54     3653    519    15   -52   248 -1043    53  1051  249186  2353320 
 4000 17.96      82  278   135    43     3788    384     9   -42   257 -1085    43  1094  249195  2353278 
 4012 18.00      83  277    11     4     3800    372     0    -4   258 -1089     4  1097  249196  2353274 
 4167 18.00      86  274   147    48     3947    225     5   -48   262 -1137    48  1145  249200  2353226 
 4323 18.00      90  270   148    48     4095     77     2   -48   264 -1185    48  1193  249202  2353178 
 4403 17.48      89  269    76    24     4172      0     0   -24   264 -1209    24  1218  249202  2353154 
 4477 17.00      88  268   147    46     4242    -70    -1   -46   263 -1231    46  1240  249201  2353132 
 4500 17.07      88  268    22     7     4264    -92     0    -7   263 -1238     7  1246  249201  2353125 
 4633 17.50      85  265   127    40     4391   -219    -3   -39   260 -1277    39  1286  249198  2353086 
 4787 16.75      79  259   147    45     4538   -366    -6   -45   254 -1322    45  1330  249192  2353041 
 4972 16.00      76  256   177    52     4716   -544   -11   -51   243 -1373    50  1381  249181  2352990 
 5000 15.95      76  256    27     8     4743   -571    -2    -7   241 -1381     7  1388  249179  2352982 
 5165 15.65      76  256   159    45     4902   -730   -11   -44   230 -1424    43  1431  249168  2352939 
 5251 15.50      76  256    83    23     4984   -812    -6   -22   224 -1447    22  1454  249162  2352916 
 5437 14.00      72  252   180    47     5164   -992   -13   -46   211 -1492    45  1499  249149  2352871 
 5445 13.97      72  252     8     2     5172  -1000    -1    -2   211 -1494     2  1501  249149  2352869 
 5500 13.79      69  249    61    15     5225  -1053    -5   -14   206 -1507    14  1513  249144  2352856 
 5507 13.77      69  249     7     2     5232  -1060    -1    -2   206 -1508     2  1514  249144  2352855 
 5587 13.50      66  246    78    19     5310  -1138    -7   -17   198 -1526    17  1532  249136  2352837 
 5743 12.25      64  244   152    35     5462  -1290   -15   -32   184 -1557    31  1563  249122  2352806 
 5911 12.00      56  236   164    35     5626  -1454   -18   -31   166 -1588    30  1592  249104  2352775 
 6000 12.00      55  235    87    19     5713  -1541   -10   -15   156 -1603    15  1607  249094  2352760 
 6135 12.00      54  234   132    28     5845  -1673   -16   -23   139 -1626    22  1630  249077  2352737 
 6227 12.00      52  232    90    19     5935  -1763   -12   -15   128 -1641    15  1644  249066  2352722 
 6251 12.00      52  232    23     5     5959  -1787    -3    -4   125 -1645     4  1648  249063  2352718 
 6267 12.00      52  232    16     3     5975  -1803    -2    -3   123 -1647     3  1651  249061  2352716 
 6270 12.00      52  232     3     1     5977  -1805     0     0   122 -1648     0  1651  249060  2352715 
 6310 11.84      53  233    39     8     6017  -1845    -5    -7   117 -1655     6  1658  249055  2352708 
 6436 11.32      56  236   123    25     6140  -1968   -15   -21   103 -1675    20  1678  249041  2352688 
 6450 11.27      56  236    14     3     6154  -1982    -2    -2   101 -1677     2  1680  249039  2352686 
 6467 11.20      57  237    17     3     6170  -1998    -2    -3    99 -1680     3  1683  249037  2352683 
 6469 11.19      57  237     2     0     6172  -2000     0     0    99 -1681     0  1683  249037  2352682 
 6500 11.06      58  238    32     6     6203  -2031    -3    -5    96 -1686     5  1688  249034  2352677 
 6568 10.78      59  239    67    13     6270  -2098    -7   -11    89 -1697    11  1699  249027  2352666 
 6577 10.75      60  240     9     2     6278  -2106    -1    -1    88 -1698     1  1700  249026  2352665 
 6610 10.61      60  240    32     6     6311  -2139    -3    -5    85 -1703     5  1705  249023  2352660 
 6760 10.00      64  244   148    27     6458  -2286   -13   -24    73 -1727    23  1728  249011  2352636 
 7000  6.14      64  244   238    34     6696  -2524   -15   -30    58 -1757    30  1758  248996  2352606 
 7381     0      64  244   380    20     7077  -2905    -9   -18    49 -1776    18  1776  248987  2352587 
 7381  0.00       0  360     0     0     7077  -2905     0     0    49 -1776     0  1776  248987  2352587 
 7476  1.36       6  354    95     1     7172  -3000     1     0    50 -1776     0  1776  248988  2352587 
 7500  1.70       7  353   119     2     7196  -3024     2     0    51 -1776     0  1776  248989  2352587 
 7556  2.50      11  349    56     2     7251  -3079     2     0    53 -1776     0  1777  248991  2352587 
 7664  2.50      11  349   108     5     7359  -3187     5    -1    57 -1777     1  1778  248995  2352586 
 7958  2.50      11  349   294    13     7653  -3481    13    -2    70 -1779     3  1781  249008  2352584 
                                                                                                          
                                                                                                          
                                                                                                          
                                                                                                          
                                                                                                          
                                                                                                          
                                                                                                          
                                                                                                          
                                                                                                          
                                                                                                          
                                                                                                          
                                                                                                          
                                                                                                          
                                                                                                          
                                                                                                          
                                                                                                          
                                                                                                          
                                                                                                          
                                                                                                          
                                                                                                          
                                                                                                          
                                                                                                          
                                                                                                          
                                                                                                          
                                                                                                          
                                                                                                          
                                                                                                          
                                                                                                          
                                                                                                          
                                                                                                          
                                                                                                          
                                                                                                          
                                                                                                          
                                                                                                          
                                                                                                          
                                                                                                          
                                                                                                          
                                                                                                          
                                                                                                          
                                                                                                          
                                                                                                          
                                                                                                          
                                                                                                          
                                                                                                          
                                                                                                          
                                                                                                          
                                                                                                          
                                                                                                          
                                                                                                          
                                                                                                          
                                                                                                          
                                                                                                          
                                                                                                          
                                                                                                          
                                                                                                          
                                                                                                          
                                                                                                          
                                                                                                          
                                                                                                          
                                                                                                          
                                                                                                          
                                                                                                          
                                                                                                          
                                                                                                          
                                                                                                          
                                                                                                          
                                                                                                          
                                                                                                          
                                                                                                          
                                                                                                          
                                                                                                          
                                                                                                          
                                                                                                          
                                                                                                          
                                                                                                          
                                                                                                          
                                                                                                          
                                                                                                          
                                                                                                          
                                                                                                          
                                                                                                          
                                                                                                          
                                                                                                          
                                                                                                          
                                                                                                          
                                                                                                          
                                                                                                          
                                                                                                          
                                                                                                          
                                                                                                          
                                                                                                          
                                                                                                          
                                                                                                          
                                                                                                          
                                                                                                          
                                                                                                          
                                                                                                          
                                                                                                          
                                                                                                          
                                                                                                          
                                                                                                          
                                                                                                          
                                                                                                          
                                                                                                          
                                                                                                          
                                                                                                          
                                                                                                          
                                                                                                          
                                                                                                          
                                                                                                          
                                                                                                          
                                                                                                          
                                                                                                          
                                                                                                          
                                                                                                          
                                                                                                          
                                                                                                          
                                                                                                          
                                                                                                          
                                                                                                          
                                                                                                          
    0  0.00       0  360     0     0        0   4172     0     0     0     0     0     0       0        0 
    0  0.00       0  360     0     0        0   4172     0     0     0     0     0     0       0        0 
    0  0.00       0  360     0     0        0   4172     0     0     0     0     0     0       0        0 
    0  0.00       0  360     0     0        0   4172     0     0     0     0     0     0       0        0 
    0  0.00       0  360     0     0        0   4172     0     0     0     0     0     0       0        0 
    0  0.00       0  360     0     0        0   4172     0     0     0     0     0     0       0        0 
    0  0.00       0  360     0     0        0   4172     0     0     0     0     0     0       0        0 
    0  0.00       0  360     0     0        0   4172     0     0     0     0     0     0       0        0 
    0  0.00       0  360     0     0        0   4172     0     0     0     0     0     0       0        0 
    0  0.00       0  360     0     0        0   4172     0     0     0     0     0     0       0        0 
    0  0.00       0  360     0     0        0   4172     0     0     0     0     0     0       0        0 
    0  0.00       0  360     0     0        0   4172     0     0     0     0     0     0       0        0 
    0  0.00       0  360     0     0        0   4172     0     0     0     0     0     0       0        0 
