      WELL DATA SUMMARY                                                                                      
            
Well  NAVY I 11-8   
                         
Sec Az    0 STRAIGHT HOLE             (ASSUME)
Elev   4088 KB      
CoordsNorth  259648 East              2355565 
                         Course               
  MD  Drift Drift D. AzimLength  DH     TVD     SSD    DNS   DEW   N-S   E-W  DSec    Sec     N-LAM E-LAM    
_____________________________________________________________________________________________________________
                                                                                                             
    0  0.00       0    0                        4088     0     0     0     0     0        0  259648  2355565 
   88  0.00       0    0    88     0       88   4000     0     0     0     0     0        0  259648  2355565 
  250  0.00       0    0   250     0      250   3838     0     0     0     0     0        0  259648  2355565 
  500  0.00       0    0   250     0      500   3588     0     0     0     0     0        0  259648  2355565 
  710  0.00       0    0   210     0      710   3378     0     0     0     0     0        0  259648  2355565 
  750  0.00       0    0    40     0      750   3338     0     0     0     0     0        0  259648  2355565 
 1000  0.00       0    0   250     0     1000   3088     0     0     0     0     0        0  259648  2355565 
 1088  0.00       0    0    88     0     1088   3000     0     0     0     0     0        0  259648  2355565 
 1250  0.00       0    0   250     0     1250   2838     0     0     0     0     0        0  259648  2355565 
 1500  0.00       0    0   250     0     1500   2588     0     0     0     0     0        0  259648  2355565 
 1750  0.00       0    0   250     0     1750   2338     0     0     0     0     0        0  259648  2355565 
 1978  0.00       0    0   228     0     1978   2110     0     0     0     0     0        0  259648  2355565 
 2000  0.00       0    0    22     0     2000   2088     0     0     0     0     0        0  259648  2355565 
 2088  0.00       0    0    88     0     2088   2000     0     0     0     0     0        0  259648  2355565 
 2218  0.00       0    0   218     0     2218   1870     0     0     0     0     0        0  259648  2355565 
 2250  0.00       0    0    32     0     2250   1838     0     0     0     0     0        0  259648  2355565 
 2330  0.00       0    0    80     0     2330   1758     0     0     0     0     0        0  259648  2355565 
 2500  0.00       0    0   170     0     2500   1588     0     0     0     0     0        0  259648  2355565 
 2750  0.00       0    0   250     0     2750   1338     0     0     0     0     0        0  259648  2355565 
 3000  0.00       0    0   250     0     3000   1088     0     0     0     0     0        0  259648  2355565 
 3088  0.00       0    0    88     0     3088   1000     0     0     0     0     0        0  259648  2355565 
 3237  0.00       0    0   237     0     3237    851     0     0     0     0     0        0  259648  2355565 
 3250  0.00       0    0    13     0     3250    838     0     0     0     0     0        0  259648  2355565 
 3500  0.00       0    0   250     0     3500    588     0     0     0     0     0        0  259648  2355565 
 3750  0.00       0    0   250     0     3750    338     0     0     0     0     0        0  259648  2355565 
 3900  0.00       0    0   150     0     3900    188     0     0     0     0     0        0  259648  2355565 
 3958  0.00       0    0    58     0     3958    130     0     0     0     0     0        0  259648  2355565 
 4000  0.00       0    0    42     0     4000     88     0     0     0     0     0        0  259648  2355565 
 4043  0.00       0    0    43     0     4043     45     0     0     0     0     0        0  259648  2355565 
 4088  0.00       0    0    45     0     4088      0     0     0     0     0     0        0  259648  2355565 
 4250  0.00       0    0   207     0     4250   -162     0     0     0     0     0        0  259648  2355565 
 4500  0.00       0    0   250     0     4500   -412     0     0     0     0     0        0  259648  2355565 
 4750  0.00       0    0   250     0     4750   -662     0     0     0     0     0        0  259648  2355565 
 5000  0.00       0    0   250     0     5000   -912     0     0     0     0     0        0  259648  2355565 
 5088  0.00       0    0    88     0     5088  -1000     0     0     0     0     0        0  259648  2355565 
 5250  0.00       0    0   250     0     5250  -1162     0     0     0     0     0        0  259648  2355565 
 5395  0.00       0    0   145     0     5395  -1307     0     0     0     0     0        0  259648  2355565 
 5416  0.00       0    0    21     0     5416  -1328     0     0     0     0     0        0  259648  2355565 
 5482  0.00       0    0    66     0     5482  -1394     0     0     0     0     0        0  259648  2355565 
                                                                                                             
                                                                                                             
                                                                                                             
                                                                                                             
                                                                                                             
                                                                                                             
                                                                                                             
                                                                                                             
                                                                                                             
                                                                                                             
                                                                                                             
                                                                                                             
                                                                                                             
                                                                                                             
                                                                                                             
                                                                                                             
                                                                                                             
                                                                                                             
                                                                                                             
                                                                                                             
                                                                                                             
                                                                                                             
                                                                                                             
                                                                                                             
                                                                                                             
                                                                                                             
                                                                                                             
                                                                                                             
                                                                                                             
                                                                                                             
                                                                                                             
                                                                                                             
                                                                                                             
                                                                                                             
                                                                                                             
                                                                                                             
                                                                                                             
                                                                                                             
                                                                                                             
                                                                                                             
                                                                                                             
                                                                                                             
                                                                                                             
                                                                                                             
                                                                                                             
                                                                                                             
                                                                                                             
                                                                                                             
                                                                                                             
                                                                                                             
                                                                                                             
                                                                                                             
                                                                                                             
                                                                                                             
                                                                                                             
                                                                                                             
                                                                                                             
                                                                                                             
                                                                                                             
                                                                                                             
                                                                                                             
                                                                                                             
                                                                                                             
                                                                                                             
                                                                                                             
                                                                                                             
                                                                                                             
                                                                                                             
                                                                                                             
                                                                                                             
                                                                                                             
                                                                                                             
                                                                                                             
                                                                                                             
                                                                                                             
                                                                                                             
                                                                                                             
                                                                                                             
                                                                                                             
                                                                                                             
                                                                                                             
                                                                                                             
                                                                                                             
                                                                                                             
                                                                                                             
                                                                                                             
                                                                                                             
                                                                                                             
                                                                                                             
                                                                                                             
                                                                                                             
                                                                                                             
                                                                                                             
                                                                                                             
                                                                                                             
                                                                                                             
                                                                                                             
                                                                                                             
                                                                                                             
                                                                                                             
                                                                                                             
                                                                                                             
                                                                                                             
                                                                                                             
                                                                                                             
                                                                                                             
                                                                                                             
                                                                                                             
                                                                                                             
                                                                                                             
                                                                                                             
                                                                                                             
                                                                                                             
                                                                                                             
                                                                                                             
                                                                                                             
                                                                                                             
                                                                                                             
                                                                                                             
                                                                                                             
                                                                                                             
                                                                                                             
                                                                                                             
                                                                                                             
                                                                                                             
                                                                                                             
                                                                                                             
                                                                                                             
                                                                                                             
                                                                                                             
                                                                                                             
                                                                                                             
                                                                                                             
                                                                                                             
                                                                                                             
                                                                                                             
                                                                                                             
                                                                                                             
                                                                                                             
                                                                                                             
                                                                                                             
                                                                                                             
                                                                                                             
                                                                                                             
                                                                                                             
                                                                                                             
                                                                                                             
                                                                                                             
                                                                                                             
                                                                                                             
                                                                                                             
                                                                                                             
                                                                                                             
                                                                                                             
