      WELL DATA SUMMARY                                                                                      
            
Well  NAVY I 41B-8  
                         
Sec Az   45 N 45 E  
Elev   3990 KB      
CoordsNorth  259513 East              2357611 
                         Course               
  MD  Drift Drift D. AzimLength  DH     TVD     SSD    DNS   DEW   N-S   E-W  DSec    Sec     N-LAM E-LAM    
_____________________________________________________________________________________________________________
                                                                                                             
    0  0.00      56  124     0     0        0   3990     0     0     0     0     0        0  259513  2357611 
   91  0.25      56  124    91     0       91   3899     0     0     0     0     0        0  259513  2357611 
  167  0.75      86   94    76     1      167   3823     0     1     0     1     0        0  259513  2357612 
  334  1.00      46  134   167     3      334   3656    -1     2    -1     3     1        1  259512  2357614 
  415  1.50      42  138    81     2      415   3575    -1     1    -3     4     0        1  259510  2357615 
  445  1.50      49  131    30     1      445   3545    -1     1    -3     5     0        1  259510  2357616 
  500  1.33      69  111    55     1      500   3490    -1     1    -4     6     0        2  259509  2357617 
  527  1.25      79  101    27     1      527   3463     0     1    -4     7     0        2  259509  2357618 
  576  2.00      50  130    49     1      576   3414    -1     1    -5     8     0        2  259508  2357619 
  669  2.00      53   53    93     3      669   3321     0     3    -5    11     2        5  259508  2357622 
  732  3.25      47   47    63     3      732   3258     2     2    -3    13     3        7  259510  2357624 
  793  5.00      39   39    61     4      793   3197     3     3     0    16     4       12  259513  2357627 
  825  5.75      44   44    32     3      824   3166     2     2     3    18     3       15  259516  2357629 
  856  6.50      44   44    31     3      855   3135     2     2     5    21     3       18  259518  2357632 
  922  8.50      46   46    65     9      921   3069     6     6    11    27     9       27  259524  2357638 
  992  8.87      47   47    69    11      990   3000     7     8    18    34    11       37  259531  2357645 
 1000  8.91      47   47    77    12      998   2992     8     9    19    35    12       39  259532  2357646 
 1016  9.00      47   47    16     2     1014   2976     2     2    21    37     2       41  259534  2357648 
 1110 10.00      48   48    93    16     1106   2884    10    11    31    49    15       57  259544  2357660 
 1204 10.00      50   50    93    16     1199   2791    11    12    42    61    16       73  259555  2357672 
 1295 10.25      52   52    90    16     1289   2701    10    12    52    73    16       89  259565  2357684 
 1388  9.75      52   52    92    16     1380   2610    10    13    62    86    16      105  259575  2357697 
 1481  9.25      53   53    92    15     1472   2518     9    12    71    98    15      120  259584  2357709 
 1500  9.27      54   54    19     3     1491   2499     2     2    73   101     3      123  259586  2357712 
 1527  9.30      54   54    27     4     1517   2473     3     4    76   104     4      127  259589  2357715 
 1574  9.36      56   56    46     8     1564   2426     4     6    80   110     8      135  259593  2357721 
 1610  9.40      57   57    36     6     1599   2391     3     5    83   115     6      141  259596  2357726 
 1630  9.42      57   57    20     3     1619   2371     2     3    85   118     3      144  259598  2357729 
 1699  9.50      59   59    68    11     1687   2303     6    10    91   128    11      155  259604  2357739 
 1806  8.25      66   66   106    17     1793   2197     8    15    99   142    16      171  259612  2357753 
 1841  8.25      65   65    35     5     1827   2163     2     5   101   147     5      175  259614  2357758 
 1868  8.25      65   65    27     4     1854   2136     2     4   103   150     4      179  259616  2357761 
 1899  8.50      60   60    31     5     1885   2105     2     4   105   154     4      183  259618  2357765 
 1929  8.50      55   55    30     4     1914   2076     2     4   107   158     4      188  259620  2357769 
 1959  8.25      50   50    30     4     1944   2046     3     3   110   162     4      192  259623  2357773 
 2000  8.71      45   45    41     6     1985   2005     4     4   114   166     6      198  259627  2357777 
 2005  8.76      45   45     5     1     1990   2000     1     1   114   167     1      199  259627  2357778 
 2026  9.00      42   42    26     4     2010   1980     3     3   117   169     4      202  259630  2357780 
 2083 10.00      40   40    56     9     2066   1924     7     6   124   175     9      211  259637  2357786 
 2145 11.00      40   40    61    11     2127   1863     9     7   132   182    11      223  259645  2357793 
 2238 13.00      41   41    91    19     2218   1772    15    13   147   195    19      242  259660  2357806 
 2300 14.25      38   38    60    15     2279   1711    11     9   158   204    15      256  259671  2357815 
 2381 15.35      35   35    78    21     2357   1633    17    12   175   216    20      277  259688  2357827 
 2392 15.50      35   35    11     3     2368   1622     2     2   177   218     3      280  259690  2357829 
 2400 15.48      35   35     8     2     2375   1615     2     1   179   219     2      282  259692  2357830 
 2500 15.28      35   35    96    27     2472   1518    22    15   201   235    26      308  259714  2357846 
 2512 15.25      35   35    12     3     2483   1507     3     2   203   236     3      311  259716  2357847 
 2547 15.82      37   37    34     9     2517   1473     8     5   211   242     9      320  259724  2357853 
 2604 16.75      39   39    55    16     2572   1418    13    10   224   252    16      336  259737  2357863 
 2697 17.75      38   38    89    28     2661   1329    22    17   245   269    27      364  259758  2357880 
 2821 18.75      37   37   118    39     2778   1212    31    24   276   292    39      402  259789  2357903 
 2885 18.75      37   37    61    21     2839   1151    16    12   293   305    20      422  259806  2357916 
 2978 19.00      36   36    88    30     2927   1063    24    18   317   323    30      452  259830  2357934 
 3000 18.94      37   37    21     7     2948   1042     6     4   322   327     7      459  259835  2357938 
 3045 18.82      38   38    43    15     2990   1000    12     9   334   336    14      474  259847  2357947 
 3071 18.75      39   39    67    23     3015    975    18    14   341   341    23      482  259854  2357952 
 3164 18.75      40   40    88    30     3103    887    23    19   364   360    30      512  259877  2357971 
 3258 18.50      38   38    89    30     3192    798    23    19   387   379    30      542  259900  2357990 
 3352 19.00      38   38    89    30     3281    709    24    19   411   398    30      572  259924  2358009 
 3362 19.00      38   38     9     3     3291    699     3     2   413   400     3      575  259926  2358011 
 3446 19.00      38   38    79    27     3370    620    22    17   435   416    27      602  259948  2358027 
 3500 18.85      37   37    51    18     3421    569    14    11   449   427    17      619  259962  2358038 
 3539 18.75      36   36    37    13     3458    532    10     7   459   435    12      632  259972  2358046 
 3617 18.96      37   37    74    25     3532    458    20    15   479   449    25      657  259992  2358060 
 3631 19.00      37   37    13     5     3545    445     4     3   483   452     5      661  259996  2358063 
 3726 18.50      39   39    90    31     3635    355    24    19   507   471    30      692  260020  2358082 
 3820 17.00      37   37    90    29     3724    266    23    18   530   489    28      720  260043  2358100 
 3912 17.00      37   37    88    27     3812    178    21    16   551   505    27      747  260064  2358116 
 4000 17.00      38   38    84    26     3897     93    20    16   571   520    26      772  260084  2358131 
 4007 17.00      38   38     7     2     3903     87     2     1   573   522     2      774  260086  2358133 
 4098 17.00      37   37    87    27     3990      0    21    16   594   538    26      801  260107  2358149 
 4131 17.00      37   37   119    36     4022    -32    29    22   602   544    36      810  260115  2358155 
 4255 16.75      31   31   119    36     4141   -151    30    20   632   564    35      845  260145  2358175 
 4318 16.00      36   36    60    18     4201   -211    15    10   646   574    17      863  260159  2358185 
 4442 18.50      36   36   118    37     4319   -329    30    22   676   595    36      899  260189  2358206 
 4500 20.60      36   36    55    19     4374   -384    16    11   692   607    19      918  260205  2358218 
 4566 23.00      36   36    61    25     4435   -445    20    14   712   621    24      943  260225  2358232 
 4637 24.75      35   35    65    29     4500   -510    23    17   735   638    28      971  260248  2358249 
 4750 25.00      33   33   103    48     4603   -613    39    27   775   664    47     1018  260288  2358275 
 4843 25.25      31   31    84    39     4687   -697    33    21   808   685    38     1056  260321  2358296 
 4938 26.00      33   33    86    41     4773   -783    35    22   843   707    40     1096  260356  2358318 
 5000 26.00      34   34    56    27     4828   -838    23    15   866   722    27     1123  260379  2358333 
 5032 26.00      34   34    29    14     4857   -867    12     8   877   730    14     1136  260390  2358341 
 5127 26.00      29   29    85    42     4943   -953    36    22   913   752    40     1177  260426  2358363 
 5180 26.29      28   28    48    23     4990  -1000    20    11   933   763    22     1199  260446  2358374 
 5217 26.50      28   28    81    40     5023  -1033    35    19   948   771    38     1215  260461  2358382 
 5332 26.50      29   29   103    51     5126  -1136    45    24   993   795    49     1264  260506  2358406 
 5435 26.25      27   27    92    46     5218  -1228    40    21  1033   817    44     1308  260546  2358428 
 5500 26.39      28   28    58    29     5277  -1287    26    13  1059   830    27     1335  260572  2358441 
 5550 26.50      28   28    45    22     5321  -1331    20    10  1079   840    21     1357  260592  2358451 
 5807 26.00      27   27   230   114     5552  -1562   101    52  1179   893   108     1465  260692  2358504 
 5934 24.00      26   26   115    54     5667  -1677    48    24  1227   917    51     1516  260740  2358528 
 6000 24.00      27   27    60    27     5727  -1737    24    12  1251   929    25     1541  260764  2358540 
 6057 24.00      27   27    52    23     5779  -1789    21    10  1272   939    22     1563  260785  2358550 
 6151 24.00      26   26    86    38     5865  -1875    34    17  1306   956    36     1600  260819  2358567 
 6288 24.00      26   26   125    56     5990  -2000    50    24  1356   980    53     1652  260869  2358591 
 6500 24.00      26   26   319   142     6184  -2194   128    62  1434  1018   134     1734  260947  2358629 
 7332 24.00      26   26   760   338     6944  -2954   304   148  1738  1167   320     2054  261251  2358778 
                         -7172 -1524                                                                         
                             0     0                                                                         
                             0     0                                                                         
                             0     0                                                                         
                             0     0                                                                         
                             0     0                                                                         
                             0     0                                                                         
                             0     0                                                                         
                             0     0                                                                         
                             0     0                                                                         
                             0     0                                                                         
                                                                                                             
                                                                                                             
                                                                                                             
                                                                                                             
                                                                                                             
                                                                                                             
                                                                                                             
                                                                                                             
                                                                                                             
                                                                                                             
                                                                                                             
                                                                                                             
                                                                                                             
                                                                                                             
                                                                                                             
                                                                                                             
                                                                                                             
                                                                                                             
                                                                                                             
                                                                                                             
                                                                                                             
                                                                                                             
                                                                                                             
                                                                                                             
                                                                                                             
                                                                                                             
                                                                                                             
                                                                                                             
                                                                                                             
                                                                                                             
                                                                                                             
                                                                                                             
                                                                                                             
                                                                                                             
                                                                                                             
                                                                                                             
                                                                                                             
                                                                                                             
                                                                                                             
                                                                                                             
                                                                                                             
                                                                                                             
                                                                                                             
                                                                                                             
                                                                                                             
                                                                                                             
                                                                                                             
                                                                                                             
                                                                                                             
                                                                                                             
                                                                                                             
                                                                                                             
                                                                                                             
                                                                                                             
                                                                                                             
                                                                                                             
                                                                                                             
                                                                                                             
                                                                                                             
                                                                                                             
                                                                                                             
                                                                                                             
                                                                                                             
                                                                                                             
                                                                                                             
                                                                                                             
                                                                                                             
                                                                                                             
                                                                                                             
                                                                                                             
                                                                                                             
                                                                                                             
                                                                                                             
                                                                                                             
                                                                                                             
                                                                                                             
                                                                                                             
                                                                                                             
                                                                                                             
                                                                                                             
                                                                                                             
                                                                                                             
                                                                                                             
                                                                                                             
                                                                                                             
                                                                                                             
                                                                                                             
                                                                                                             
                                                                                                             
                                                                                                             
                                                                                                             
                                                                                                             
                                                                                                             
                                                                                                             
                                                                                                             
                                                                                                             
                                                                                                             
                                                                                                             
                                                                                                             
                                                                                                             
                                                                                                             
                                                                                                             
                                                                                                             
                                                                                                             
                                                                                                             
                                                                                                             
                                                                                                             
                                                                                                             
