      WELL DATA SUMMARY                                                                                      
            
Well  NAVY I 47A-8  
                         
Sec Az  320         
Elev   4341 KB      
CoordsNorth  256137 East              2357453 
                         Course               
  MD  Drift Drift D. AzimLength  DH     TVD     SSD    DNS   DEW   N-S   E-W  DSec    Sec     N-LAM E-LAM    
_____________________________________________________________________________________________________________
                                                                                                             
    0  0.00       0    0                        4341     0     0     0     0     0        0  256137  2357453 
  144  0.00       0    0   144     0      144   4197     0     0     0     0     0        0  256137  2357453 
  341  0.00       0    0   197     0      341   4000     0     0     0     0     0        0  256137  2357453 
  358  0.00       0    0   214     0      358   3983     0     0     0     0     0        0  256137  2357453 
  471  0.00       0  221   113     0      471   3870     0     0     0     0     0        0  256137  2357453 
  500  0.62      11  221    29     0      500   3841     0     0     0     0     0        0  256137  2357453 
  576  2.25      41  221   105     2      576   3765    -2    -1    -2    -1     0        0  256135  2357452 
  664  1.25      42  222    88     3      664   3677    -2    -2    -4    -3     0       -1  256133  2357450 
  752  0.50       4  356    88     1      752   3589     0    -1    -3    -4     1        0  256134  2357449 
  860  0.75      59  121   108    -1      860   3481     1     1    -3    -3     0        0  256134  2357450 
  938  0.50      10  170    78     1      938   3403    -1     0    -3    -3    -1       -1  256134  2357450 
 1000  0.34      46  103    62     0     1000   3341     0     0    -4    -3     0       -1  256133  2357450 
 1034  0.25      66   66    96     1     1034   3307     0     1    -4    -2    -1       -1  256133  2357451 
 1083  0.50      33  147    49     0     1083   3258     0     0    -4    -2     0       -1  256133  2357451 
 1114  0.25      77  283    31     0     1114   3227     0     0    -4    -2     0       -1  256133  2357451 
 1145  1.00      18  342    31     0     1145   3196     0     0    -4    -2     0       -1  256133  2357451 
 1176  2.00      25  335    31     1     1176   3165     1     0    -3    -3     1        0  256134  2357450 
 1251  3.75      32  328    75     4     1251   3090     3    -2     1    -5     4        3  256138  2357448 
 1312  4.50      40  320    61     4     1312   3029     4    -3     4    -7     4        8  256141  2357446 
 1341  4.82      40  320    29     2     1341   3000     2    -2     6    -9     2       10  256143  2357444 
 1379  5.25      40  320    67     6     1378   2963     4    -4     8   -11     6       13  256145  2357442 
 1440  6.00      40  320    61     6     1439   2902     5    -4    13   -15     6       19  256150  2357438 
 1500  7.30      40  320    60     7     1499   2842     5    -4    18   -19     7       26  256155  2357434 
 1532  8.00      40  320    91    11     1530   2811     9    -7    22   -22    11       31  256159  2357431 
 1624 10.25      41  319    91    15     1621   2720    11    -9    33   -31    15       45  256170  2357422 
 1717 13.25      41  319    91    19     1712   2629    14   -12    47   -44    19       64  256184  2357409 
 1807 13.50      39  321    88    21     1800   2541    16   -13    63   -57    21       85  256200  2357396 
 1837 13.82      39  321    29     7     1829   2512     6    -4    68   -62     7       92  256205  2357391 
 1900 14.50      39  321    90    22     1890   2451    17   -14    80   -71    22      107  256217  2357382 
 1989 14.25      39  321    86    22     1976   2365    17   -14    98   -85    22      129  256235  2357368 
 2000 14.51      39  321    11     3     1987   2354     2    -2   100   -87     3      132  256237  2357366 
 2086 16.50      38  322    94    26     2070   2271    20   -16   118  -101    26      155  256255  2357352 
 2150 18.14      39  321    61    19     2131   2210    15   -12   133  -113    19      174  256270  2357340 
 2174 18.75      39  321    84    27     2154   2187    21   -17   139  -118    27      182  256276  2357335 
 2268 21.00      40  320    88    32     2242   2099    25   -20   163  -138    32      214  256300  2357315 
 2360 23.00      38  322    85    34     2327   2014    27   -22   190  -160    34      248  256327  2357293 
 2375 23.33      38  322    14     6     2341   2000     5    -4   195  -163     6      254  256332  2357290 
 2451 25.00      40  320    83    37     2411   1930    29   -23   219  -183    37      285  256356  2357270 
 2500 26.45      40  320    44    21     2455   1886    16   -14   235  -197    21      307  256372  2357256 
 2544 27.75      40  320    83    41     2494   1847    32   -27   250  -210    41      327  256387  2357243 
 2594 28.72      40  320    44    24     2538   1803    18   -15   269  -225    24      350  256406  2357228 
 2634 29.50      40  320    79    43     2573   1768    33   -28   283  -237    43      370  256420  2357216 
 2656 29.37      41  319    19    11     2592   1749     8    -7   292  -244    11      381  256429  2357209 
 2665 29.32      41  319    27    15     2600   1741    12   -10   295  -247    15      385  256432  2357206 
 2718 29.00      42  318    73    41     2646   1695    31   -27   314  -264    41      411  256451  2357189 
 2809 29.25      43  317    79    44     2726   1615    33   -30   347  -294    44      455  256484  2357159 
 2901 28.75      41  319    80    45     2806   1535    33   -30   380  -324    45      500  256517  2357129 
 2993 29.50      40  320    80    45     2886   1455    34   -29   414  -353    45      544  256551  2357100 
 3000 29.59      40  320     6     3     2893   1448     3    -2   417  -355     3      548  256554  2357098 
 3087 30.75      42  318    81    47     2968   1373    36   -31   450  -384    47      592  256587  2357069 
 3146 31.25      42  318    51    30     3018   1323    23   -20   472  -404    30      622  256609  2357049 
 3241 31.25      39  321    81    49     3100   1241    37   -32   510  -436    49      671  256647  2357017 
 3333 31.00      40  320    79    48     3178   1163    37   -30   547  -467    48      719  256684  2356986 
 3424 30.75      40  320    78    47     3256   1085    36   -30   582  -497    47      765  256719  2356956 
 3500 30.75      40  320    65    39     3322   1019    30   -25   612  -522    39      804  256749  2356931 
 3517 30.75      40  320    80    48     3336   1005    36   -31   619  -527    48      813  256756  2356926 
 3522 30.75      40  320     4     3     3341   1000     2    -2   621  -529     3      816  256758  2356924 
 3641 30.75      40  320   107    63     3443    898    49   -41   667  -568    63      876  256804  2356885 
 3726 30.75      40  320    73    43     3516    825    33   -28   701  -596    43      920  256838  2356857 
 3980 29.75      39  321   219   128     3735    606    99   -81   799  -677   128     1048  256936  2356776 
 4000 29.75      39  321    17    10     3753    588     8    -6   807  -684    10     1058  256944  2356769 
 4020 29.75      39  321    17    10     3770    571     8    -6   815  -690    10     1068  256952  2356763 
                                                                                                             
                                                                                                             
                                                                                                             
                                                                                                             
                                                                                                             
                                                                                                             
                                                                                                             
                                                                                                             
                                                                                                             
                                                                                                             
                                                                                                             
                                                                                                             
                                                                                                             
                                                                                                             
                                                                                                             
                                                                                                             
                                                                                                             
                                                                                                             
                                                                                                             
                                                                                                             
                                                                                                             
                                                                                                             
                                                                                                             
                                                                                                             
                                                                                                             
                                                                                                             
                                                                                                             
                                                                                                             
                                                                                                             
                                                                                                             
                                                                                                             
                                                                                                             
                                                                                                             
                                                                                                             
                                                                                                             
                                                                                                             
                                                                                                             
                                                                                                             
                                                                                                             
                                                                                                             
                                                                                                             
                                                                                                             
                                                                                                             
                                                                                                             
                                                                                                             
                                                                                                             
                                                                                                             
                                                                                                             
                                                                                                             
                                                                                                             
                                                                                                             
                                                                                                             
                                                                                                             
                                                                                                             
                                                                                                             
                                                                                                             
                                                                                                             
                                                                                                             
                                                                                                             
                                                                                                             
                                                                                                             
                                                                                                             
                                                                                                             
                                                                                                             
                                                                                                             
                                                                                                             
                                                                                                             
                                                                                                             
                                                                                                             
                                                                                                             
                                                                                                             
                                                                                                             
                                                                                                             
                                                                                                             
                                                                                                             
                                                                                                             
                                                                                                             
                                                                                                             
                                                                                                             
                                                                                                             
                                                                                                             
                                                                                                             
                                                                                                             
                                                                                                             
                                                                                                             
                                                                                                             
                                                                                                             
                                                                                                             
                                                                                                             
                                                                                                             
                                                                                                             
                                                                                                             
                                                                                                             
                                                                                                             
                                                                                                             
                                                                                                             
                                                                                                             
                                                                                                             
                                                                                                             
                                                                                                             
                                                                                                             
                                                                                                             
                                                                                                             
                                                                                                             
                                                                                                             
                                                                                                             
                                                                                                             
                                                                                                             
                                                                                                             
                                                                                                             
                                                                                                             
                                                                                                             
                                                                                                             
                                                                                                             
                                                                                                             
                                                                                                             
                                                                                                             
                                                                                                             
                                                                                                             
                                                                                                             
                                                                                                             
                                                                                                             
                                                                                                             
                                                                                                             
                                                                                                             
                                                                                                             
                                                                                                             
                                                                                                             
                                                                                                             
                                                                                                             
                                                                                                             
                                                                                                             
                                                                                                             
                                                                                                             
                                                                                                             
                                                                                                             
                                                                                                             
                                                                                                             
                                                                                                             
                                                                                                             
                                                                                                             
