      WELL DATA SUMMARY                                                                                   
            
Well  NAVY I 31-8   
                         
Sec Az  296         
Elev   4078 KB      
CoordsNorth  259589 East              2356040 
                         Course               
  MD  Drift Drift D. AzimLength  DH     TVD     SSD    DNS   DEW   N-S   E-W  DSec   Sec   N-LAM   E-LAM  
__________________________________________________________________________________________________________
                                                                                                          
    0  0.00      36   36                        4078     0     0     0     0     0     0  259589  2356040 
   78  0.31      36   36    78     0       78   4000     0     0     0     0     0     0  259589  2356040 
  249  1.00      36   36   249     2      249   3829     2     1     2     1     0     0  259591  2356041 
  351  1.00      36   36   102     2      351   3727     1     1     3     2     0    -1  259592  2356042 
  500  1.24      36   36   149     3      500   3578     2     2     6     4    -1    -1  259595  2356044 
  506  1.25      36   36     6     0      506   3572     0     0     6     4     0    -1  259595  2356044 
  895  2.25      36   36   389    12      895   3183    10     7    15    11    -2    -3  259604  2356051 
 1000  2.59      36   36   105     4     1000   3078     4     3    19    14    -1    -4  259608  2356054 
 1078  2.85      36   36    78     4     1078   3000     3     2    22    16    -1    -5  259611  2356056 
 1124  3.00      36   36   124     6     1124   2954     5     4    24    17    -1    -5  259613  2356057 
 1365  5.50      36   36   240    18     1364   2714    14    10    38    28    -3    -8  259627  2356068 
 1500  7.03      36   36   134    15     1498   2580    12     9    50    36    -3   -11  259639  2356076 
 1585  8.00      36   36    84    11     1582   2496     9     7    59    43    -2   -13  259648  2356083 
 1730 11.20      36   36   143    24     1725   2353    20    14    79    57    -4   -17  259668  2356097 
 1800 13.40      52  308    68   -15     1794   2284    15    -2    93    55     8    -9  259682  2356095 
 1860 14.50      64  296    58    14     1852   2226     8   -12   101    43    14     6  259690  2356083 
 1898 15.20      72  288    37    10     1889   2189     4    -9   105    34    10    16  259694  2356074 
 1980 15.50      63  297    79    22     1968   2110     8   -20   113    14    22    37  259702  2356054 
 2000 15.43      70  290    19     5     1987   2091     2    -5   115     9     5    43  259704  2356049 
 2010 15.40      73  287    10     3     1997   2081     1    -3   116     6     3    45  259705  2356046 
 2094 15.31      81  279    81    22     2078   2000     5   -22   121   -15    22    67  259710  2356025 
 2108 15.30      82  278    95    26     2091   1987     6   -25   122   -19    25    70  259711  2356021 
 2142 15.50      85  275    33     9     2124   1954     1    -9   123   -28     9    79  259712  2356012 
 2142 15.50      85  275     0     0     2124   1954     0     0   123   -28     0    79  259712  2356012 
 2196 15.40      77  283    52    14     2176   1902     2   -14   125   -42    14    93  259714  2355998 
 2248 15.00      89  271    50    14     2226   1852     2   -14   127   -56    13   106  259716  2355984 
 2300 14.90      89  271    50    13     2276   1802     0   -13   127   -69    12   118  259716  2355971 
 2366 14.80      84  276    64    17     2340   1738     1   -17   128   -86    16   133  259717  2355954 
 2400 14.50      82  278    33     9     2373   1705     1    -9   129   -95     8   141  259718  2355945 
 2429 14.03      75  285    28     7     2401   1677     1    -7   130  -102     7   148  259719  2355938 
 2462 13.50      66  294    32     8     2433   1645     3    -7   133  -109     8   156  259722  2355931 
 2500 13.19      65  295    37     9     2470   1608     4    -8   137  -117     9   165  259726  2355923 
 2524 13.00      65  295    23     5     2494   1584     2    -5   139  -122     5   170  259728  2355918 
 2550 13.10      61  299    25     6     2519   1559     3    -5   142  -127     6   176  259731  2355913 
 2555 13.06      62  298     5     1     2524   1554     1    -1   142  -128     1   177  259731  2355912 
 2610 12.60      68  292    54    12     2577   1501     5   -11   147  -139    12   190  259736  2355901 
 2656 12.60      77  283    45    10     2622   1456     3   -10   150  -149    10   200  259739  2355891 
 2694 12.10      70  290    37     8     2659   1419     2    -8   153  -157     8   208  259742  2355883 
 2730 11.90      74  286    35     7     2695   1383     2    -7   155  -164     7   215  259744  2355876 
 2780 12.10      86  274    49    10     2744   1334     2   -10   157  -174    10   225  259746  2355866 
 2804 11.90      89  271    23     5     2767   1311     0    -5   157  -179     5   230  259746  2355861 
 2854 11.50      89  271    49    10     2816   1262     0   -10   157  -189     9   239  259746  2355851 
 2896 11.00      75  285    41     8     2857   1221     1    -8   158  -197     8   247  259747  2355843 
 2944 10.30      81  279    47     9     2904   1174     2    -9   160  -206     9   255  259749  2355834 
 2998 10.10      89  271    53    10     2957   1121     1   -10   161  -215     9   264  259750  2355825 
 3000 10.12      89  271     2     0     2959   1119     0     0   161  -216     0   264  259750  2355824 
 3048 10.50      82  278    47     9     3007   1071     1    -9   162  -224     8   272  259751  2355816 
 3094 10.30      80  280    45     8     3052   1026     1    -8   163  -232     8   280  259752  2355808 
 3120 10.57      83  277    26     5     3078   1000     1    -5   164  -237     4   285  259753  2355803 
 3142 10.80      86  274    47     9     3099    979     1    -9   164  -241     8   289  259753  2355799 
 3188 11.00      84  276    45     9     3144    934     1    -9   165  -250     8   297  259754  2355790 
 3216 11.50      88  272    27     5     3172    906     0    -5   165  -255     5   302  259754  2355785 
 3250 11.50      86  274    33     7     3205    873     0    -7   166  -262     6   308  259755  2355778 
 3290 11.10      89  271    39     8     3244    834     0    -8   166  -270     7   315  259755  2355770 
 3330 10.70      72  288    39     8     3284    794     1    -7   167  -277     7   323  259756  2355763 
 3384 10.40      72  288    53    10     3337    741     3    -9   170  -287    10   332  259759  2355753 
 3400 10.60      85  275    16     3     3352    726     1    -3   171  -290     3   335  259760  2355750 
 3430 11.32      77  283    29     6     3382    696     1    -6   172  -295     5   341  259761  2355745 
 3450 11.80      72  288    20     4     3401    677     1    -4   173  -299     4   345  259762  2355741 
 3492 11.20      70  290    41     8     3443    635     3    -8   175  -307     8   353  259764  2355733 
 3500 11.24      71  289     8     2     3450    628     1    -1   176  -308     2   354  259765  2355732 
 3564 11.60      81  279    63    13     3513    565     3   -12   179  -321    12   367  259768  2355719 
 3702 11.90      86  274   135    28     3648    430     3   -28   182  -349    26   393  259771  2355691 
 3742 11.60      81  279    39     8     3687    391     1    -8   183  -357     8   401  259772  2355683 
 3796 11.40      66  294    53    11     3740    338     3   -10   186  -367    11   412  259775  2355673 
 3812 11.30      59  301    16     3     3756    322     1    -3   188  -370     3   415  259777  2355670 
 3874 11.40      88  272    61    12     3817    261     3   -12   191  -382    12   427  259780  2355658 
 3918 11.70      61  241    43     9     3860    218    -2    -9   189  -390     7   434  259778  2355650 
 3966 11.40      54  234    47    10     3907    171    -5    -8   184  -398     5   439  259773  2355642 
 4000 11.30      59  239    33     7     3940    138    -4    -6   180  -404     3   442  259769  2355636 
 4032 11.20      63  243    31     6     3972    106    -3    -5   177  -409     4   445  259766  2355631 
 4050 11.00      60  240    18     3     3989     89    -2    -3   175  -412     2   448  259764  2355628 
 4100 11.00      60  240    49    10     4038     40    -5    -8   171  -421     5   453  259760  2355619 
 4140 11.00      60  240    39     8     4078      0    -4    -7   167  -427     4   457  259756  2355613 
 4500 11.00      60  240   393    76     4431   -353   -38   -66   132  -487    43   496  259721  2355553 
 5000 11.00      60  240   491    95     4922   -844   -48   -83    85  -569    53   549  259674  2355471 
 5159 11.00      60  240   156    30     5078  -1000   -15   -26    70  -596    17   566  259659  2355444 
 5500 11.00      60  240   491    95     5413  -1335   -48   -83    37  -652    53   602  259626  2355388 
 5700 11.00      60  240   196    38     5609  -1531   -19   -33    18  -685    21   624  259607  2355355 
 6000 11.00      60  240   294    57     5904  -1826   -29   -50   -11  -735    32   656  259578  2355305 
 6178 11.00      60  240   175    34     6078  -2000   -17   -29   -28  -764    19   675  259561  2355276 
 6184 11.00      60  240   181    35     6084  -2006   -18   -30   -28  -765    20   675  259561  2355275 
                                                                                                          
                                                                                                          
                                                                                                          
                                                                                                          
                                                                                                          
                                                                                                          
                                                                                                          
                                                                                                          
                                                                                                          
                                                                                                          
                                                                                                          
                                                                                                          
                                                                                                          
                                                                                                          
                                                                                                          
                                                                                                          
                                                                                                          
                                                                                                          
                                                                                                          
                                                                                                          
                                                                                                          
                                                                                                          
                                                                                                          
                                                                                                          
                                                                                                          
                                                                                                          
                                                                                                          
                                                                                                          
                                                                                                          
                                                                                                          
                                                                                                          
                                                                                                          
                                                                                                          
                                                                                                          
                                                                                                          
                                                                                                          
                                                                                                          
                                                                                                          
                                                                                                          
                                                                                                          
                                                                                                          
                                                                                                          
                                                                                                          
                                                                                                          
                                                                                                          
                                                                                                          
                                                                                                          
                                                                                                          
                                                                                                          
                                                                                                          
                                                                                                          
                                                                                                          
                                                                                                          
                                                                                                          
                                                                                                          
                                                                                                          
                                                                                                          
                                                                                                          
                                                                                                          
                                                                                                          
                                                                                                          
                                                                                                          
                                                                                                          
                                                                                                          
                                                                                                          
                                                                                                          
                                                                                                          
                                                                                                          
                                                                                                          
                                                                                                          
                                                                                                          
                                                                                                          
                                                                                                          
                                                                                                          
                                                                                                          
                                                                                                          
                                                                                                          
                                                                                                          
                                                                                                          
                                                                                                          
                                                                                                          
                                                                                                          
                                                                                                          
                                                                                                          
                                                                                                          
                                                                                                          
                                                                                                          
                                                                                                          
                                                                                                          
                                                                                                          
                                                                                                          
                                                                                                          
                                                                                                          
                                                                                                          
                                                                                                          
                                                                                                          
                                                                                                          
                                                                                                          
                                                                                                          
                                                                                                          
                                                                                                          
                                                                                                          
                                                                                                          
                                                                                                          
                                                                                                          
                                                                                                          
                                                                                                          
                                                                                                          
                                                                                                          
                                                                                                          
                                                                                                          
                                                                                                          
                                                                                                          
                                                                                                          
                                                                                                          
                                                                                                          
                                                                                                          
                                                                                                          
                                                                                                          
                                                                                                          
                                                                                                          
