      WELL DATA SUMMARY                                                                                   
            
Well  NAVY I 41-8   
                         
Sec Az    0 STRAIGHT HOLE             (ASSUME)
Elev   3989 KB      
CoordsNorth  259558 East              2357500 
                         Course               
  MD  Drift Drift D. AzimLength  DH     TVD     SSD    DNS   DEW   N-S   E-W  DSec   Sec   N-LAM E-LAM    
__________________________________________________________________________________________________________
                                                                                                          
    0  0.00       0    0                        3989     0     0     0     0     0        259558  2357500 
  250  0.00       0    0   250     0      250   3739     0     0     0     0     0     0  259558  2357500 
  500  0.00       0    0   250     0      500   3489     0     0     0     0     0     0  259558  2357500 
  989  0.00       0    0   489     0      989   3000     0     0     0     0     0     0  259558  2357500 
 1000  0.00       0    0   500     0     1000   2989     0     0     0     0     0     0  259558  2357500 
 1250  0.00       0    0   250     0     1250   2739     0     0     0     0     0     0  259558  2357500 
 1500  0.00       0    0   250     0     1500   2489     0     0     0     0     0     0  259558  2357500 
 1632  0.00       0    0   132     0     1632   2357     0     0     0     0     0     0  259558  2357500 
 1750  0.00       0    0   118     0     1750   2239     0     0     0     0     0     0  259558  2357500 
 1989  0.00       0    0   239     0     1989   2000     0     0     0     0     0     0  259558  2357500 
 2000  0.00       0    0   250     0     2000   1989     0     0     0     0     0     0  259558  2357500 
 2250  0.00       0    0   250     0     2250   1739     0     0     0     0     0     0  259558  2357500 
 2275  0.00       0    0    25     0     2275   1714     0     0     0     0     0     0  259558  2357500 
 2500  0.00       0    0   225     0     2500   1489     0     0     0     0     0     0  259558  2357500 
 2989  0.00       0    0   489     0     2989   1000     0     0     0     0     0     0  259558  2357500 
 3000  0.00       0    0   500     0     3000    989     0     0     0     0     0     0  259558  2357500 
 3240  0.00       0    0   240     0     3240    749     0     0     0     0     0     0  259558  2357500 
 3250  0.00       0    0    10     0     3250    739     0     0     0     0     0     0  259558  2357500 
 3500  0.00       0    0   250     0     3500    489     0     0     0     0     0     0  259558  2357500 
 3750  0.00       0    0   250     0     3750    239     0     0     0     0     0     0  259558  2357500 
 3754  0.00       0    0     4     0     3754    235     0     0     0     0     0     0  259558  2357500 
 3871  0.00       0    0   117     0     3871    118     0     0     0     0     0     0  259558  2357500 
 3989  0.00       0    0   118     0     3989      0     0     0     0     0     0     0  259558  2357500 
 4000  0.00       0    0   129     0     4000    -11     0     0     0     0     0     0  259558  2357500 
 4100  0.00       0    0   100     0     4100   -111     0     0     0     0     0     0  259558  2357500 
 4117  0.00       0    0    17     0     4117   -128     0     0     0     0     0     0  259558  2357500 
 4250  0.00       0    0   133     0     4250   -261     0     0     0     0     0     0  259558  2357500 
 4450  0.00       0    0   200     0     4450   -461     0     0     0     0     0     0  259558  2357500 
 4500  0.00       0    0    50     0     4500   -511     0     0     0     0     0     0  259558  2357500 
 4989  0.00       0    0   489     0     4989  -1000     0     0     0     0     0     0  259558  2357500 
 5000  0.00       0    0   500     0     5000  -1011     0     0     0     0     0     0  259558  2357500 
 5500  0.00       0    0   500     0     5500  -1511     0     0     0     0     0     0  259558  2357500 
 5710  0.00       0    0   210     0     5710  -1721     0     0     0     0     0     0  259558  2357500 
                                                                                                          
                                                                                                          
                                                                                                          
                                                                                                          
                                                                                                          
                                                                                                          
                                                                                                          
                                                                                                          
                                                                                                          
                                                                                                          
                                                                                                          
                                                                                                          
                                                                                                          
                                                                                                          
                                                                                                          
                                                                                                          
                                                                                                          
                                                                                                          
                                                                                                          
                                                                                                          
                                                                                                          
                                                                                                          
                                                                                                          
                                                                                                          
                                                                                                          
                                                                                                          
                                                                                                          
                                                                                                          
                                                                                                          
                                                                                                          
                                                                                                          
                                                                                                          
                                                                                                          
                                                                                                          
                                                                                                          
                                                                                                          
                                                                                                          
                                                                                                          
                                                                                                          
                                                                                                          
                                                                                                          
                                                                                                          
                                                                                                          
                                                                                                          
                                                                                                          
                                                                                                          
                                                                                                          
                                                                                                          
                                                                                                          
                                                                                                          
                                                                                                          
                                                                                                          
                                                                                                          
                                                                                                          
                                                                                                          
                                                                                                          
                                                                                                          
                                                                                                          
                                                                                                          
                                                                                                          
                                                                                                          
                                                                                                          
                                                                                                          
                                                                                                          
                                                                                                          
                                                                                                          
                                                                                                          
                                                                                                          
                                                                                                          
                                                                                                          
                                                                                                          
                                                                                                          
                                                                                                          
                                                                                                          
                                                                                                          
                                                                                                          
                                                                                                          
                                                                                                          
                                                                                                          
                                                                                                          
                                                                                                          
                                                                                                          
                                                                                                          
                                                                                                          
                                                                                                          
                                                                                                          
                                                                                                          
                                                                                                          
                                                                                                          
                                                                                                          
                                                                                                          
                                                                                                          
                                                                                                          
                                                                                                          
                                                                                                          
                                                                                                          
                                                                                                          
                                                                                                          
                                                                                                          
                                                                                                          
                                                                                                          
                                                                                                          
                                                                                                          
                                                                                                          
                                                                                                          
                                                                                                          
                                                                                                          
                                                                                                          
                                                                                                          
                                                                                                          
                                                                                                          
                                                                                                          
                                                                                                          
                                                                                                          
                                                                                                          
                                                                                                          
                                                                                                          
                                                                                                          
                                                                                                          
                                                                                                          
                                                                                                          
                                                                                                          
                                                                                                          
                                                                                                          
                                                                                                          
                                                                                                          
                                                                                                          
                                                                                                          
                                                                                                          
                                                                                                          
                                                                                                          
                                                                                                          
                                                                                                          
                                                                                                          
                                                                                                          
                                                                                                          
                                                                                                          
                                                                                                          
                                                                                                          
                                                                                                          
                                                                                                          
                                                                                                          
                                                                                                          
                                                                                                          
                                                                                                          
                                                                                                          
                                                                                                          
                                                                                                          
                                                                                                          
                                                                                                          
                                                                                                          
                                                                                                          
                                                                                                          
                                                                                                          
                                                                                                          
                                                                                                          
                                                                                                          
                                                                                                          
                                                                                                          
                                                                                                          
                                                                                                          
                                                                                                          
