Well 43A-7
Elev:  4187 kb   Coords: North 258281  East 2352210

MD	TVD	E-W	N-S	N-LAM	E-LAM	
						
0	0	0	0	258281	2352210	
187	187	0	-1	258280	2352210
199	199	0	-1	258280	2352210	
434	434	-1	-2	258279	2352209	
638	638	-1	-3	258278	2352209	
745	745	-2	-4	258277	2352208
847	847	-4	-5	258276	2352206
942	942	-6	-6	258275	2352204
1037	1037	-8	-8	258273	2352202
1166	1166	-12	-11	258270	2352198
1187	1187	-12	-11	258270	2352198
1261	1261	-15	-12	258269	2352195
1355	1355	-19	-13	258268	2352191
1451	1451	-24	-12	258269	2352186
1547	1546	-31	-7	258274	2352179
1644	1642	-40	1	258282	2352170
1739	1736	-50	10	258291	2352160
1834	1830	-61	20	258301	2352149
1929	1924	-71	32	258313	2352139
2025	2019	-81	45	258326	2352129	LC
2057	2050	-84	49	258330	2352126
2196	2187	-95	71	258352	2352115
2276	2266	-102	85	258366	2352108
2371	2358	-109	104	258385	2352101
2480	2464	-120	127	258408	2352090
2544	2526	-128	140	258421	2352082
2657	2636	-143	161	258442	2352067	-120bbls
2666	2645	-144	163	258444	2352066	-120bph
2704	2682	-149	169	258450	2352061
2910	2884	-174	203	258484	2352036	-180bph
3016	2988	-184	220	258501	2352026	-120bph
3100	3071	-192	233	258514	2352018	LC
3167	3137	-197	244	258525	2352013	13 3/8 shoe
3218	3187	-200	252	258533	2352010
3242	3211	-201	256	258537	2352009
3398	3364	-211	281	258562	2351999
3491	3456	-217	297	258578	2351993
3554	3517	-222	309	258590	2351988
3649	3610	-234	328	258609	2351976	mrt=150
3800	3755	-256	361	258642	2351954	LC
3927	3877	-278	389	258670	2351932	mrt=430
4086	4031	-304	422	258703	2351906	mrt=392
4248	4187	-328	457	258738	2351882
4358	4294	-342	480	258761	2351868	mrt=360
4558	4487	-370	523	258804	2351840	mrt=435
4710	4633	-394	559	258840	2351816	mrt=388
4860	4776	-417	598	258879	2351793	5#, 5F
4915	4828	-425	611	258892	2351785	mrt=415
4923	4836	-427	613	258894	2351783	0#, 9F
4961	4872	-432	623	258904	2351778
5169	5072	-462	673	258954	2351748	mrt=444
5258	5158	-474	695	258976	2351736	#drillbreak
5288	5187	-478	702	258983	2351732
5372	5268	-487	721	259002	2351723	#drillbreak
5390	5285	-489	725	259006	2351721	mrt=434
5500	5392	-503	750	259031	2351707	#drillbreak
5647	5534	-523	779	259060	2351687	mrt=452
5870	5752	-550	820	259101	2351660	mrt=426
5984	5863	-563	840	259121	2351647	mrt=440
6038	5916	-570	849	259130	2351640	TD