      WELL DATA SUMMARY                                                                                   
            
Well  NAVY I 47-8   
                         
Sec Az  207 S 30 W  
Elev   4342 KB      
CoordsNorth  256021 East              2357391 
                         Course               
  MD  Drift Drift D. AzimLength  DH     TVD     SSD    DNS   DEW   N-S   E-W  DSec   Sec   N-LAM E-LAM    
__________________________________________________________________________________________________________
                                                                                                          
    0  0.00      84   84                        4342     0     0     0     0     0     0  256021  2357391 
  298  0.25      84   84   298     1      298   4044     0     1     0     1     0     0  256021  2357392 
  342  0.19      84   84    44     0      342   4000     0     0     0     1     0     0  256021  2357392 
  478  0.00      84   84   180     0      478   3864     0     0     0     1     0    -1  256021  2357392 
  500  0.20      84   84    22     0      500   3842     0     0     0     1     0    -1  256021  2357392 
  534  0.50      84   84    34     0      534   3808     0     0     0     1     0    -1  256021  2357392 
  685  0.75      84   84   151     2      685   3657     0     2     0     3    -1    -2  256021  2357394 
  794  0.50      89  269   109     1      794   3548    -1     0    -1     3     1    -1  256020  2357394 
  931  0.50      25  155   137     1      931   3411    -1    -1    -2     2     1     1  256019  2357393 
 1000  0.75      39  218    69     1     1000   3342    -1     0    -3     2     1     1  256018  2357393 
 1001  0.75      39  219     1     0     1001   3341     0     0    -3     2     0     1  256018  2357393 
 1064  1.50      34  214    63     1     1064   3278    -1    -1    -4     2     1     3  256017  2357393 
 1126  2.00      39  219    62     2     1126   3216    -2    -1    -5     0     2     4  256016  2357391 
 1188  3.00      39  219    62     3     1188   3154    -2    -2    -7    -1     3     7  256014  2357390 
 1250  3.75      38  218    62     4     1250   3092    -3    -2   -10    -4     4    11  256011  2357387 
 1250  3.75      38  218     0     0     1250   3092     0     0   -10    -4     0    11  256011  2357387 
 1281  4.00      29  209    31     2     1281   3061    -2    -1   -12    -5     2    13  256009  2357386 
 1342  4.35      24  204    61     4     1342   3000    -4    -2   -16    -7     4    17  256005  2357384 
 1410  4.75      19  199   129    10     1409   2933    -9    -4   -21    -9    10    23  256000  2357382 
 1500  5.28      11  191    90     8     1499   2843    -8    -2   -28   -11     8    30  255993  2357380 
 1538  5.50       7  187    38     4     1537   2805    -4    -1   -32   -11     3    34  255989  2357380 
 1570  5.50      10  190    32     3     1569   2773    -3     0   -35   -12     3    37  255986  2357379 
 1600  5.25       9  189    30     3     1599   2743    -3     0   -38   -12     3    39  255983  2357379 
 1630  5.00      10  190    30     3     1628   2714    -3     0   -40   -13     3    42  255981  2357378 
 1661  5.00      10  190    31     3     1659   2683    -3     0   -43   -13     3    44  255978  2357378 
 1694  5.00      17  197    33     3     1692   2650    -3    -1   -46   -14     3    47  255975  2357377 
 1724  4.50      24  204    30     2     1722   2620    -2    -1   -48   -15     2    50  255973  2357376 
 1756  4.25      27  207    32     2     1754   2588    -2    -1   -50   -16     2    52  255971  2357375 
 1788  5.00      33  213    32     3     1786   2556    -2    -1   -53   -17     3    55  255968  2357374 
 1818  5.75      36  216    30     3     1816   2526    -2    -2   -55   -19     3    57  255966  2357372 
 1849  6.25      37  217    31     3     1847   2495    -3    -2   -58   -21     3    61  255963  2357370 
 1880  7.00      38  218    31     4     1877   2465    -3    -2   -60   -23     4    64  255961  2357368 
 1911  7.75      39  219    31     4     1908   2434    -3    -2   -64   -25     4    68  255957  2357366 
 1943  8.50      34  214    32     5     1940   2402    -4    -3   -67   -28     4    72  255954  2357363 
 1974  9.50      31  211    31     5     1970   2372    -4    -3   -71   -30     5    77  255950  2357361 
 2000 10.15      28  208    26     4     1996   2346    -4    -2   -75   -33     4    82  255946  2357358 
 2004 10.25      28  208     4     1     2000   2342    -1     0   -76   -33     1    82  255945  2357358 
 2035 11.00      28  208    30     6     2030   2312    -5    -3   -81   -36     6    88  255940  2357355 
 2057 11.73      29  209    22     4     2052   2290    -4    -2   -85   -38     4    93  255936  2357353 
 2065 12.00      29  209     8     2     2060   2282    -1    -1   -86   -39     2    94  255935  2357352 
 2097 12.75      33  213    31     7     2091   2251    -6    -4   -92   -42     7   101  255929  2357349 
 2127 13.25      34  214    29     7     2120   2222    -6    -4   -98   -46     7   108  255923  2357345 
 2158 14.25      34  214    30     7     2150   2192    -6    -4  -104   -50     7   115  255917  2357341 
 2189 15.00      35  215    30     8     2180   2162    -6    -4  -110   -54     8   123  255911  2357337 
 2219 16.00      34  214    29     8     2209   2133    -7    -5  -117   -59     8   131  255904  2357332 
 2285 16.00      29  209    63    18     2273   2069   -16   -10  -132   -68    18   149  255889  2357323 
 2347 17.25      26  206    59    18     2332   2010   -16    -8  -148   -77    18   167  255873  2357314 
 2357 17.34      26  206    10     3     2342   2000    -3    -1  -151   -78     3   170  255870  2357313 
 2428 18.00      25  205    77    25     2409   1933   -22   -11  -170   -87    25   191  255851  2357304 
 2500 18.56      26  206    68    23     2478   1864   -20   -10  -191   -97    23   214  255830  2357294 
 2557 19.00      26  206    54    18     2532   1810   -17    -8  -207  -105    18   232  255814  2357286 
 2679 19.50      23  203   115    40     2647   1695   -37   -17  -244  -121    40   272  255777  2357270 
 2700 19.66      23  203    20     7     2667   1675    -6    -3  -250  -124     7   279  255771  2357267 
 2744 20.00      24  204    41    15     2708   1634   -14    -6  -264  -130    15   294  255757  2357261 
 2834 20.00      24  204    85    31     2793   1549   -28   -13  -292  -143    31   325  255729  2357248 
 2928 20.00      25  205    88    32     2881   1461   -29   -13  -321  -156    32   357  255700  2357235 
 3000 20.15      26  206    68    25     2949   1393   -22   -11  -343  -167    25   382  255678  2357224 
 3051 20.25      27  207    48    18     2996   1346   -16    -8  -359  -175    18   399  255662  2357216 
 3134 20.50      29  209    78    29     3074   1268   -26   -14  -385  -188    29   428  255636  2357203 
 3236 21.25      29  209    95    36     3170   1172   -32   -18  -416  -206    36   465  255605  2357185 
 3357 21.75      28  208   113    44     3282   1060   -39   -21  -455  -227    44   509  255566  2357164 
 3421 21.75      27  207    59    24     3342   1000   -21   -11  -476  -238    24   533  255545  2357153 
 3450 21.75      27  207    86    34     3369    973   -31   -16  -486  -243    34   543  255535  2357148 
 3500 21.54      27  207    46    18     3415    927   -16    -8  -502  -251    18   562  255519  2357140 
 3571 21.25      28  208    66    26     3481    861   -23   -12  -525  -263    26   588  255496  2357128 
 3664 20.75      30  210    87    33     3568    774   -29   -16  -555  -280    33   621  255466  2357111 
 3762 21.37      28  208    91    35     3659    683   -31   -17  -585  -297    35   656  255436  2357094 
 3822 21.75      27  207    56    22     3715    627   -20   -10  -605  -307    22   678  255416  2357084 
 4000 21.75      27  207   165    66     3881    461   -59   -30  -664  -337    66   744  255357  2357054 
 4039 21.75      27  207    36    14     3917    425   -13    -7  -676  -343    14   759  255345  2357048 
 4065 21.75      27  207    24    10     3941    401    -9    -4  -685  -348    10   768  255336  2357043 
                                                                                                          
                                                                                                          
                                                                                                          
                                                                                                          
                                                                                                          
                                                                                                          
                                                                                                          
                                                                                                          
                                                                                                          
                                                                                                          
                                                                                                          
                                                                                                          
                                                                                                          
                                                                                                          
                                                                                                          
                                                                                                          
                                                                                                          
                                                                                                          
                                                                                                          
                                                                                                          
                                                                                                          
                                                                                                          
                                                                                                          
                                                                                                          
                                                                                                          
                                                                                                          
                                                                                                          
                                                                                                          
                                                                                                          
                                                                                                          
                                                                                                          
                                                                                                          
                                                                                                          
                                                                                                          
                                                                                                          
                                                                                                          
                                                                                                          
                                                                                                          
                                                                                                          
                                                                                                          
                                                                                                          
                                                                                                          
                                                                                                          
                                                                                                          
                                                                                                          
                                                                                                          
                                                                                                          
                                                                                                          
                                                                                                          
                                                                                                          
                                                                                                          
                                                                                                          
                                                                                                          
                                                                                                          
                                                                                                          
                                                                                                          
                                                                                                          
                                                                                                          
                                                                                                          
                                                                                                          
                                                                                                          
                                                                                                          
                                                                                                          
                                                                                                          
                                                                                                          
                                                                                                          
                                                                                                          
                                                                                                          
                                                                                                          
                                                                                                          
                                                                                                          
                                                                                                          
                                                                                                          
                                                                                                          
                                                                                                          
                                                                                                          
                                                                                                          
                                                                                                          
                                                                                                          
                                                                                                          
                                                                                                          
                                                                                                          
                                                                                                          
                                                                                                          
                                                                                                          
                                                                                                          
                                                                                                          
                                                                                                          
                                                                                                          
                                                                                                          
                                                                                                          
                                                                                                          
                                                                                                          
                                                                                                          
                                                                                                          
                                                                                                          
                                                                                                          
                                                                                                          
                                                                                                          
                                                                                                          
                                                                                                          
                                                                                                          
                                                                                                          
                                                                                                          
                                                                                                          
                                                                                                          
                                                                                                          
                                                                                                          
                                                                                                          
                                                                                                          
                                                                                                          
                                                                                                          
                                                                                                          
                                                                                                          
                                                                                                          
                                                                                                          
                                                                                                          
                                                                                                          
                                                                                                          
                                                                                                          
                                                                                                          
                                                                                                          
                                                                                                          
                                                                                                          
