      WELL DATA SUMMARY                                                                                      
            
Well  NAVY I 75-7   
                         
Sec Az    0 STRAIGHT HOLE             (ASSUME)
Elev   4347 KB      
CoordsNorth  256773 East              2354926 
                         Course               
  MD  Drift Drift D. AzimLength  DH     TVD     SSD    DNS   DEW   N-S   E-W  DSec    Sec     N-LAM E-LAM    
_____________________________________________________________________________________________________________
                                                                                                             
    0  0.00       0    0                        4347     0     0     0     0     0        0  256773  2354926 
  250  0.00       0    0   250     0      250   4097     0     0     0     0     0        0  256773  2354926 
  320  0.00       0    0    70     0      320   4027     0     0     0     0     0        0  256773  2354926 
  347  0.00       0    0    27     0      347   4000     0     0     0     0     0        0  256773  2354926 
  500  0.00       0    0   180     0      500   3847     0     0     0     0     0        0  256773  2354926 
  750  0.00       0    0   250     0      750   3597     0     0     0     0     0        0  256773  2354926 
  985  0.00       0    0   235     0      985   3362     0     0     0     0     0        0  256773  2354926 
 1000  0.00       0    0    15     0     1000   3347     0     0     0     0     0        0  256773  2354926 
 1065  0.00       0    0    65     0     1065   3282     0     0     0     0     0        0  256773  2354926 
 1104  0.00       0    0    39     0     1104   3243     0     0     0     0     0        0  256773  2354926 
 1246  0.00       0    0   142     0     1246   3101     0     0     0     0     0        0  256773  2354926 
 1250  0.00       0    0     4     0     1250   3097     0     0     0     0     0        0  256773  2354926 
 1329  0.00       0    0    79     0     1329   3018     0     0     0     0     0        0  256773  2354926 
                                                                                                             
                                                                                                             
                                                                                                             
                                                                                                             
                                                                                                             
                                                                                                             
                                                                                                             
                                                                                                             
                                                                                                             
                                                                                                             
                                                                                                             
                                                                                                             
                                                                                                             
                                                                                                             
                                                                                                             
                                                                                                             
                                                                                                             
                                                                                                             
                                                                                                             
                                                                                                             
                                                                                                             
                                                                                                             
                                                                                                             
                                                                                                             
                                                                                                             
                                                                                                             
                                                                                                             
                                                                                                             
                                                                                                             
                                                                                                             
                                                                                                             
                                                                                                             
                                                                                                             
                                                                                                             
                                                                                                             
                                                                                                             
                                                                                                             
                                                                                                             
                                                                                                             
                                                                                                             
                                                                                                             
                                                                                                             
                                                                                                             
                                                                                                             
                                                                                                             
                                                                                                             
                                                                                                             
                                                                                                             
                                                                                                             
                                                                                                             
                                                                                                             
                                                                                                             
                                                                                                             
                                                                                                             
                                                                                                             
                                                                                                             
                                                                                                             
                                                                                                             
                                                                                                             
                                                                                                             
                                                                                                             
                                                                                                             
                                                                                                             
                                                                                                             
                                                                                                             
                                                                                                             
                                                                                                             
                                                                                                             
                                                                                                             
                                                                                                             
                                                                                                             
                                                                                                             
                                                                                                             
                                                                                                             
                                                                                                             
                                                                                                             
                                                                                                             
                                                                                                             
                                                                                                             
                                                                                                             
                                                                                                             
                                                                                                             
                                                                                                             
                                                                                                             
                                                                                                             
                                                                                                             
                                                                                                             
                                                                                                             
                                                                                                             
                                                                                                             
                                                                                                             
                                                                                                             
                                                                                                             
                                                                                                             
                                                                                                             
                                                                                                             
                                                                                                             
                                                                                                             
                                                                                                             
                                                                                                             
                                                                                                             
                                                                                                             
                                                                                                             
                                                                                                             
                                                                                                             
                                                                                                             
                                                                                                             
                                                                                                             
                                                                                                             
                                                                                                             
                                                                                                             
                                                                                                             
                                                                                                             
                                                                                                             
                                                                                                             
                                                                                                             
                                                                                                             
                                                                                                             
                                                                                                             
                                                                                                             
                                                                                                             
                                                                                                             
                                                                                                             
                                                                                                             
                                                                                                             
                                                                                                             
                                                                                                             
                                                                                                             
                                                                                                             
                                                                                                             
                                                                                                             
                                                                                                             
                                                                                                             
                                                                                                             
                                                                                                             
                                                                                                             
                                                                                                             
                                                                                                             
                                                                                                             
                                                                                                             
                                                                                                             
                                                                                                             
                                                                                                             
                                                                                                             
                                                                                                             
                                                                                                             
                                                                                                             
                                                                                                             
                                                                                                             
                                                                                                             
                                                                                                             
                                                                                                             
                                                                                                             
                                                                                                             
                                                                                                             
                                                                                                             
                                                                                                             
                                                                                                             
                                                                                                             
                                                                                                             
                                                                                                             
                                                                                                             
                                                                                                             
                                                                                                             
                                                                                                             
                                                                                                             
                                                                                                             
                                                                                                             
                                                                                                             
                                                                                                             
                                                                                                             
                                                                                                             
                                                                                                             
                                                                                                             
                                                                                                             
