      WELL DATA SUMMARY                                                                                   
            
Well  NAVY I 76-7   
                         
Sec Az  240         
Elev   4345 KB      
CoordsNorth  256687 East              2354457 
                         Course               
  MD  Drift Drift D. AzimLength  DH     TVD     SSD    DNS   DEW   N-S   E-W  DSec   Sec   N-LAM E-LAM    
__________________________________________________________________________________________________________
                                                                                                          
    0  0.00       0    0                        4345     0     0     0     0     0     0  256687  2354457 
  345  0.00       0    0   345     0      345   4000     0     0     0     0     0     0  256687  2354457 
  500  0.00       0    0   500     0      500   3845     0     0     0     0     0     0  256687  2354457 
  714  0.00       0    0   214     0      714   3631     0     0     0     0     0     0  256687  2354457 
  820  0.00       0    0   106     0      820   3525     0     0     0     0     0     0  256687  2354457 
 1000  0.00      72  217   180     0     1000   3345     0     0     0     0     0     0  256687  2354457 
 1044  0.00      90  270    44     0     1044   3301     0     0     0     0     0     0  256687  2354457 
 1044  2.00      90  270     0     0     1044   3301     0     0     0     0     0     0  256687  2354457 
 1065  2.26      90  270    21     1     1065   3280     0    -1     0    -1     1     1  256687  2354456 
 1105  2.75      89  269    40     2     1105   3240     0    -2     0    -3     2     2  256687  2354454 
 1110  2.75      89  269     5     0     1110   3235     0     0     0    -3     0     2  256687  2354454 
 1130  2.75      89  269    20     1     1130   3215     0    -1     0    -4     1     3  256687  2354453 
 1170  2.75      89  269    40     2     1170   3175     0    -2     0    -6     2     5  256687  2354451 
 1198  2.75      89  269    28     1     1198   3147     0    -1     0    -7     1     6  256687  2354450 
 1200  2.73      89  269     2     0     1200   3145     0     0     0    -7     0     6  256687  2354450 
 1248  2.35      84  264    48     2     1248   3097     0    -2     0    -9     2     8  256687  2354448 
 1292  2.00      79  259    44     2     1292   3053     0    -2     0   -11     2    10  256687  2354446 
 1345  1.42      76  256    53     2     1345   3000     0    -2    -1   -12     2    11  256686  2354445 
 1384  1.00      74  254    92     2     1384   2961    -1    -2    -1   -13     2    12  256686  2354444 
 1410  1.00      73  253    26     0     1410   2935     0     0    -1   -14     0    12  256686  2354443 
 1477  1.00      69  249    67     1     1477   2868     0    -1    -2   -15     1    14  256685  2354442 
 1500  0.88      67  247    23     0     1500   2845     0     0    -2   -15     0    14  256685  2354442 
 1570  0.50      62  242    70     1     1570   2775     0    -1    -2   -16     1    15  256685  2354441 
 1663  0.75      55  235    93     1     1663   2682    -1    -1    -3   -17     1    16  256684  2354440 
 1756  1.00      79  269    93     1     1756   2589     0    -1    -3   -18     1    17  256684  2354439 
 1850  1.00      79  281    94     2     1850   2495     0    -2    -3   -20     1    19  256684  2354437 
 1943  2.00      87  273    93     2     1943   2402     0    -2    -3   -22     2    20  256684  2354435 
 2000  1.39      73  255    57     2     2000   2345     0    -2    -3   -24     2    22  256684  2354433 
 2036  1.00      64  244    36     1     2036   2309     0    -1    -3   -24     1    23  256684  2354433 
 2129  2.25      25  205    93     3     2129   2216    -2    -2    -5   -26     3    25  256682  2354431 
 2222  3.50      18  198    93     5     2221   2124    -4    -2    -9   -28     4    29  256678  2354429 
 2255  3.50      14  194    33     2     2254   2091    -2    -1   -11   -29     1    30  256676  2354428 
 2300  3.50      10  190    45     3     2299   2046    -3    -1   -14   -29     2    32  256673  2354428 
 2315  3.50       8  188    15     1     2314   2031    -1     0   -15   -29     1    33  256672  2354428 
 2320  3.50       6  186     5     0     2319   2026     0     0   -15   -29     0    33  256672  2354428 
 2331  3.50       6  186    11     1     2330   2015    -1     0   -16   -29     0    33  256671  2354428 
 2345  3.50       6  186    14     1     2344   2001    -1     0   -17   -30     1    34  256670  2354427 
 2347  3.50       6  186     2     0     2346   1999     0     0   -17   -30     0    34  256670  2354427 
                                                                                                          
                                                                                                          
                                                                                                          
                                                                                                          
                                                                                                          
                                                                                                          
                                                                                                          
                                                                                                          
                                                                                                          
                                                                                                          
                                                                                                          
                                                                                                          
                                                                                                          
                                                                                                          
                                                                                                          
                                                                                                          
                                                                                                          
                                                                                                          
                                                                                                          
                                                                                                          
                                                                                                          
                                                                                                          
                                                                                                          
                                                                                                          
                                                                                                          
                                                                                                          
                                                                                                          
                                                                                                          
                                                                                                          
                                                                                                          
                                                                                                          
                                                                                                          
                                                                                                          
                                                                                                          
                                                                                                          
                                                                                                          
                                                                                                          
                                                                                                          
                                                                                                          
                                                                                                          
                                                                                                          
                                                                                                          
                                                                                                          
                                                                                                          
                                                                                                          
                                                                                                          
                                                                                                          
                                                                                                          
                                                                                                          
                                                                                                          
                                                                                                          
                                                                                                          
                                                                                                          
                                                                                                          
                                                                                                          
                                                                                                          
                                                                                                          
                                                                                                          
                                                                                                          
                                                                                                          
                                                                                                          
                                                                                                          
                                                                                                          
                                                                                                          
                                                                                                          
                                                                                                          
                                                                                                          
                                                                                                          
                                                                                                          
                                                                                                          
                                                                                                          
                                                                                                          
                                                                                                          
                                                                                                          
                                                                                                          
                                                                                                          
                                                                                                          
                                                                                                          
                                                                                                          
                                                                                                          
                                                                                                          
                                                                                                          
                                                                                                          
                                                                                                          
                                                                                                          
                                                                                                          
                                                                                                          
                                                                                                          
                                                                                                          
                                                                                                          
                                                                                                          
                                                                                                          
                                                                                                          
                                                                                                          
                                                                                                          
                                                                                                          
                                                                                                          
                                                                                                          
                                                                                                          
                                                                                                          
                                                                                                          
                                                                                                          
                                                                                                          
                                                                                                          
                                                                                                          
                                                                                                          
                                                                                                          
                                                                                                          
                                                                                                          
                                                                                                          
                                                                                                          
                                                                                                          
                                                                                                          
                                                                                                          
                                                                                                          
                                                                                                          
                                                                                                          
                                                                                                          
                                                                                                          
                                                                                                          
                                                                                                          
                                                                                                          
                                                                                                          
                                                                                                          
                                                                                                          
                                                                                                          
                                                                                                          
                                                                                                          
                                                                                                          
                                                                                                          
                                                                                                          
                                                                                                          
                                                                                                          
                                                                                                          
                                                                                                          
                                                                                                          
                                                                                                          
                                                                                                          
                                                                                                          
                                                                                                          
                                                                                                          
                                                                                                          
                                                                                                          
                                                                                                          
                                                                                                          
                                                                                                          
                                                                                                          
                                                                                                          
                                                                                                          
                                                                                                          
                                                                                                          
                                                                                                          
                                                                                                          
                                                                                                          
                                                                                                          
                                                                                                          
                                                                                                          
                                                                                                          
                                                                                                          
                                                                                                          
                                                                                                          
                                                                                                          
                                                                                                          
                                                                                                          
                                                                                                          
                                                                                                          
                                                                                                          
                                                                                                          
                                                                                                          
