      WELL DATA SUMMARY                                                                                                                                                                                                                                                
            
Well  NAVY INAVY I 78B-6 
                         
Sec Az  320 N40W    
Elev   4181 KB      
CoordsNorth  260600 East              2354229 
                         Course               
  MD  Drift Drift D. AzimLength  DH     TVD     SSD    DNS   DEW   N-S   E-W  DSec   Sec    N-LAM E-LAM    
___________________________________________________________________________________________________________
                                                                                                                                                                                                                             
    0  0.00       0   32     0     0        0   4181     0     0     0     0     0      0  260600  2354229                                                                                                                   
  132  0.50      32   32   132     1      132   4049     0     0     0     0     0      0  260600  2354229                                                                                                                   
  181  0.61      46  143    49     0      181   4000     0     0     1     1     0      0  260601  2354230 
  248  0.75      66  294   116    -1      248   3933     1     0     2     0     1      1  260602  2354229                                                                                                                   
  337  1.25      89  271    89     2      337   3844     0    -2     2    -2     1      3  260602  2354227                                                                                                                   
  425  1.00      86  274    88     2      425   3756     0    -2     2    -3     1      4  260602  2354226                                                                                                                   
  509  0.75      81  279    84     1      509   3672     0    -1     2    -5     1      5  260602  2354224                                                                                                                   
  610  0.75      71  289   101     1      610   3571     0    -1     3    -6     1      6  260603  2354223                                                                                                                   
  760  1.00      43  317   150     2      760   3421     1    -2     4    -8     2      8  260604  2354221                                                                                                                   
  896  1.00      54  306   136     2      896   3285     2    -2     5   -10     2     10  260605  2354219                                                                                                                   
  927  1.75      50  310    31     1      927   3254     0    -1     6   -10     1     11  260606  2354219       
  991  2.50      25  335    64     2      991   3190     2    -1     8   -12     2     13  260608  2354217       
 1116  3.75      21  339   125     7     1116   3065     6    -3    14   -14     7     20  260614  2354215       
 1174  4.00      20  340    58     4     1174   3007     4    -1    18   -16     4     24  260618  2354213       
 1205  4.50      23  337    31     2     1204   2977     2    -1    20   -16     2     26  260620  2354213 ************************************************************************************************************************************************Error Error 7     
 1236  4.75      29  331    31     2     1235   2946     2    -1    22   -18     2     28  260622  2354211       
 1299  5.50      40  320    63     6     1298   2883     5    -3    27   -21     6     34  260627  2354208       
 1392  6.00      42  318    93     9     1391   2790     7    -6    34   -27     9     43  260634  2354202       
 1549  6.00      41  319   156    16     1547   2634    12   -11    46   -38    16     60  260646  2354191       
 1707  6.50      48  312   157    17     1704   2477    12   -12    58   -50    17     77  260658  2354179       
 1861  6.75      51  309   153    18     1857   2324    12   -14    70   -63    18     94  260670  2354166       
 2018  6.75      55  305   156    18     2013   2168    11   -15    81   -78    18    112  260681  2354151       
 2080  6.75      52  308    62     7     2074   2107     4    -6    85   -84     7    119  260685  2354145       
 2109  6.75      45  315    29     3     2103   2078     2    -3    88   -86     3    123  260688  2354143       
 2174  6.00      35  325    65     7     2168   2013     6    -5    93   -91     7    130  260693  2354138       
 2296  6.00      30  330   121    13     2289   1892    11    -7   104   -98    13    142  260704  2354131       
 2389  6.00      25  335    92    10     2382   1799     9    -4   112  -102     9    152  260712  2354127       
 2466  6.00      25  335    77     8     2458   1723     7    -3   120  -106     8    160  260720  2354123       
