      WELL DATA SUMMARY                                                                                                                                                                                                                 
            
Well  CGEH1-7       

Sec Az  251 
Elev   4367 KB      
CoordsNorth  264072 East 2E+06        2353628 
                         Course               
  MD  Drift Drift D. AzimLength  DH     TVD     SSD    DNS   DEW   N-S   E-W  DSec   Sec   N-LAM E-LAM     DEG F PSIG  L CIR I#in  I#outIDeg F S#in  S#outSDeg F ELEV  ELEV   TVD   MD    N-S   E-W   SEC  FACT  DEG F PSIG 
_______________________________________________________________________________________________________________________________________________________________________________________________________________________________   
                                                                                                                                                                                                                            
    0  0.00       0    0                        4367     0     0     0     0     0     0  264072  2353628                                                        4367                                                             -4367 
  110  0.00       0  360   110     0      110   4257     0     0     0     0     0     0  264072  2353628                                                        4257                                                             -4257 
  210  1.43       0  360   100     1      210   4157     1     0     1     0     0     0  264073  2353628                                                        4157                                                             -4157 
  308  1.40       0  360    98     2      308   4059     2     0     4     0    -1    -1  264077  2353628                                                        4059                                                             -4059 
  406  1.81       0  360    98     3      406   3961     3     0     6     0    -1    -2  264083  2353628                                                        3961  4000   367   367     5     0    -2     1                   -3961 
  503  1.29      29  331    97     3      503   3864     3    -1     9    -1     0    -2  264092  2353627                                                        3864                                                             -3864 
  500  1.28      29  331    -3     0      500   3867     0     0     9    -1     0    -2  264101  2353627                                                        3867                                                             -3867 
  600  1.57      53  307   100     2      600   3767     2    -2    11    -2     1    -1  264112  2353624                                                        3767                                                             -3767 
  685  1.41      31  329    85     2      685   3682     2    -1    12    -4     1    -1  264124  2353621                                                        3682                                                             -3682 
  784  3.45      90  270    99     4      784   3583     2    -4    15    -7     3     2  264139  2353613                                                        3583                                                             -3582 
  877  3.37      60  300    92     5      876   3491     1    -5    16   -13     5     7  264155  2353601                                                        3491  3500   867   867    16   -12     6     1   209             -3490 
  988  3.14      54  306   111     6      987   3380     3    -5    19   -18     4    11  264174  2353583                                                        3380                                                             -3379 
 1000  3.08      58  302    12     1      999   3368     0    -1    20   -19     0    11  264194  2353564                                                        3368                                                             -3367 
 1088  2.68      90  270    88     4     1087   3280     1    -4    21   -23     4    15  264215  2353541                                                        3280                                                             -3279 
 1182  2.60      90  270    94     4     1181   3186     0    -4    21   -27     4    19  264236  2353514                                                        3186                                                             -3185 
 1212  8.09      90  270    30     3     1211   3156     0    -3    21   -30     3    21  264257  2353484                                                        3156                                                             -3155 
 1275  4.90      80  280    63     7     1274   3093     1    -7    22   -37     7    28  264278  2353447                                                        3093                                                             -3092 
 1365  4.80      86  274    89     8     1363   3004     1    -8    22   -45     7    35  264301  2353403                                                        3004                                                             -3003 
 1451  4.25      90  270    86     7     1449   2918     0    -7    23   -51     6    41  264324  2353351                                                        2918  3000  1367  1369    22   -45    35     0   318             -2918 
 1500  3.68      83  263    49     3     1498   2869     0    -3    22   -55     3    44  264346  2353297                                                        2869                                                             -2869 
 1555  3.05      74  254    55     3     1553   2814    -1    -3    22   -58     3    48  264368  2353239                                                        2814                                                             -2814 
 1699  4.90      66  246   143    10     1696   2671    -3    -9    18   -67    10    58  264386  2353172                                                        2671                                                             -2670 
 1870  6.70      62  242   170    17     1866   2501    -8   -16    11   -83    17    75  264397  2353089                                                        2501                                                             -2500 
 1900  7.43      61  241    30     4     1896   2471    -2    -3     9   -86     4    78  264395  2353086                90                                      2471  2500  1867  1870    11   -83    75     0   377             -2470 
 1930  8.17      60  240    60     8     1927   2440    -4    -7     7   -90     8    82  264404  2352999                                                        2440                                                             -2440 
 1962  6.29      69  249    31     4     1957   2410    -2    -4     5   -93     4    86  264409  2352906                                                        2410                                                             -2409 
 1996 12.56      32  212    34     6     1992   2375    -4    -4     2   -98     5    92  264411  2352809                                                        2375                                                             -2375 
 2017 16.27      59  239    20     5     2012   2355    -4    -4    -2  -101     5    96  264409  2352707                                                        2355                                                             -2355 
 2000 19.08      63  243   -16    -5     1996   2371     3     5     1   -97    -5    91  264410  2352611                                                        2371                                                             -2371 
 2060  9.34      49  229    58    15     2054   2313    -8   -12    -8  -109    14   105  264401  2352598               900                                      2313                                                             -2313 
 2077  6.63      44  224    75    17     2070   2297   -10   -14    -9  -110    16   108  264400  2352500                                                        2297                                                             -2296 
 2177  8.47      46  226    99    13     2170   2197    -9    -9   -19  -120    12   119  264381  2352380                                                        2197                                                             -2197 
 2275  7.47      30  210    97    14     2266   2101   -11    -8   -29  -128    11   131  264352  2352252                                                        2101                                                             -2100 
 2373  8.03      18  198    97    13     2363   2004   -12    -5   -41  -134     9   140  264311  2352118                                                        2004                                                             -2003 
 2456  7.33      20  200    83    11     2446   1921   -11    -4   -52  -137     7   147  264259  2351981                                                        1921  2000  2367  2376   -42  -134   140     0   376             -1920 
 2500  7.96      25  205    43     6     2490   1877    -5    -2   -57  -140     4   151  264201  2351841                                                        1877                                                             -1877 
 2548  8.66      30  210    48     7     2538   1829    -6    -3   -64  -143     5   156  264138  2351699                                                        1829                                                             -1829 
 2637  6.00      13  193    88    11     2625   1742   -10    -4   -74  -147     7   163  264064  2351552                                                        1742                                                             -1741 
 2697 10.09      18  198    59     8     2685   1682    -8    -2   -82  -149     5   168  263981  2351403                                                        1682                                                             -1682 
 2750  9.04      17  197    53     9     2737   1630    -8    -3   -91  -152     5   173  263973  2351400              2100                                      1630                                                             -1629 
 2834  7.40      16  196   136    21     2820   1547   -20    -6  -102  -155    12   180  263879  2351247                                                        1547                                                             -1546 
 2987  6.37      34  214   152    18     2972   1395   -17    -8  -119  -163    13   193  263761  2351084                                                        1395  1500  2867  2881  -107  -158   184     0   379             -1394 
 3000  6.16      41  221    13     1     2985   1382    -1    -1  -120  -164     1   194  263641  2350920                                                        1382                                                             -1381 
 3082  4.85      83  263    82     8     3067   1300    -4    -7  -124  -171     8   202  263517  2350750                                                        1300                                                             -1300 
 3193  4.98      90  270   110     9     3177   1190    -1    -9  -124  -180     9   211  263393  2350569                                                        1190                                                             -1190 
 3260  5.33      73  287    67     6     3244   1123     1    -6  -123  -186     5   216  263394  2350563              4000                                      1123                                                             -1122 
 3291  5.49      65  295    98     9     3275   1092     2    -9  -122  -189     8   218  263271  2350380                                                        1092                                                             -1092 
 3373  4.67      73  287    82     7     3357   1010     3    -7  -120  -196     6   224  263151  2350185                                                        1010                                                             -1010 
 3474  5.95      55  305   100     9     3457    910     4    -8  -115  -204     7   231  263036  2349980                                                         910  1000  3367  3383  -119  -197   225     0   370              -909 
 3500  6.23      56  304    26     3     3483    884     2    -2  -114  -206     2   232  262922  2349774                                                         884                                                              -883 
 3568  6.94      58  302    67     8     3550    817     4    -6  -110  -213     5   237  262813  2349561                                                         817                                                              -816 
 3659  4.59      47  313    91     9     3641    726     6    -7  -104  -220     5   242  262709  2349341                                                         726                                                              -726 
 3762  4.87      47  313   103     9     3744    623     6    -6   -98  -226     4   246  262610  2349115                                                         623                                                              -622 
 3853  5.08      60  300    90     8     3834    533     5    -6   -94  -233     4   250  262517  2348882                                                         533                                                              -532 
 3958  4.86      63  297   105     9     3939    428     4    -8   -89  -241     6   257  262428  2348641                                                         428   500  3867  3886   -92  -235   252     0   364              -427 
 4000  6.21      63  297    42     4     3981    386     2    -4   -87  -244     3   259  262340  2348397                                                         386                                                              -386 
 4041  7.51      62  298    40     5     4021    346     2    -4   -85  -249     3   263  262255  2348148                                                         346                                                              -345 
 4118  6.87      78  282    77    10     4098    269     3    -9   -82  -258     8   270  262173  2347890                                                         269                                                              -268 
 4222  8.36      88  272   103    14     4201    166     2   -14   -80  -271    12   283  262093  2347619                                                         166                                                              -165 
 4296  8.77      77  283    73    11     4274     93     1   -11   -79  -282    10   293  262015  2347337                                                          93                                                             -92.5 
 4399  8.97      83  263   102    16     4376     -9     1   -16   -78  -298    15   307  261937  2347038                                                          -9     0  4367  4390   -78  -297   306     1   354             9.434 
 4459 10.63      74  254    59    10     4436    -69    -2   -10   -80  -308    10   318  261857  2346730                                                         -69                                                             68.58 
 4500 10.97      71  251    40     8     4475   -108    -2    -7   -82  -316     8   325  261775  2346414                                                        -108                                                             108.4 
 4566 11.51      65  245    64    13     4540   -173    -5   -12   -87  -327    13   338  261688  2346087                                                        -173                                                             172.7 
 4638 14.67      49  229    70    16     4610   -243    -9   -14   -96  -341    16   354  261592  2345746                                                        -243                                                             243.2 
 4739 11.30      49  229    98    23     4709   -342   -15   -17  -111  -358    21   375  261481  2345388                                                        -342                                                             341.6 
 4844 12.26      41  221   103    21     4811   -444   -15   -15  -126  -373    19   394  261466  2345372              1400                                      -444                                                             444.4 
 4845 12.27      41  221   104    22     4813   -446   -15   -15  -126  -374    20   394  261355  2345014                                                        -446                                                             445.7 
                                                                                                                                                                 -597  -500  4867  4901  -135  -381   310     1   351         361 596.9 
                                                                                                                                                                                                                                      0 
                                                                                                                                                                                                                            
                                                                                                                                                                                                                            
                                                                                                                                                                                                                            
                                                                                                                                                                                                                            
                                                                                                                                                                                                                            
                                                                                                                                                                                                                            
                                                                                                                                                                                                                            
                                                                                                                                                                                                                            
                                                                                                                                                                                                                            
                                                                                                                                                                                                                            
                                                                                                                                                                                                                            
                                                                                                                                                                                                                            
                                                                                                                                                                                                                            
                                                                                                                                                                                                                            
                                                                                                                                                                                                                            
                                                                                                                                                                                                                            
                                                                                                                                                                                                                            
                                                                                                                                                                                                                            
                                                                                                                                                                                                                            
                                                                                                                                                                                                                            
                                                                                                                                                                                                                            
                                                                                                                                                                                                                            
                                                                                                                                                                                                                            
                                                                                                                                                                                                                            
                                                                                                                                                                                                                            
                                                                                                                                                                                                                            
                                                                                                                                                                                                                            
                                                                                                                                                                                                                            
                                                                                                                                                                                                                            
                                                                                                                                                                                                                            
                                                                                                                                                                                                                            
                                                                                                                                                                                                                            
                                                                                                                                                                                                                            
                                                                                                                                                                                                                            
                                                                                                                                                                                                                            
                                                                                                                                                                                                                            
                                                                                                                                                                                                                            
                                                                                                                                                                                                                            
                                                                                                                                                                                                                            
                                                                                                                                                                                                                            
                                                                                                                                                                                                                            
                                                                                                                                                                                                                            
                                                                                                                                                                                                                            
                                                                                                                                                                                                                            
                                                                                                                                                                                                                            
                                                                                                                                                                                                                            
                                                                                                                                                                                                                            
                                                                                                                                                                                                                            
                                                                                                                                                                                                                            
                                                                                                                                                                                                                            
                                                                                                                                                                                                                            
                                                                                                                                                                                                                            
                                                                                                                                                                                                                            
                                                                                                                                                                                                                            
                                                                                                                                                                                                                            
                                                                                                                                                                                                                            
                                                                                                                                                                                                                            
                                                                                                                                                                                                                            
                                                                                                                                                                                                                            
                                                                                                                                                                                                                            
                                                                                                                                                                                                                            
                                                                                                                                                                                                                            
                                                                                                                                                                                                                            
                                                                                                                                                                                                                            
                                                                                                                                                                                                                            
                                                                                                                                                                                                                            
                                                                                                                                                                                                                            
                                                                                                                                                                                                                            
                                                                                                                                                                                                                            
                                                                                                                                                                                                                            
                                                                                                                                                                                                                            
                                                                                                                                                                                                                            
                                                                                                                                                                                                                            
                                                                                                                                                                                                                            
                                                                                                                                                                                                                            
                                                                                                                                                                                                                            
                                                                                                                                                                                                                            
                                                                                                                                                                                                                            
                                                                                                                                                                                                                            
                                                                                                                                                                                                                            
                                                                                                                                                                                                                            
                                                                                                                                                                                                                            
                                                                                                                                                                                                                            
                                                                                                                                                                                                                            
                                                                                                                                                                                                                            
                                                                                                                                                                                                                            
                                                                                                                                                                                                                            
                                                                                                                                                                                                                            
                                                                                                                                                                                                                            
                                                                                                                                                                                                                            
                                                                                                                                                                                                                            
                                                                                                                                                                                                                            
                                                                                                                                                                                                                            
                                                                                                                                                                                                                            
                                                                                                                                                                                                                            
                                                                                                                                                                                                                            
                                                                                                                                                                                                                            
                                                                                                                                                                                                                            
                                                                                                                                                                                                                            
                                                                                                                                                                                                                            
                                                                                                                                                                                                                            
                                                                                                                                                                                                                            
                                                                                                                                                                                                                            
                                                                                                                                                                                                                            
                                                                                                                                                                                                                            
                                                                                                                                                                                                                            
                                                                                                                                                                                                                            
                                                                                                                                                                                                                            
                                                                                                                                                                                                                            
                                                                                                                                                                                                                            
                                                                                                                                                                                                                            
                                                                                                                                                                                                                            
                                                                                                                                                                                                                            
                                                                                                                                                                                                                            
                                                                                                                                                                                                                            
                                                                                                                                                                                                                            
                                                                                                                                                                                                                            
                                                                                                                                                                                                                            
                                                                                                                                                                                                                            
                                                                                                                                                                                                                            
                                                                                                                                                                                                                            
                                                                                                                                                                                                                            
                                                                                                          
                                                                                                          
                                                                                                          
                                                                                                          
                                                                                                          
                                                                                                          
                                                                                                          
                                                                                                          
                                                                                                                                                                                        
                                                                                                                                                                                        
                                                                                                                                                                                        
                                                                                                                                                                                        
                                                                                                                                                                                        
                                                                                                                                                                                        
                                                                                                                                                                                        
                                                                                                                                                                                        
                                                                                                                                                                                        
                                                                                                                                                                                        
                                                                                                                                                                                        
                                                                                                                                                                                        
                                                                                                                                                                                        
