      WELL DATA SUMMARY                                                                                      
            
Well  NAVY II 58-18 
                         
Sec Az   70 N 70 E  
Elev   4192 KB      
CoordsNorth  249926 East              2353058 
                         Course               
  MD  Drift Drift D. AzimLength  DH     TVD     SSD    DNS   DEW   N-S   E-W  DSec    Sec     N-LAM E-LAM    
_____________________________________________________________________________________________________________
                                                                                                             
    0  0.00      10  170                        4192     0     0     0     0     0        0  249926  2353058 
  192  0.67      10  170   192     1      192   4000    -1     0    -1     0     0        0  249925  2353058 
  216  0.75      10  170   216     1      216   3976    -1     0    -1     0     0        0  249925  2353058 
  388  0.50      10  170   172     2      388   3804    -2     0    -3     1     0       -1  249923  2353059 
  499  0.75      10  170   111     1      499   3693    -1     0    -4     1     0       -1  249922  2353059 
  500  0.75      10  170     1     0      500   3692     0     0    -4     1     0       -1  249922  2353059 
  625  0.75      10  170   126     2      625   3567    -2     0    -6     1     0       -1  249920  2353059 
  717  0.75      10  170    92     1      717   3475    -1     0    -7     1     0       -1  249919  2353059 
  812  1.00       6  174    95     1      812   3380    -1     0    -9     1     0       -2  249917  2353059 
  906  1.25      19  199    94     2      906   3286    -2     0   -11     1    -1       -2  249915  2353059 
  999  1.75      36  216    93     2      999   3193    -2    -1   -13     0    -2       -4  249913  2353058 
 1000  1.75      36  216     1     0     1000   3192     0     0   -13     0     0       -4  249913  2353058 
 1090  1.75      26  206    91     3     1090   3102    -2    -1   -15    -1    -2       -6  249911  2353057 
 1184  1.75      27  207    94     3     1184   3008    -3    -1   -18    -3    -2       -8  249908  2353055 
 1192  1.73      27  207     8     0     1192   3000     0     0   -18    -3     0       -9  249908  2353055 
 1303  1.50      34  214   119     3     1303   2889    -3    -2   -21    -4    -3      -11  249905  2353054 
 1403  1.25      77  257   100     2     1403   2789    -1    -2   -22    -6    -2      -13  249904  2353052 
 1490  1.50      64  244    87     2     1490   2702    -1    -2   -23    -8    -2      -15  249903  2353050 
 1500  1.57      68  248    10     0     1500   2692     0     0   -23    -8     0      -16  249903  2353050 
 1560  2.00      89  269    70     2     1560   2632     0    -2   -23   -10    -2      -18  249903  2353048 
 1607  1.50      74  254    47     1     1607   2585     0    -1   -23   -12    -1      -19  249903  2353046 
 1639  0.75      89  269    32     1     1639   2553     0    -1   -23   -12    -1      -20  249903  2353046 
 1670  0.50      31  329    31     0     1670   2522     0     0   -23   -13     0      -20  249903  2353045 
 1700  0.75      12   12    30     0     1700   2492     0     0   -23   -13     0      -20  249903  2353045 
 1732  1.00      34   34    32     0     1732   2460     0     0   -22   -13     0      -19  249904  2353045 
 1764  1.75      42   42    32     1     1764   2428     1     0   -22   -12     1      -19  249904  2353046 
 1794  2.75      57   57    30     1     1794   2398     1     1   -21   -11     1      -18  249905  2353047 
 1807  2.65      52   52    13     1     1807   2385     0     0   -21   -11     1      -17  249905  2353047 
 1827  2.50      44   44    33     2     1827   2365     1     1   -20   -10     1      -16  249906  2353048 
 1901  3.25      61   61    74     4     1900   2292     2     3   -18    -7     4      -13  249908  2353051 
 1994  3.25      58   58    93     5     1993   2199     3     5   -15    -2     5       -8  249911  2353056 
 2000  3.22      58   58     6     0     1999   2193     0     0   -15    -2     0       -7  249911  2353056 
 2083  2.75      59   59    89     5     2082   2110     2     4   -13     1     5       -3  249913  2353059 
 2173  2.75      59   59    90     4     2172   2020     2     4   -11     5     4        1  249915  2353063 
 2193  2.59      63   63    20     1     2192   2000     0     1   -10     6     1        2  249916  2353064 
 2269  2.00      78   78    96     4     2268   1924     1     4    -9     9     4        5  249917  2353067 
 2330  2.00      85   85    61     2     2329   1863     0     2    -9    11     2        7  249917  2353069 
 2466  2.25      62  118   136     5     2465   1727    -1     5   -10    16     4       12  249916  2353074 
 2500  2.45      75  105    34     1     2499   1693    -1     1   -10    17     1       13  249916  2353075 
 2509  2.50      78  102    43     2     2508   1684    -1     2   -10    18     1       13  249916  2353076 
 2539  2.25      90   90    30     1     2538   1654     0     1   -11    19     1       14  249915  2353077 
 2569  2.00      81   81    30     1     2568   1624     0     1   -10    20     1       15  249916  2353078 
 2600  3.00      89   89    31     1     2599   1593     0     1   -10    21     1       17  249916  2353079 
 2632  3.75      88   92    32     2     2631   1561     0     2   -10    23     2       18  249916  2353081 
 2663  4.50      87   87    31     2     2662   1530     0     2   -10    25     2       20  249916  2353083 
 2694  5.25      80   80    31     3     2693   1499     0     3   -10    28     3       23  249916  2353086 
 2725  6.00      80   80    31     3     2723   1469     1     3    -9    31     3       26  249917  2353089 
 2756  7.00      80   80    31     4     2754   1438     1     3    -9    34     3       29  249917  2353092 
 2787  8.00      82   82    31     4     2785   1407     1     4    -8    38     4       33  249918  2353096 
 2818  9.00      81   81    31     5     2816   1376     1     5    -8    43     4       38  249918  2353101 
 2887  9.25      68   68    68    11     2884   1308     3    11    -5    54    11       49  249921  2353112 
 2980  9.50      65   65    92    15     2975   1217     6    14     1    67    15       64  249927  2353125 
 3000  9.70      65   65    20     3     2995   1197     1     3     3    70     3       67  249929  2353128 
 3073 10.45      66   66    92    16     3067   1125     7    15     8    82    16       80  249934  2353140 
 3166 11.75      66   66    91    18     3158   1034     7    16    15    98    18       98  249941  2353156 
 3200 12.30      66   66    33     7     3192   1000     3     6    18   105     7      105  249944  2353163 
 3259 13.25      67   67    91    20     3249    943     8    18    23   117    20      118  249949  2353175 
 3382 15.00      68   68   119    30     3368    824    11    28    35   145    30      148  249961  2353203 
 3477 17.25      69   69    91    26     3460    732    10    25    45   169    26      174  249971  2353227 
 3500 17.92      69   69    22     7     3482    710     2     6    47   176     7      181  249973  2353234 
 3571 20.00      69   69    89    30     3549    643    11    28    55   197    30      204  249981  2353255 
 3663 22.50      69   69    86    33     3634    558    12    31    67   228    33      238  249993  2353286 
 3757 24.75      68   68    86    38     3721    471    14    35    81   263    38      275  250007  2353321 
 3850 25.00      67   67    84    39     3805    387    15    36    96   300    39      314  250022  2353358 
 3943 25.00      67   67    84    39     3889    303    15    36   111   336    39      354  250037  2353394 
 4000 24.85      68   68    52    24     3941    251     9    22   121   358    24      378  250047  2353416 
 4037 24.75      68   68    85    40     3975    217    15    37   127   372    40      393  250053  2353430 
 4131 24.50      67   67    85    39     4060    132    15    36   142   408    39      432  250068  2353466 
 4224 24.25      68   68    85    38     4145     47    15    35   156   444    38      471  250082  2353502 
 4276 24.11      67   67    47    21     4192      0     8    20   164   464    21      492  250090  2353522 
 4318 24.00      66   66    86    38     4230    -38    15    35   171   479    38      509  250097  2353537 
 4410 23.50      65   65    84    37     4315   -123    15    34   187   513    37      546  250113  2353571 
 4500 24.00      63   63    82    36     4397   -205    16    33   202   546    36      582  250128  2353604 
 4600 24.75      62   62    91    41     4488   -296    19    37   222   582    41      623  250148  2353640 
 4690 25.50      63   63    81    38     4570   -378    18    34   239   616    38      661  250165  2353674 
 4788 25.50      61   61    88    42     4658   -466    20    37   259   653    42      703  250185  2353711 
 4878 26.00      62   62    81    39     4739   -547    19    34   278   688    39      741  250204  2353746 
 5000 26.34      61   61   109    54     4849   -657    26    47   303   735    53      794  250229  2353793 
 5056 26.50      60   60   160    79     4899   -707    38    69   316   757    78      819  250242  2353815 
 5088 26.25      60   60    29    14     4927   -735     7    12   323   769    14      833  250249  2353827 
 5119 26.25      59   59    28    14     4955   -763     7    12   330   781    13      846  250256  2353839 
 5150 26.00      59   59    28    14     4983   -791     7    12   337   792    13      860  250263  2353850 
 5181 26.00      60   60    28    14     5011   -819     7    12   344   804    13      873  250270  2353862 
 5272 26.50      58   58    82    40     5093   -901    21    34   365   839    40      913  250291  2353897 
 5305 26.50      59   59    30    15     5122   -930     8    13   372   851    14      927  250298  2353909 
 5336 27.00      60   60    28    14     5150   -958     7    12   379   863    14      941  250305  2353921 
 5367 27.00      62   62    28    14     5177   -985     7    12   386   875    14      955  250312  2353933 
 5383 27.00      63   63    14     7     5192  -1000     3     6   390   882     7      962  250316  2353940 
 5397 27.00      63   63    27    14     5204  -1012     6    12   392   888    14      968  250318  2353946 
 5455 28.00      64   64    51    27     5256  -1064    12    24   404   912    27      995  250330  2353970 
 5486 28.00      64   64    27    15     5283  -1091     6    13   411   925    14     1009  250337  2353983 
 5500 27.89      64   64    12     7     5295  -1103     3     6   414   930     7     1016  250340  2353988 
 5640 26.75      59   59   137    71     5420  -1228    34    62   445   987    70     1079  250371  2354045 
 5677 26.25      62   62    33    17     5453  -1261     8    14   453  1001    16     1096  250379  2354059 
 5708 26.00      64   64    28    14     5481  -1289     6    12   459  1013    14     1109  250385  2354071 
 5739 25.75      66   66    28    14     5509  -1317     6    12   465  1026    13     1123  250391  2354084 
 5770 25.75      68   68    28    13     5536  -1344     5    12   470  1038    13     1136  250396  2354096 
 5802 25.75      70   70    29    14     5565  -1373     5    13   475  1051    14     1150  250401  2354109 
 5834 25.75      73   73    29    14     5594  -1402     4    13   479  1064    14     1164  250405  2354122 
 5945 28.00      74   74    99    50     5693  -1501    14    48   493  1112    50     1214  250419  2354170 
 6000 28.00      73   73    49    26     5742  -1550     7    25   501  1137    26     1240  250427  2354195 
 6038 28.00      72   72    82    44     5775  -1583    13    42   506  1154    44     1258  250432  2354212 
 6131 28.00      73   73    82    44     5857  -1665    13    42   519  1196    44     1301  250445  2354254 
 6226 27.50      73   73    84    44     5941  -1749    13    42   532  1238    44     1345  250458  2354296 
 6319 27.25      73   73    83    43     6024  -1832    13    41   545  1279    43     1388  250471  2354337 
 6410 27.00      72   72    81    41     6105  -1913    12    40   557  1318    41     1430  250483  2354376 
 6500 26.61      70   70    80    41     6185  -1993    13    38   570  1357    41     1470  250496  2354415 
 6507 26.58      70   70     6     3     6192  -2000     1     3   571  1360     3     1473  250497  2354418 
 6526 26.50      70   70   104    52     6209  -2017    17    49   574  1368    52     1482  250500  2354426 
 6621 26.25      70   70    85    42     6294  -2102    14    40   589  1407    42     1524  250515  2354465 
 6684 26.00      69   69    57    28     6350  -2158    10    26   598  1433    28     1552  250524  2354491 
 6805 24.71      69   69   109    52     6460  -2268    19    48   617  1482    52     1603  250543  2354540 
 6988 22.75      69   69   277   125     6627  -2435    45   117   643  1551   125     1677  250569  2354609 
 7000 22.68      69   69    11     5     6638  -2446     2     4   645  1555     5     1682  250571  2354613 
 7112 22.00      68   68   115    47     6742  -2550    17    44   661  1595    47     1724  250587  2354653 
 7265 21.50      68   68   142    57     6884  -2692    21    53   682  1647    57     1781  250608  2354705 
 7500 21.50      68   68   219    86     7103  -2911    32    80   714  1727    86     1867  250640  2354785 
 7560 21.50      68   68   274   108     7158  -2966    41   100   722  1747   108     1889  250648  2354805 
 7596 21.50      68   68    33    13     7192  -3000     5    12   727  1760    13     1902  250653  2354818 
 7978 21.50      68   68   389   153     7547  -3355    57   142   780  1889   153     2042  250706  2354947 
                                                                                                             
                                                                                                             
                                                                                                             
                                                                                                             
                                                                                                             
                                                                                                             
                                                                                                             
                                                                                                             
                                                                                                             
                                                                                                             
                                                                                                             
                                                                                                             
                                                                                                             
                                                                                                             
                                                                                                             
                                                                                                             
                                                                                                             
                                                                                                             
                                                                                                             
                                                                                                             
                                                                                                             
                                                                                                             
                                                                                                             
                                                                                                             
                                                                                                             
                                                                                                             
                                                                                                             
                                                                                                             
                                                                                                             
                                                                                                             
                                                                                                             
                                                                                                             
                                                                                                             
                                                                                                             
                                                                                                             
                                                                                                             
                                                                                                             
                                                                                                             
                                                                                                             
                                                                                                             
                                                                                                             
                                                                                                             
                                                                                                             
                                                                                                             
                                                                                                             
                                                                                                             
                                                                                                             
                                                                                                             
                                                                                                             
                                                                                                             
                                                                                                             
                                                                                                             
                                                                                                             
                                                                                                             
                                                                                                             
                                                                                                             
                                                                                                             
                                                                                                             
                                                                                                             
                                                                                                             
                                                                                                             
                                                                                                             
                                                                                                             
                                                                                                             
                                                                                                             
                                                                                                             
                                                                                                             
                                                                                                             
                                                                                                             
                                                                                                             
                                                                                                             
                                                                                                             
                                                                                                             
                                                                                                             
                                                                                                             
                                                                                                             
                                                                                                             
                                                                                                             
                                                                                                             
                                                                                                             
                                                                                                             
                                                                                                             
                                                                                                             
                                                                                                             
                                                                                                             
                                                                                                             
                                                                                                             
                                                                                                             
                                                                                                             
