	WELL DATA SUMMARY									

Well BLM 58B-18										
Sec Az 275										
Elev 4192 KB										
Coors North 249998  East 2353042										

MD	Drift	Drift D.	Azim	TVD	SSD	N-S	E-W	Sec	N-LAM	E-LAM
0	0.00	0	199	0	4192	0	0	0	249998	2353042
158	0.25	199	199	158	4034	0	0	0	249998	2353042
192	0.49	181	181	192	4000	-1	0	0	249997	2353042
301	1.25	124	124	301	3891	-2	0	-1	249996	2353042
436	1.00	116	116	488	3704	-4	4	-4	249994	2353046
659	0.50	128	128	659	3533	-5	6	-6	249993	2353048
753	0.50	128	128	753	3439	-6	6	-7	249992	2353048
860	1.75	251	251	860	3332	-8	6	-6	249990	2353048
890	2.00	253	253	890	3302	-8	5	-6	249990	2353047
1081	2.50	241	241	1081	3111	-11	-2	1	249987	2353040
1192	3.16	246	246	1192	3000	-13	-7	6	249982	2353035
1292	3.75	250	250	1291	2901	-16	-12	11	249982	2353030
1429	5.25	250	250	1428	2764	-19	-23	21	249979	2353019
1451	5.25	250	250	1450	2742	-20	-24	23	249978	2353018
1514	6.00	256	256	1513	2679	-22	-30	28	249976	2353012
1577	6.00	260	260	1575	2617	-23	-37	35	249975	2353005
1640	6.00	260	260	1636	2554	-24	-43	41	249974	2352999
1704	7.50	271	271	1701	2491	-25	-51	48	249973	2352991
1766	9.50	275	275	1763	2429	-25	-60	58	249973	2352982
1830	11.00	273	273	1826	2366	-24	-71	69	249974	2352971
2085	12.75	274	274	2075	2117	-21	-124	121	249977	2352918
2180	13.25	273	273	2168	2024	-19	-145	143	249979	2352897
2205	13.25	273	273	2192	2000	-19	-151	149	249979	2352891
2274	13.25	274	274	2259	1933	-18	-167	164	249980	2352875
2370	14.00	272	272	2353	1839	-17	-189	187	249981	2352853
2529	14.00	271	271	2507	1665	-16	-228	225	249982	2352814
2692	15.75	269	269	2664	1528	-16	-269	267	249982	2352773
2851	18.00	265	265	2817	1375	-18	-316	313	249980	2352726
3034	17.00	265	265	2991	1201	-23	-370	367	249975	2352672
3225	15.25	265	265	3175	1017	-28	-423	419	249970	2352619
3243	15.25	265	265	3192	1000	-28	-428	424	249970	2352614
3290	15.25	265	265	3237	955	-29	-440	436	249969	2352602
3344	15.25	262	262	3289	903	-31	-454	450	249967	2352588
3408	15.25	263	263	3351	841	-33	-471	466	249965	2352571
3472	14.75	265	265	3413	779	-35	-487	483	249963	2352555
3536	14.00	269	269	3475	717	-35	-503	498	249963	2352539
3599	15.00	273	273	3536	656	-35	-519	514	249963	2352523
3631	15.50	276	276	3567	625	-35	-528	523	249963	2352514
3694	15.75	284	284	3628	564	-32	-544	539	249966	2352498
3791	15.50	279	278	3721	471	-27	-570	565	249971	2352472
3919	14.25	279	279	3845	347	-22	-602	598	249976	2352440
4047	12.75	278	278	3969	223	-17	-632	628	249981	2352410
4120	12.25	278	278	4040	152	-15	-648	644	249983	2352394
4180	12.00	275	275	4099	93	-14	-660	656	249984	2352382
4236	12.00	287	287	4154	38	-11	-672	668	249987	2352370
4275	12.00	273	273	4192	0	-10	-660	676	249988	2352362
4303	12.00	263	263	4219	-27	-10	-685	682	249986	2352357
4367	12.75	261	261	4282	-90	-12	-699	695	249986	2352343
4430	12.75	262	262	4343	-151	-14	-713	709	249984	2352329
4495	12.25	261	261	4407	-215	-16	-727	722	249962	2352315
4559	13.00	258	258	4469	-277	-19	-740	736	249979	2352302
4591	13.25	263	263	4500	-308	-20	-748	743	249978	2352294
4658	12.00	262	262	4566	-374	-22	-762	757	249976	2352280
4719	13.00	262	262	4625	-433	-24	-775	770	249974	2352267
4751	14.50	265	265	4656	-464	-25	-783	778	249973	2352259
4783	15.00	270	270	4687	-495	-25	-791	786	249973	2352251
4815	14.25	275	275	4718	-526	-25	-799	794	249973	2352243
4855	14.75	274	274	4757	-565	-24	-809	804	249974	2352233
4850	15.25	276	278	4791	-599	-23	-818	813	249975	2352224
4921	15.25	280	280	4821	-629	-22	-826	821	249976	2352216
4953	15.00	281	281	4852	-660	-20	-834	829	249978	2352208
5083	16.25	281	266	4977	-785	-11	-668	864	249987	2352174
5179	16.25	289	289	5069	-877	-3	-894	890	249995	2352148
5307	15.64	289	289	5192	-1000	9	-927	924	250007	2352115
5314	15.61	269	269	5199	-1007	9	-929	926	250007	2352113
5337	15.50	289	289	5221	-1029	11	-934	932	250009	2352108
5464	15.00	289	289	5344	-1152	22	-966	964	250020	2352076
5591	13.50	290	290	5467	-1275	33	-995	995	250031	2352047
5685	13.00	287	287	5558	-1366	39	-1016	1015	250037	2352026
5821	12.50	285	285	5691	-1499	48	-1045	1045	250046	2351997
5861	11.74	286	286	5730	-1536	50	-1053	1053	250048	2351989
5952	10.00	289	289	5819	-1627	55	-1069	1070	250053	2351973
6050	10.75	289	289	5916	-1724	61	-1086	1087	250059	2351956
6075	10.25	294	294	5940	-1748	63	-1090	1091	250061	2351952
6230	11.15	288	288	6093	-1901	73	-1117	1119	250071	2351925
6332	12.50	295	295	6192	-2000	61	-1136	1139	250079	2351906
6389	13.25	299	299	6248	-2056	86	-1148	1151	250084	2351894
6600	13.00	298	298	6453	-2261	109	-1190	1195	250107	2351852
6800	12.25	299	299	6649	-2457	130	-1228	1235	250128	2351814
6961	12.00	285	285	6606	-2614	143	-1260	1267	250141	2351762
7244	12.00	297	297	7083	-2891	164	-1315	1324	250162	2351727
7356	12.90	297	297	7192	-3000	175	-1336	1346	250173	2351706
7554	14.50	297	297	7385	-3193	196	-1378	1390	250194	2351664
7855	11.75	290	290	7678	-3466	223	-1441	1455	250221	2351601
8070	10.50	289	289	7889	-3697	237	-1480	1495	250235	2351562
8212	12.00	286	286	8028	-3636	245	-1506	1522	250243	2351536
8379	11.13	289	289	8192	-4000	255	-1538	1555	250253	2351504
8405	11.00	289	289	8217	-4025	257	-1543	1559	250255	2351499
8600	10.75	291	191	8409	-4217	270	-1577	1595	250268	2351465
8848	10.75	292	292	8652	-4460	287	-1620	1639	250285	2351422
9136	9.83	283	283	8936	-4744	302	-1670	1690	250300	2351372
9396	9.63	282	282	9192	-5000	312	-1714	1734	250310	2351328
9516	9.75	282	282	9310	-5118	316	-1734	1754	250314	2351308
9556	9.75	282	282	9349	-5157	318	-1740	1761	250316	2351302
