      WELL DATA SUMMARY                                                                                      
            
Well  NAVY II 72-18 
                         
Sec Az  220 S 40 W  
Elev   4228 KB      
CoordsNorth  254105 East              2354497 
                         Course               
  MD  Drift Drift D. AzimLength  DH     TVD     SSD    DNS   DEW   N-S   E-W  DSec    Sec     N-LAM E-LAM    
_____________________________________________________________________________________________________________
                                                                                                             
    0  0.00      78  102                        4228     0     0     0     0     0        0  254105  2354497 
  225  0.25      78  102   225     0      225   4003     0     0     0     0     0        0  254105  2354497 
  228  0.25      78  104     3     0      228   4000     0     0     0     0     0        0  254105  2354497 
  465  0.25      66  294   240    -1      465   3763     1     0     1     1    -1       -1  254106  2354498 
  500  0.37      54  306    35     0      500   3728     0     0     1     1     0       -1  254106  2354498 
  615  0.75      13  347   150     1      615   3613     1    -1     2     0     0       -1  254107  2354497 
  740  0.25      82   98   125    -1      740   3488     1     1     3     1    -1       -3  254108  2354498 
  869  0.75      20  200   129     1      869   3359    -1     1     2     1     0       -2  254107  2354498 
  992  0.50      83   83   123     1      992   3236    -1     1     1     2     0       -2  254106  2354499 
 1000  0.53      78  100     8     0     1000   3228     0     0     1     2     0       -2  254106  2354499 
 1115  1.00      11  349   123    -2     1115   3113     1     1     2     3    -2       -4  254107  2354500 
 1228  0.77      21  339   113     2     1228   3000     2     0     4     3    -1       -4  254109  2354500 
 1237  0.75      22  338   122     2     1237   2991     2    -1     4     3    -1       -5  254109  2354500 
 1364  0.75      68   68   127    -2     1364   2864     2     1     5     3    -2       -6  254110  2354500 
 1488  0.25      76   76   124     1     1488   2740     0     1     6     4    -1       -7  254111  2354501 
 1500  0.30      74   81    12     0     1500   2728     0     0     6     4     0       -7  254111  2354501 
 1612  0.75      56  124   124     1     1612   2616     0     1     5     5    -1       -8  254110  2354502 
 1705  0.75      29  209    93     1     1705   2523    -1     0     4     6     1       -7  254109  2354503 
 1737  1.25      44  224    32     1     1737   2491     0     0     4     5     1       -6  254109  2354502 
 1768  1.75      43  223    31     1     1768   2460    -1    -1     3     5     1       -5  254108  2354502 
 1861  4.25      28  208    93     5     1861   2367    -4    -3    -1     2     5       -1  254104  2354499 
 1894  5.00      29  209    33     3     1894   2334    -2    -1    -3     1     3        2  254102  2354498 
 2000  6.04      47  227   106    10     1999   2229    -8    -6   -11    -6    10       12  254094  2354491 
 2021  6.25      50  230   126    12     2020   2208   -10    -8   -13    -7    12       14  254092  2354490 
 2118  7.00      48  228    96    11     2116   2112    -7    -8   -20   -16    11       25  254085  2354481 
 2231  7.81      42  222   112    15     2228   2000   -10   -10   -30   -26    15       40  254075  2354471 
 2257  8.00      41  221   138    18     2254   1974   -13   -13   -33   -28    18       44  254072  2354469 
 2289  8.75      42  222    32     5     2286   1942    -3    -3   -36   -32     5       48  254069  2354465 
 2321  9.50      42  222    32     5     2317   1911    -4    -3   -40   -35     5       53  254065  2354462 
 2352 10.00      42  222    31     5     2348   1880    -4    -4   -44   -38     5       59  254061  2354459 
 2415 12.50      37  217    62    12     2410   1818    -9    -8   -54   -46    12       71  254051  2354451 
 2447 13.75      38  218    31     7     2441   1787    -6    -4   -59   -51     7       78  254046  2354446 
 2500 15.13      40  220    51    13     2492   1736   -10    -8   -70   -59    13       91  254035  2354438 
 2553 16.50      42  222   102    28     2543   1685   -21   -18   -81   -69    28      106  254024  2354428 
 2596 17.50      42  222    41    13     2584   1644    -9    -8   -90   -77    13      118  254015  2354420 
 2660 18.75      45  225    61    20     2645   1583   -14   -14  -104   -91    20      138  254001  2354406 
 2724 19.25      44  224    61    21     2706   1522   -15   -15  -119  -105    21      159  253986  2354392 
 2789 21.00      44  224    61    22     2767   1461   -16   -16  -135  -121    22      181  253970  2354376 
 2821 22.25      44  224    30    12     2797   1431    -8    -8  -144  -129    12      193  253961  2354368 
 2853 23.50      42  222    29    12     2826   1402    -9    -8  -153  -137    12      205  253952  2354360 
 2941 27.00      38  218    80    38     2906   1322   -29   -24  -182  -162    38      243  253923  2354335 
 3000 27.95      39  219    52    27     2958   1270   -21   -17  -203  -179    27      270  253902  2354318 
 3003 28.00      39  219    55    29     2961   1267   -22   -18  -204  -179    29      272  253901  2354318 
 3102 28.75      39  219    87    47     3048   1180   -37   -30  -241  -209    47      319  253864  2354288 
 3197 28.75      40  220    83    46     3131   1097   -35   -29  -276  -238    46      364  253829  2354259 
 3295 28.00      40  220    86    47     3217   1011   -36   -30  -312  -268    47      411  253793  2354229 
 3307 27.90      40  220    11     6     3228   1000    -4    -4  -316  -272     6      417  253789  2354225 
 3420 27.00      39  219   111    58     3328    900   -45   -37  -356  -305    58      469  253749  2354192 
 3483 26.50      40  220    56    28     3384    844   -22   -18  -378  -323    28      497  253727  2354174 
 3500 26.41      40  220    15     8     3400    828    -6    -5  -384  -328     8      505  253721  2354169 
 3539 26.20      39  219    50    25     3435    793   -19   -16  -397  -339    25      522  253708  2354158 
 3576 26.00      39  219    83    41     3468    760   -32   -26  -410  -349    41      538  253695  2354148 
 3628 26.00      39  219    47    23     3515    713   -18   -14  -427  -363    23      561  253678  2354134 
 3703 26.00      40  220   114    56     3582    646   -43   -35  -453  -384    56      594  253652  2354113 
 3829 26.25      38  218   113    55     3695    533   -43   -35  -496  -419    55      649  253609  2354078 
 3958 26.25      39  219   116    57     3811    417   -45   -36  -540  -455    57      706  253565  2354042 
 4000 26.34      39  219    38    19     3848    380   -14   -12  -555  -466    19      725  253550  2354031 
 4078 26.50      39  219   108    53     3918    310   -41   -34  -582  -488    53      760  253523  2354009 
 4139 26.50      39  219    55    27     3973    255   -21   -17  -603  -505    27      787  253502  2353992 
 4422 24.80      39  219   255   123     4228      0   -95   -77  -698  -583   122      909  253407  2353914 
 4500 24.33      39  219   326   155     4299    -71  -120   -98  -723  -603   155      942  253382  2353894 
 4555 24.00      39  219   376   177     4349   -121  -138  -112  -741  -617   177      964  253364  2353880 
 5000 17.44      39  219   416   157     4765   -537  -122   -99  -863  -716   157     1122  253242  2353781 
 5132 15.50      39  219   543   195     4892   -664  -152  -123  -892  -740   195     1159  253213  2353757 
 5372 15.50      39  219   231    64     5123   -895   -50   -40  -942  -780    64     1223  253163  2353717 
                                                                                                             
                                                                                                             
                                                                                                             
                                                                                                             
                                                                                                             
                                                                                                             
                                                                                                             
                                                                                                             
                                                                                                             
                                                                                                             
                                                                                                             
                                                                                                             
                                                                                                             
                                                                                                             
                                                                                                             
                                                                                                             
                                                                                                             
                                                                                                             
                                                                                                             
                                                                                                             
                                                                                                             
                                                                                                             
                                                                                                             
                                                                                                             
                                                                                                             
                                                                                                             
                                                                                                             
                                                                                                             
                                                                                                             
                                                                                                             
                                                                                                             
                                                                                                             
                                                                                                             
                                                                                                             
                                                                                                             
                                                                                                             
                                                                                                             
                                                                                                             
                                                                                                             
                                                                                                             
                                                                                                             
                                                                                                             
                                                                                                             
                                                                                                             
                                                                                                             
                                                                                                             
                                                                                                             
                                                                                                             
                                                                                                             
                                                                                                             
                                                                                                             
                                                                                                             
                                                                                                             
                                                                                                             
                                                                                                             
                                                                                                             
                                                                                                             
                                                                                                             
                                                                                                             
                                                                                                             
                                                                                                             
                                                                                                             
                                                                                                             
                                                                                                             
                                                                                                             
                                                                                                             
                                                                                                             
                                                                                                             
                                                                                                             
                                                                                                             
                                                                                                             
                                                                                                             
                                                                                                             
                                                                                                             
                                                                                                             
                                                                                                             
                                                                                                             
                                                                                                             
                                                                                                             
                                                                                                             
                                                                                                             
                                                                                                             
                                                                                                             
                                                                                                             
                                                                                                             
                                                                                                             
                                                                                                             
                                                                                                             
                                                                                                             
                                                                                                             
                                                                                                             
                                                                                                             
                                                                                                             
                                                                                                             
                                                                                                             
                                                                                                             
                                                                                                             
                                                                                                             
                                                                                                             
                                                                                                             
                                                                                                             
                                                                                                             
                                                                                                             
                                                                                                             
                                                                                                             
                                                                                                             
                                                                                                             
                                                                                                             
                                                                                                             
                                                                                                             
                                                                                                             
                                                                                                             
                                                                                                             
                                                                                                             
                                                                                                             
                                                                                                             
                                                                                                             
                                                                                                             
                                                                                                             
                                                                                                             
                                                                                                             
                                                                                                             
                                                                                                             
                                                                                                             
                                                                                                             
                                                                                                             
                                                                                                             
                                                                                                             
                                                                                                             
                                                                                                             
                                                                                                             
                                                                                                             
                                                                                                             
                                                                                                             
                                                                                                             
                                                                                                             
                                                                                                             
                                                                                                             
                                                                                                             
