      WELL DATA SUMMARY                                                                                      
            
Well  NAVY II 72A-18
                         
Sec Az  200 S20 W   
Elev   4228 KB      
CoordsNorth  253993 East              2354687 
                         Course               
  MD  Drift Drift D. AzimLength  DH     TVD     SSD    DNS   DEW   N-S   E-W  DSec    Sec     N-LAM E-LAM    
_____________________________________________________________________________________________________________
                                                                                                             
    0  0.00      42  318                        4228     0     0     0     0     0        0  253993  2354687 
  132  0.25      42  318   132     0      132   4096     0     0     0     0     0        0  253993  2354687 
  185  0.70      18  234    53     0      185   4043     0     0     0    -1     0        0  253993  2354686 
  220  1.00       2  178    88     1      220   4008     0    -1     0    -1     1        1  253993  2354686 
  228  1.00       5  175     8     0      228   4000     0     0     0    -1     0        1  253993  2354686 
  359  1.00      51  129   139     2      359   3869    -2     1    -2     0     2        2  253991  2354687 
  464  0.75      42  138   105     2      464   3764    -1     1    -3     1     1        3  253990  2354688 
  500  0.68      42  138    36     0      500   3728     0     0    -4     1     0        3  253989  2354688 
  592  0.50      42  138   128     1      592   3636    -1     1    -4     2     1        3  253989  2354689 
  750  0.75      28  152   158     2      750   3478    -1     1    -6     3     1        4  253987  2354690 
  906  0.75      19  161   156     2      906   3322    -2     1    -8     4     1        6  253985  2354691 
 1000  0.94      18  162    94     1     1000   3228    -1     0    -9     4     1        7  253984  2354691 
 1031  1.00      18  162   125     2     1031   3197    -2     1   -10     5     1        7  253983  2354692 
 1152  1.25      20  160   121     2     1152   3076    -2     1   -12     5     2        9  253981  2354692 
 1228  1.55      11  176    76     2     1228   3000    -2     0   -14     6     2       11  253979  2354693 
 1277  1.75       6  186   125     3     1277   2951    -3     0   -15     6     3       12  253978  2354693 
 1403  2.25      16  196   126     4     1403   2825    -4    -1   -19     5     4       17  253974  2354692 
 1500  2.45      18  198    97     4     1500   2728    -4    -1   -23     4     4       21  253970  2354691 
 1526  2.50      18  198   123     5     1526   2702    -5    -1   -24     3     5       22  253969  2354690 
 1653  2.50      20  200   127     6     1653   2575    -5    -2   -29     2     6       27  253964  2354689 
 1799  3.25      15  195   146     7     1798   2430    -7    -2   -36    -1     7       34  253957  2354686 
 1892  3.75      18  198    93     6     1891   2337    -5    -2   -42    -2     6       40  253951  2354685 
 1985  4.25      16  196    93     6     1984   2244    -6    -2   -48    -4     6       47  253945  2354683 
 2000  4.21      16  196    15     1     1999   2229    -1     0   -49    -4     1       48  253944  2354683 
 2079  4.00      13  193    94     7     2078   2150    -7    -2   -55    -6     7       53  253938  2354681 
 2176  5.25      19  199    97     8     2174   2054    -8    -2   -62    -8     8       61  253931  2354679 
 2208  5.75      20  200    32     3     2206   2022    -3    -1   -65    -9     3       64  253928  2354678 
 2230  6.28      22  202    22     2     2228   2000    -2    -1   -67   -10     2       67  253926  2354677 
 2239  6.50      23  203    31     3     2237   1991    -3    -1   -68   -10     3       68  253925  2354677 
 2271  7.25      21  201    32     4     2269   1959    -4    -1   -72   -12     4       71  253921  2354675 
 2303  8.00      21  201    32     4     2301   1927    -4    -2   -76   -13     4       76  253917  2354674 
 2334  8.50      23  203    31     4     2331   1897    -4    -2   -80   -15     4       80  253913  2354672 
 2365  9.25      22  202    31     5     2362   1866    -4    -2   -84   -17     5       85  253909  2354670 
 2396  9.75      22  202    31     5     2392   1836    -5    -2   -89   -19     5       90  253904  2354668 
 2490  9.75      20  200    93    16     2485   1743   -15    -6  -104   -24    16      106  253889  2354663 
 2500  9.87      21  201    10     2     2495   1733    -2    -1  -105   -25     2      108  253888  2354662 
 2552 10.50      25  205    61    11     2546   1682   -10    -4  -114   -28    11      117  253879  2354659 
 2613 12.25      27  207    60    12     2606   1622   -11    -5  -125   -34    12      129  253868  2354653 
 2676 14.00      28  208    61    14     2667   1561   -13    -7  -137   -40    14      143  253856  2354647 
 2736 15.50      27  207    58    15     2725   1503   -14    -7  -151   -47    15      158  253842  2354640 
 2800 17.25      25  205    61    18     2787   1441   -16    -8  -167   -55    18      176  253826  2354632 
 2863 19.00      27  207    60    20     2847   1381   -18    -9  -185   -64    19      195  253808  2354623 
 2942 21.00      24  204    74    27     2921   1307   -24   -12  -209   -76    27      222  253784  2354611 
 2974 21.25      23  203    30    12     2951   1277   -11    -5  -220   -80    12      234  253773  2354607 
 3000 21.46      22  202    24     9     2975   1253    -9    -4  -228   -84     9      243  253765  2354603 
 3005 21.50      22  202    29    11     2980   1248   -10    -4  -230   -84    11      245  253763  2354603 
 3111 23.00      19  199    98    40     3078   1150   -38   -14  -268   -99    40      285  253725  2354588 
 3205 25.75      19  199    86    39     3163   1065   -37   -13  -304  -111    39      324  253689  2354576 
 3269 27.75      18  198    57    29     3220   1008   -27    -9  -332  -120    29      353  253661  2354567 
 3278 27.82      18  198     8     4     3228   1000    -4    -1  -336  -122     4      357  253657  2354565 
 3365 28.50      19  199    85    45     3305    923   -43   -14  -375  -135    45      398  253618  2354552 
 3459 29.00      21  201    82    45     3387    841   -42   -15  -417  -150    45      443  253576  2354537 
 3500 29.17      20  200    36    20     3423    805   -19    -7  -436  -157    20      463  253557  2354530 
 3521 29.25      20  200    54    30     3442    786   -28   -11  -445  -161    30      474  253548  2354526 
 3616 29.75      22  202    83    47     3524    704   -44   -17  -489  -177    47      520  253504  2354510 
 3679 30.00      23  203    55    31     3579    649   -29   -12  -518  -189    31      552  253475  2354498 
 3735 29.75      22  202    49    28     3628    600   -26   -11  -544  -200    28      580  253449  2354487 
 3790 29.75      22  202    48    27     3675    553   -25   -10  -569  -210    27      607  253424  2354477 
 3798 29.75      22  202    55    31     3682    546   -29   -12  -573  -212    31      611  253420  2354475 
 3860 29.75      23  203    54    31     3736    492   -28   -12  -601  -224    31      641  253392  2354463 
 3921 29.75      22  202    53    30     3789    439   -28   -12  -629  -235    30      672  253364  2354452 
 3985 29.00      24  204    56    31     3845    383   -29   -12  -658  -247    31      703  253335  2354440 
 4000 29.04      24  204    13     7     3858    370    -7    -3  -665  -250     7      710  253328  2354437 
 4080 29.25      24  204    83    46     3928    300   -42   -19  -700  -266    46      749  253293  2354421 
 4174 29.00      25  205    82    46     4010    218   -42   -19  -742  -285    46      795  253251  2354402 
 4267 28.50      25  205    82    45     4091    137   -41   -19  -783  -304    45      839  253210  2354383 
 4362 28.00      23  203    84    45     4175     53   -41   -18  -824  -322    45      884  253169  2354365 
 4422 27.52      24  204    53    28     4228      0   -26   -11  -849  -334    28      912  253144  2354353 
 4455 27.25      24  204    82    43     4257    -29   -40   -17  -863  -340    43      927  253130  2354347 
 4500 27.07      25  205    40    21     4298    -70   -19    -9  -882  -348    20      948  253111  2354339 
 4517 27.00      26  206    55    28     4313    -85   -26   -12  -889  -352    28      955  253104  2354335 
 4613 27.25      24  204    85    44     4398   -170   -40   -18  -928  -370    44      999  253065  2354317 
 4613 27.25      24  204     0     0     4398   -170     0     0  -928  -370     0      999  253065  2354317 
 4676 27.08      24  204    56    29     4454   -226   -26   -12  -955  -382    29     1028  253038  2354305 
 4706 27.00      24  204    83    42     4481   -253   -39   -17  -967  -387    42     1041  253026  2354300 
 4800 26.75      24  204    84    42     4565   -337   -39   -17 -1006  -405    42     1084  252987  2354282 
 4862 26.41      24  204    55    28     4620   -392   -25   -11 -1031  -416    28     1111  252962  2354271 
 4891 26.25      24  204    81    41     4646   -418   -37   -17 -1043  -421    41     1124  252950  2354266 
 5000 26.03      25  205    98    48     4744   -516   -44   -20 -1087  -441    48     1172  252906  2354246 
 5015 26.00      25  205   111    55     4758   -530   -50   -23 -1093  -444    54     1179  252900  2354243 
 5142 26.00      23  203   114    56     4872   -644   -51   -23 -1144  -466    56     1234  252849  2354221 
 5264 26.25      24  204   110    54     4981   -753   -49   -21 -1193  -488    54     1288  252800  2354199 
 5500 24.11      24  204   214   100     5195   -967   -92   -41 -1285  -529   100     1388  252708  2354158 
 5536 23.78      24  204    33    15     5228  -1000   -13    -6 -1298  -535    15     1403  252695  2354152 
 5622 23.00      24  204   325   149     5307  -1079  -136   -61 -1329  -549   149     1437  252664  2354138 
 5810 21.75      24  204   174    72     5480  -1252   -65   -29 -1395  -578    71     1508  252598  2354109 
 6000 20.18      27  207   177    68     5658  -1430   -61   -29 -1456  -607    68     1576  252537  2354080 
 6143 19.00      29  209   312   116     5793  -1565  -104   -52 -1498  -629   115     1623  252495  2354058 
 6237 20.00      25  205   223    81     5880  -1652   -73   -36 -1529  -642    81     1657  252464  2354045 
 6335 20.00      27  207   181    64     5974  -1746   -57   -30 -1555  -659    63     1687  252438  2354028 
 6428 20.75      26  206   179    66     6060  -1832   -60   -29 -1589  -671    66     1723  252404  2354016 
 6521 21.00      25  205   174    65     6148  -1920   -59   -29 -1613  -688    65     1751  252380  2353999 
 6607 19.84      28  208    81    30     6228  -2000   -27   -13 -1640  -701    30     1781  252353  2353986 
 6614 19.75      28  208   175    64     6234  -2006   -57   -29 -1647  -700    64     1787  252346  2353987 
 6708 19.75      28  208   175    65     6323  -2095   -58   -29 -1672  -717    65     1816  252321  2353970 
 6800 19.00      29  209   175    62     6410  -2182   -54   -29 -1701  -730    61     1848  252292  2353957 
 6892 18.25      28  208   174    60     6497  -2269   -53   -28 -1725  -745    59     1875  252268  2353942 
 6985 18.00      28  208   175    59     6585  -2357   -52   -28 -1752  -758    58     1906  252241  2353929 
 7077 18.25      27  207   176    58     6673  -2445   -51   -27 -1776  -772    57     1933  252217  2353915 
 7170 19.00      27  207   175    59     6760  -2532   -52   -27 -1804  -785    58     1964  252189  2353902 
 7263 19.00      28  208   176    59     6849  -2621   -53   -27 -1829  -799    59     1992  252164  2353888 
 7355 19.75      28  208   175    61     6935  -2707   -54   -28 -1859  -813    61     2025  252134  2353874 
 7544 20.25      29  209   265    94     7114  -2886   -83   -45 -1912  -844    93     2085  252081  2353843 
 7666 20.98      30  210   114    43     7228  -3000   -37   -21 -1949  -866    42     2128  252044  2353821 
 7669 21.00      30  210   294   109     7229  -3001   -96   -53 -1955  -866   108     2133  252038  2353821 
 7789 21.00      30  210   229    86     7343  -3115   -75   -42 -1987  -887    85     2170  252006  2353800 
                                                                                                             
                                                                                                             
                                                                                                             
                                                                                                             
                                                                                                             
                                                                                                             
                                                                                                             
                                                                                                             
                                                                                                             
                                                                                                             
                                                                                                             
                                                                                                             
                                                                                                             
                                                                                                             
                                                                                                             
                                                                                                             
                                                                                                             
                                                                                                             
                                                                                                             
                                                                                                             
                                                                                                             
                                                                                                             
                                                                                                             
                                                                                                             
                                                                                                             
                                                                                                             
                                                                                                             
                                                                                                             
                                                                                                             
                                                                                                             
                                                                                                             
                                                                                                             
                                                                                                             
                                                                                                             
                                                                                                             
                                                                                                             
                                                                                                             
                                                                                                             
                                                                                                             
                                                                                                             
                                                                                                             
                                                                                                             
                                                                                                             
                                                                                                             
                                                                                                             
                                                                                                             
                                                                                                             
                                                                                                             
                                                                                                             
                                                                                                             
                                                                                                             
                                                                                                             
                                                                                                             
                                                                                                             
                                                                                                             
                                                                                                             
                                                                                                             
                                                                                                             
                                                                                                             
                                                                                                             
                                                                                                             
                                                                                                             
                                                                                                             
                                                                                                             
                                                                                                             
                                                                                                             
                                                                                                             
                                                                                                             
                                                                                                             
                                                                                                             
                                                                                                             
                                                                                                             
                                                                                                             
                                                                                                             
                                                                                                             
                                                                                                             
                                                                                                             
                                                                                                             
                                                                                                             
                                                                                                             
                                                                                                             
                                                                                                             
                                                                                                             
                                                                                                             
                                                                                                             
                                                                                                             
                                                                                                             
                                                                                                             
                                                                                                             
                                                                                                             
                                                                                                             
                                                                                                             
                                                                                                             
                                                                                                             
                                                                                                             
                                                                                                             
                                                                                                             
                                                                                                             
                                                                                                             
                                                                                                             
                                                                                                             
                                                                                                             
                                                                                                             
