	Well 43-7															
	Elev  4187 KB			Coords:	North  258211		EAST  2352266									
 																
 					Course		 									
 	MD	Drift A.	Drift D.	Azim	Length	DH	TVD	SSD	DNS	DEW	N-S	E-W	DSec	Sec	N-LAM	E-LAM
 				 												
 	0	0.0	0.0	0.0	0.0	0.0	0.0	4187.0	0.0	0.0	0.0	0.0	0.0	0.0	258211	2352266
	187	0.0	0.0	0.0	187.0	0.0	187.0	4000.0	0.0	0.0	0.0	0.0	0.0	0.0	258211	2352266
 	235	0.0	0.0	0.0	235.0	0.0	235.0	3952.0	0.0	0.0	0.0	0.0	0.0	0.0	258211	2352266
 	421	0.3	95.0	95.0	186.0	0.4	421.0	3766.0	0.3	0.3	0.3	0.3	0.3	0.3	258211.2741	2352266.299
 	619	0.0	0.0	0.0	198.0	0.4	619.0	3568.0	0.3	0.3	0.6	0.6	0.3	0.6	258211.566	2352266.618
 	800	0.3	105.0	105.0	181.0	0.4	800.0	3387.0	0.2	0.3	0.8	0.9	0.2	0.8	258211.8064	2352266.931
 	940	0.8	35.0	35.0	140.0	1.2	940.0	3247.0	0.4	1.1	1.2	2.1	0.4	1.2	258212.2242	2352268.079
 	1035	0.8	45.0	45.0	95.0	1.2	1035.0	3152.0	1.0	0.8	2.2	2.9	1.0	2.2	258213.1768	2352268.878
	1187	0.5	6.5	6.5	152.0	1.7	1187.0	3000.0	1.5	0.7	3.7	3.6	1.5	3.7	258214.6814	2352269.604
 	1193	0.5	5.0	5.0	158.0	1.7	1193.0	2994.0	1.6	0.7	3.7	3.6	1.6	3.7	258214.7388	2352269.607
 	1351	0.5	80.0	80.0	158.0	1.4	1351.0	2836.0	1.0	0.9	4.8	4.5	1.0	4.8	258215.7554	2352270.538
 	1509	0.5	122.0	122.0	158.0	1.4	1509.0	2678.0	-0.3	1.4	4.5	5.9	-0.3	4.5	258215.4923	2352271.892
 	1700	0.5	66.0	66.0	191.0	1.7	1700.0	2487.0	-0.1	1.7	4.4	7.6	-0.1	4.4	258215.376	2352273.554
 	1857	0.5	45.0	45.0	157.0	1.4	1857.0	2330.0	0.8	1.1	5.2	8.7	0.8	5.2	258216.152	2352274.683
"100#,50F"	2001	1.4	55.4	55.4	144.0	2.3	2000.9	2186.1	1.5	1.8	6.7	10.5	1.5	6.7	258217.6549	2352276.488
"80#,7F"	2018	1.5	56.7	56.7	17.0	0.4	2017.9	2169.1	0.2	0.3	6.9	10.8	0.2	6.9	258217.8902	2352276.838
 	2147	2.3	66.0	66.0	289.9	7.0	2146.9	2040.1	3.9	5.7	9.1	14.4	3.9	9.1	258220.0935	2352280.418
	2187	2.3	66.0	66.0	40.0	1.6	2186.8	2000.2	0.6	1.5	9.7	15.9	0.6	9.7	258220.7435	2352281.878
"12#,7F"	2234	2.4	66.0	66.0	47.0	1.9	2233.8	1953.2	0.8	1.8	10.5	17.7	0.8	10.5	258221.5356	2352283.657
"15#,4F"	2250	2.5	66.0	66.0	16.0	0.7	2249.8	1937.2	0.3	0.6	10.8	18.3	0.3	10.8	258221.8124	2352284.279
 	2274	2.5	66.0	66.0	126.9	5.3	2273.8	1913.2	2.1	4.8	11.2	19.2	2.1	11.2	258222.2341	2352285.226
 	2409	2.5	65.0	65.0	134.9	5.9	2408.6	1778.4	2.4	5.4	13.7	24.6	2.4	13.7	258224.6761	2352290.585
 	2561	1.8	50.0	50.0	151.9	5.6	2560.5	1626.5	3.0	4.8	16.7	29.3	3.0	16.7	258227.7044	2352295.338
Tie-In	2742	1.3	85.0	85.0	180.9	4.7	2741.5	1445.5	1.8	4.4	18.5	33.7	1.8	18.5	258229.5176	2352299.715
"115#,23F"	2765	1.3	77.6	89.4	23.0	0.5	2764.5	1422.5	0.0	0.5	18.5	34.2	0.0	18.5	258229.5425	2352300.23
"20#,7F"	2935	1.8	22.9	122.3	169.9	4.6	2934.4	1252.6	-1.3	4.4	17.3	38.7	-1.3	17.3	258228.28	2352304.672
392F	3006	2.0	0.0	136.0	263.9	7.5	3005.4	1181.6	-2.6	7.0	15.9	40.7	-2.6	15.9	258226.8957	2352306.728
110F	3108	5.0	0.0	140.0	101.8	6.2	3107.2	1079.8	-4.6	4.2	11.3	44.9	-4.6	11.3	258222.2682	2352310.894
 	3188	6.3	0.0	158.9	79.6	7.9	3186.8	1000.2	-6.8	4.0	4.5	48.9	-6.8	4.5	258215.4903	2352314.893
124F	3201	6.5	0.0	162.0	92.5	9.3	3199.7	987.3	-8.1	4.5	3.1	49.4	-8.1	3.1	258214.119	2352315.412
#Drillbreak	3280	6.7	0.0	188.9	78.5	9.1	3278.2	908.8	-9.1	0.7	-5.9	50.1	-9.1	-5.9	258205.0652	2352316.134
123F	3298	6.8	0.0	195.0	96.4	11.2	3296.1	890.9	-11.2	0.3	-8.1	49.7	-11.2	-8.1	258202.9318	2352315.705
156F	3392	7.8	0.0	190.0	93.2	11.9	3389.3	797.7	-11.6	-2.6	-19.6	47.1	-11.6	-19.6	258191.3503	2352313.137
106F	3487	8.0	0.0	199.0	94.1	13.0	3483.4	703.6	-12.6	-3.3	-32.3	43.9	-12.6	-32.3	258178.7488	2352309.878
136F	3582	9.5	0.0	227.0	93.9	14.5	3577.3	609.7	-12.1	-7.9	-44.4	36.0	-12.1	-44.4	258166.6285	2352302.007
 	3679	12.0	0.0	240.0	95.3	18.1	3672.6	514.4	-10.8	-14.5	-55.1	21.5	-10.8	-55.1	258155.8665	2352287.463
#Drillbreak	3727	13.1	0.0	242.0	46.9	10.4	3719.4	467.6	-5.1	-9.1	-60.2	12.3	-5.1	-60.2	258150.805	2352278.332
108F	3775	14.3	0.0	244.0	93.5	21.8	3766.1	420.9	-10.2	-19.2	-65.4	2.2	-10.2	-65.4	258145.6323	2352268.215
108F	3871	17.0	0.0	244.0	92.5	25.9	3858.5	328.5	-11.3	-23.2	-76.7	-21.0	-11.3	-76.7	258134.2975	2352244.976
110F	3965	18.3	59.0	239.0	89.6	28.5	3948.1	238.9	-13.6	-25.0	-90.3	-46.0	-13.6	-90.3	258120.7167	2352219.963
110F	4062	20.5	51.0	231.0	91.5	32.2	4039.6	147.4	-18.5	-26.4	-108.7	-72.4	-18.5	-108.7	258102.2592	2352193.603
	4221	23.6	50.3	230.3	147.4	59.7	4187.0	0.0	-37.9	-46.2	-146.6	-118.6	-37.9	-146.6	258064.4063	2352147.431
254F	4292	25.0	50.0	230.0	212.1	88.9	4251.7	-64.7	-56.6	-68.6	-165.3	-141.0	-56.6	-165.3	258045.6841	2352124.972
248F	4483	27.0	0.0	229.0	171.7	83.7	4423.4	-236.4	-54.4	-63.7	-219.7	-204.7	-54.4	-219.7	257991.3066	2352061.304
"50#,28F"	4614	27.0	0.0	226.1	116.7	59.5	4540.1	-353.1	-40.1	-43.9	-259.8	-248.6	-40.1	-259.8	257951.1676	2352017.419
300F	4664	27.0	0.0	225.0	161.3	82.2	4584.7	-397.7	-56.0	-60.1	-275.7	-264.8	-56.0	-275.7	257935.2652	2352001.207
"130#,25F"	4675	27.1	0.0	225.0	9.8	5.0	4594.5	-407.5	-3.5	-3.5	-279.3	-268.3	-3.5	-279.3	257931.7279	2351997.67
"30#,15F"	4783	28.1	0.0	225.0	95.7	50.0	4690.2	-503.2	-35.4	-35.4	-314.6	-303.7	-35.4	-314.6	257896.3536	2351962.295
"30#,6F"	4872	28.9	0.0	225.0	78.2	42.5	4768.4	-581.4	-30.0	-30.0	-344.7	-333.7	-30.0	-344.7	257866.3292	2351932.271
"139#,7F"	4950	29.6	0.0	225.0	68.0	38.1	4836.5	-649.5	-27.0	-27.0	-371.6	-360.7	-27.0	-371.6	257839.372	2351905.314
330F	4992	30.0	0.0	225.0	288.3	156.5	4872.9	-685.9	-110.7	-110.7	-386.4	-375.5	-110.7	-386.4	257824.5973	2351890.539
 	5349	29.0	0.0	231.0	310.7	175.8	5183.7	-996.7	-117.6	-130.6	-504.0	-506.1	-117.6	-504.0	257706.9673	2351759.898
	5353	29.0	0.0	231.0	3.5	1.9	5187.1	-1000.1	-1.2	-1.5	-505.3	-507.6	-1.2	-505.3	257705.7466	2351758.391
400F	5603	28.8	0.0	229.0	222.4	122.7	5406.1	-1219.1	-78.8	-94.0	-582.9	-600.1	-78.8	-582.9	257628.1251	2351665.937
TD	5670	28.8	0.0	229.0	58.7	32.2	5464.8	-1277.8	-21.1	-24.3	-604.0	-624.4	-21.1	-604.0	257606.9828	2351641.616
