      WELL DATA SUMMARY                                                                                      
            
Well  NAVY I 75B-7  
                         
Sec Az    0 STRAIGHT HOLE             (ASSUME)
Elev   4346 KB      
CoordsNorth  256773 East              2354715 
                         Course               
  MD  Drift Drift D. AzimLength  DH     TVD     SSD    DNS   DEW   N-S   E-W  DSec    Sec     N-LAM E-LAM    
_____________________________________________________________________________________________________________
                                                                                                             
    0  0.00       0    0                        4346     0     0     0     0     0        0  256773  2354715 
  250  0.00       0    0   250     0      250   4096     0     0     0     0     0        0  256773  2354715 
  346  0.00       0    0    96     0      346   4000     0     0     0     0     0        0  256773  2354715 
  380  0.00       0    0   130     0      380   3966     0     0     0     0     0        0  256773  2354715 
  793  0.00       0    0   413     0      793   3553     0     0     0     0     0        0  256773  2354715 
 1000  0.00       0    0   620     0     1000   3346     0     0     0     0     0        0  256773  2354715 
 1030  0.00       0    0    30     0     1030   3316     0     0     0     0     0        0  256773  2354715 
 1110  0.00       0    0    80     0     1110   3236     0     0     0     0     0        0  256773  2354715 
 1250  0.00       0    0   140     0     1250   3096     0     0     0     0     0        0  256773  2354715 
 1330  0.00       0    0    80     0     1330   3016     0     0     0     0     0        0  256773  2354715 
 1346  0.00       0    0    16     0     1346   3000     0     0     0     0     0        0  256773  2354715 
 1480  0.00       0    0   150     0     1480   2866     0     0     0     0     0        0  256773  2354715 
 1500  0.00       0    0    20     0     1500   2846     0     0     0     0     0        0  256773  2354715 
 1653  0.00       0    0   153     0     1653   2693     0     0     0     0     0        0  256773  2354715 
 1715  0.00       0    0    62     0     1715   2631     0     0     0     0     0        0  256773  2354715 
                                                                                                             
                                                                                                             
                                                                                                             
                                                                                                             
                                                                                                             
                                                                                                             
                                                                                                             
                                                                                                             
                                                                                                             
                                                                                                             
                                                                                                             
                                                                                                             
                                                                                                             
                                                                                                             
                                                                                                             
                                                                                                             
                                                                                                             
                                                                                                             
                                                                                                             
                                                                                                             
                                                                                                             
                                                                                                             
                                                                                                             
                                                                                                             
                                                                                                             
                                                                                                             
                                                                                                             
                                                                                                             
                                                                                                             
                                                                                                             
                                                                                                             
                                                                                                             
                                                                                                             
                                                                                                             
                                                                                                             
                                                                                                             
                                                                                                             
                                                                                                             
                                                                                                             
                                                                                                             
                                                                                                             
                                                                                                             
                                                                                                             
                                                                                                             
                                                                                                             
                                                                                                             
                                                                                                             
                                                                                                             
                                                                                                             
                                                                                                             
                                                                                                             
                                                                                                             
                                                                                                             
                                                                                                             
                                                                                                             
                                                                                                             
                                                                                                             
                                                                                                             
                                                                                                             
                                                                                                             
                                                                                                             
                                                                                                             
                                                                                                             
                                                                                                             
                                                                                                             
                                                                                                             
                                                                                                             
                                                                                                             
                                                                                                             
                                                                                                             
                                                                                                             
                                                                                                             
                                                                                                             
                                                                                                             
                                                                                                             
                                                                                                             
                                                                                                             
                                                                                                             
                                                                                                             
                                                                                                             
                                                                                                             
                                                                                                             
                                                                                                             
                                                                                                             
                                                                                                             
                                                                                                             
                                                                                                             
                                                                                                             
                                                                                                             
                                                                                                             
                                                                                                             
                                                                                                             
                                                                                                             
                                                                                                             
                                                                                                             
                                                                                                             
                                                                                                             
                                                                                                             
                                                                                                             
                                                                                                             
                                                                                                             
                                                                                                             
                                                                                                             
                                                                                                             
                                                                                                             
                                                                                                             
                                                                                                             
                                                                                                             
                                                                                                             
                                                                                                             
                                                                                                             
                                                                                                             
                                                                                                             
                                                                                                             
                                                                                                             
                                                                                                             
                                                                                                             
                                                                                                             
                                                                                                             
                                                                                                             
                                                                                                             
                                                                                                             
                                                                                                             
                                                                                                             
                                                                                                             
                                                                                                             
                                                                                                             
                                                                                                             
                                                                                                             
                                                                                                             
                                                                                                             
                                                                                                             
                                                                                                             
                                                                                                             
                                                                                                             
                                                                                                             
                                                                                                             
                                                                                                             
                                                                                                             
                                                                                                             
                                                                                                             
                                                                                                             
                                                                                                             
                                                                                                             
                                                                                                             
                                                                                                             
                                                                                                             
                                                                                                             
                                                                                                             
                                                                                                             
                                                                                                             
                                                                                                             
                                                                                                             
                                                                                                             
                                                                                                             
                                                                                                             
                                                                                                             
                                                                                                             
                                                                                                             
                                                                                                             
                                                                                                             
                                                                                                             
                                                                                                             
                                                                                                             
                                                                                                             
                                                                                                             
                                                                                                             
                                                                                                             
                                                                                                             
                                                                                                             
                                                                                                             
                                                                                                             
                                                                                                             
                                                                                                             
                                                                                                             
