      WELL DATA SUMMARY                                                                                   
            
Well  NAVY I 34-9   
                         
Sec Az  174         
Elev   3955 KB      
CoordsNorth  257861 East              2362018 
                         Course               
  MD  Drift Drift D. AzimLength  DH     TVD     SSD    DNS   DEW   N-S   E-W  DSec   Sec      N-L   E-LAM 
__________________________________________________________________________________________________________
                                                                                                          
    0  0.00      64  296                        3955     0     0     0     0     0     0  257861  2362018 
  174  0.25      64  296   174     0      174   3781     0     0     0     0     0     0  257861  2362018 
  311  0.25      64  296   137     1      311   3644     0    -1     0    -1     0    -1  257861  2362017 
  433  0.75      64  296   122     1      433   3522     0    -1     1    -2    -1    -1  257862  2362016 
  500  0.99      64  296    67     1      500   3455     0    -1     1    -3    -1    -2  257862  2362015 
  570  1.25      64  296    70     1      570   3385     1    -1     2    -4    -1    -2  257863  2362014 
  725  1.25      72  288   155     3      725   3230     1    -3     3    -7    -2    -4  257864  2362011 
  882  0.75      36  324   157     3      882   3073     2    -2     5    -9    -2    -6  257866  2362009 
  955  0.47      38  322    73     1      955   3000     1     0     5   -10    -1    -6  257866  2362008 
 1000  0.30      39  321   118     1     1000   2955     1    -1     6   -10    -1    -7  257867  2362008 
 1039  0.15      40  320    39     0     1039   2916     0     0     6   -10     0    -7  257867  2362008 
 1195  0.50      32  328   156     1     1195   2760     1    -1     7   -11    -1    -8  257868  2362007 
 1289  1.00      89  269    94     1     1289   2666     1    -1     7   -12    -1    -8  257868  2362006 
 1353  0.75      40  220    64     1     1353   2602     0    -1     7   -13     0    -8  257868  2362005 
 1500  0.75      86  266   147     2     1500   2455    -1    -2     6   -14     1    -7  257867  2362004 
 1510  0.75      89  269    10     0     1510   2445     0     0     6   -14     0    -7  257867  2362004 
 1666  1.25      20  200   156     3     1666   2289    -2    -2     4   -17     1    -6  257865  2362001 
 1697  1.25      26  206    31     1     1697   2258    -1     0     4   -17     1    -5  257865  2362001 
 1855  1.00       4  184   158     3     1855   2100    -3    -1     1   -18     3    -2  257862  2362000 
 1949  1.25      29  209    94     2     1949   2006    -2    -1    -1   -18     2    -1  257860  2362000 
 1955  1.24      28  207     6     0     1955   2000     0     0    -1   -18     0    -1  257860  2362000 
 2000  1.17      25  194    51     1     2000   1955    -1     0    -2   -19     1     0  257859  2361999 
 2103  1.00      16  164   103     2     2103   1852    -2     0    -4   -19     2     2  257857  2361999 
 2106  1.00      15  165     3     0     2106   1849     0     0    -4   -19     0     2  257857  2361999 
 2258  1.00       7  187   152     3     2258   1697    -3     0    -7   -18     3     5  257854  2362000 
 2345  1.20       4  184    87     2     2345   1610    -2     0    -8   -19     2     6  257853  2361999 
 2481  1.50      14  166   136     3     2481   1474    -3     0   -12   -18     3    10  257849  2362000 
 2500  1.62      16  164    19     1     2500   1455    -1     0   -12   -18     1    10  257849  2362000 
 2634  2.50      29  151   134     5     2634   1321    -4     2   -17   -16     5    15  257844  2362002 
 2669  2.60      30  150    35     2     2669   1286    -1     1   -18   -16     1    16  257843  2362002 
 2761  3.00      34  146    92     4     2760   1195    -4     2   -22   -13     4    20  257839  2362005 
 2822  2.75      41  139    61     3     2821   1134    -2     2   -24   -11     3    23  257837  2362007 
 2944  2.50      26  154   122     6     2943   1012    -5     3   -29    -8     5    28  257832  2362010 
 2956  2.50      27  153    12     1     2955   1000     0     0   -29    -8     0    28  257832  2362010 
 3000  2.50      32  148    56     2     2999    956    -2     1   -31    -7     2    30  257830  2362011 
 3038  2.50      36  144    38     2     3037    918    -1     1   -32    -6     1    32  257829  2362012 
 3103  2.50      36  144    65     3     3102    853    -2     2   -35    -4     2    34  257826  2362014 
 3228  3.00       1  179   125     6     3227    728    -6     2   -40    -2     6    40  257821  2362016 
 3321  2.50       4  176    93     4     3320    635    -4     0   -45    -2     4    44  257816  2362016 
 3413  2.50      11  169    92     4     3412    543    -4     1   -49    -2     4    48  257812  2362016 
 3500  2.15       8  172    87     4     3499    456    -3     1   -52    -1     4    52  257809  2362017 
 3539  2.00       7  173    39     1     3538    417    -1     0   -54    -1     1    53  257807  2362017 
 3661  1.75      32  148   122     4     3660    295    -4     1   -57     0     4    57  257804  2362018 
 3901  1.50      11  191   240     7     3899     56    -7     1   -64     2     7    64  257797  2362020 
 3957  1.61      11  181    56     2     3955      0    -2     0   -66     1     1    65  257795  2362019 
 4000  1.70      11  174    99     3     3998    -43    -3     0   -67     1     3    67  257794  2362019 
 4026  1.75      11  169    26     1     4024    -69    -1     0   -68     2     1    67  257793  2362020 
 4182  1.25      16  164   156     4     4180   -225    -4     1   -72     3     4    72  257789  2362021 
 4350  0.75      70  110   168     3     4348   -393    -2     2   -74     5     2    74  257787  2362023 
 4478  1.75      34  146   128     3     4476   -521    -2     2   -76     7     2    76  257785  2362025 
 4500  1.58      35  145    22     1     4498   -543    -1     0   -76     7     1    76  257785  2362025 
 4605  0.75      37  143   105     2     4603   -648    -2     1   -78     8     2    78  257783  2362026 
 4732  1.25      41  139   127     2     4730   -775    -2     1   -79    10     2    80  257782  2362028 
 4957  1.07      35  145   225     5     4955  -1000    -4     3   -83    13     4    84  257778  2362031 
 5000  1.04      33  147   268     5     4998  -1043    -4     3   -84    13     5    85  257777  2362031 
 5047  1.00      32  148    47     1     5045  -1090    -1     0   -84    13     1    85  257777  2362031 
 5217  0.25      64   64   170     2     5215  -1260    -1     2   -85    15     1    86  257776  2362033 
 5375  0.25      13  347   158    -1     5373  -1418     1     0   -84    15    -1    85  257777  2362033 
 5500  0.70      25  220   125     1     5498  -1543     0    -1   -84    14     0    85  257777  2362032 
 5514  0.75      26  206    14     0     5512  -1557     0     0   -84    14     0    85  257777  2362032 
 5684  0.75      84  235   170     2     5682  -1727    -2    -1   -86    13     2    87  257775  2362031 
 5829  1.00       5  175   145     2     5827  -1872    -2    -1   -88    12     2    89  257773  2362030 
 5954  1.50      14  346   125     3     5952  -1997     0    -3   -88     9     0    89  257773  2362027 
 5957  1.50      14  324     3     0     5955  -2000     0     0   -88     9     0    89  257773  2362027 
 6000  1.50      13   13    46     1     5998  -2043    -1     0   -90     9     1    90  257771  2362027 
 6107  1.50      39   39   107     3     6105  -2150     3     1   -87    11    -2    88  257774  2362029 
 6266  1.50      24   24   159     4     6264  -2309     4     2   -84    13    -3    84  257777  2362031 
 6435  2.50       4  356   169    -6     6433  -2478     6     1   -78    14    -6    79  257783  2362032 
 6500  2.39       4  356    65     3     6498  -2543     3     0   -75    14    -3    76  257786  2362032 
 6577  2.25       4  356    77     3     6575  -2620     3     0   -72    13    -3    73  257789  2362031 
 6788  2.00      25  335   211     8     6786  -2831     8    -2   -64    11    -8    65  257797  2362029 
 6957  2.00      19  338   169     6     6955  -3000     5    -2   -59     9    -6    59  257802  2362027 
 6964  2.00      19  338   176     6     6962  -3007     6    -2   -59     9    -6    59  257802  2362027 
 7000  2.08      21  337    36     1     6998  -3043     1     0   -57     8    -1    58  257804  2362026 
 7073  2.25      26  334    73     3     7070  -3115     3    -1   -55     7    -3    55  257806  2362025 
 7217  1.50       3    3   144    -5     7214  -3259     5    -1   -50     6    -5    51  257811  2362024 
 7347  1.50      21  339   130    -3     7344  -3389     3    -1   -47     6    -3    47  257814  2362024 
 7367  1.50      21  339    20     1     7364  -3409     0     0   -46     6    -1    47  257815  2362024 








                                                                                                          
                                                                                                          
                                                                                                          
                                                                                                          
                                                                                                          
                                                                                                          
                                                                                                          
                                                                                                          
                                                                                                          
                                                                                                          
                                                                                                          
                                                                                                          
                                                                                                          
                                                                                                          
                                                                                                          
                                                                                                          
                                                                                                          
                                                                                                          
                                                                                                          
                                                                                                          
                                                                                                          
                                                                                                          
                                                                                                          
                                                                                                          
                                                                                                          
                                                                                                          
                                                                                                          
                                                                                                          
                                                                                                          
                                                                                                          
                                                                                                          
                                                                                                          
                                                                                                          
                                                                                                          
                                                                                                          
                                                                                                          
                                                                                                          
                                                                                                          
                                                                                                          
                                                                                                          
                                                                                                          
                                                                                                          
                                                                                                          
                                                                                                          
                                                                                                          
                                                                                                          
                                                                                                          
                                                                                                          
                                                                                                          
                                                                                                          
                                                                                                          
                                                                                                          
                                                                                                          
                                                                                                          
                                                                                                          
                                                                                                          
                                                                                                          
                                                                                                          
                                                                                                          
                                                                                                          
                                                                                                          
                                                                                                          
                                                                                                          
                                                                                                          
                                                                                                          
                                                                                                          
                                                                                                          
                                                                                                          
                                                                                                          
                                                                                                          
                                                                                                          
                                                                                                          
                                                                                                          
                                                                                                          
                                                                                                          
                                                                                                          
                                                                                                          
                                                                                                          
                                                                                                          
                                                                                                          
                                                                                                          
                                                                                                          
                                                                                                          
                                                                                                          
                                                                                                          
                                                                                                          
                                                                                                          
                                                                                                          
                                                                                                          
                                                                                                          
                                                                                                          
                                                                                                          
                                                                                                          
                                                                                                          
                                                                                                          
                                                                                                          
                                                                                                          
                                                                                                          
                                                                                                          
                                                                                                          
                                                                                                          
                                                                                                          
                                                                                                          
                                                                                                          
                                                                                                          
                                                                                                          
                                                                                                          
                                                                                                          
                                                                                                          
                                                                                                          
                                                                                                          
                                                                                                          
                                                                                                          
                                                                                                          
                                                                                                          
                                                                                                          
                                                                                                          
                                                                                                          
                                                                                                          
                                                                                                          
                                                                                                          
                                                                                                          
