Well 34-9 RD2
Elev  3955 KB  Coords: North 257861  East 2362018

MD	TVD	E-W	N-S	  N-LAM	   E-LAM	
						
0	0	0	0	257861	2362018	
174	174	-0	0	257861	2362018	
205	205	-0	0	257861	2362018
311	311	-1	0	257861	2362017
433	433	-2	1	257862	2362016
455	455	-2	1	257862	2362016
500	500	-3	1	257862	2362015
570	570	-4	2	257863	2362014
705	705	-7	3	257864	2362011
725	725	-7	3	257864	2362011
882	882	-9	5	257866	2362009
955	955	-10	5	257866	2362008
1000	1000	-10	6	257867	2362008
1039	1039	-10	6	257867	2362008
1195	1195	-11	7	257868	2362007
1205	1205	-11	7	257868	2362007
1289	1289	-12	7	257868	2362006
1353	1353	-13	7	257868	2362005
1455	1455	-14	6	257867	2362004
1477	1477	-14	6	257867	2362004
1500	1500	-14	5	257866	2362004
1509	1509	-14	5	257866	2362004
1540	1540	-13	5	257866	2362005	
1571	1571	-11	4	257865	2362007	KOP
1704	1703	-2	2	257863	2362016	-240 bbls
1729	1728	1	2	257863	2362019	
1820	1819	9	1	257862	2362027	
1884	1883	16	1	257862	2362034	
1957	1955	23	2	257863	2362041
1983	1981	26	2	257863	2362044	LC
1992	1990	27	2	257863	2362045	
2073	2070	36	4	257865	2362054	125F
2168	2165	48	6	257867	2362066	119F
2261	2257	60	9	257870	2362078	138F
2355	2350	71	14	257875	2362089	150F
2449	2443	80	23	257884	2362098	119F
2500	2494	84	29	257890	2362102	LC
2544	2537	87	35	257896	2362105	150F
2671	2663	93	55	257916	2362111	
2762	2752	96	69	257930	2362114	178F
2855	2844	98	84	257945	2362116	175F
2976	2963	96	104	257965	2362114	
3027	3014	94	112	257973	2362112	LC
3039	3026	94	114	257975	2362112	
3134	3119	88	131	257992	2362106	160F
3224	3207	79	147	258008	2362097	170F
3321	3302	68	165	258026	2362086	188F
3413	3392	56	181	258042	2362074	186F
3512	3489	42	193	258054	2362060	190F
3756	3728	2	220	258081	2362020	
3909	3878	-23	238	258099	2361995	168F
3988	3955	-35	247	258108	2361983
4190	4154	-67	270	258131	2361951	182F
4405	4365	-100	295	258156	2361918	-30 bph
4501	4459	-114	307	258168	2361904	178F
4722	4676	-146	329	258190	2361872	175F
4935	4886	-179	347	258208	2361839	144F
5005	4955	-189	353	258214	2361829
5115	5063	-206	362	258223	2361812	179F
5303	5249	-234	377	258238	2361784	224F
5401	5345	-248	386	258247	2361770	LC
5533	5475	-268	397	258258	2361750	205F
5824	5761	-313	423	258284	2361705	210F
5992	5927	-338	436	258297	2361680	248F
6020	5955	-342	438	258299	2361676
6389	6319	-395	461	258322	2361623	
6623	6549	-433	479	258340	2361585	
6797	6720	-463	495	258356	2361555	218F
6843	6765	-472	499	258360	2361546	
6887	6808	-479	503	258364	2361539	332F
6981	6900	-495	513	258374	2361523	372F
7037	6955	-505	519	258380	2361513
7200	7114	-535	539	258400	2361483	364F
7553	7458	-597	588	258449	2361421	238F
7603	7507	-605	596	258457	2361413	TD