      WELL DATA SUMMARY                                                                                                                                                                                                      
            
Well  Navy I  68-6  
                         
Sec Az  300 N60W    
Elev   4193 KB      
CoordsNorth  259983 EAST              2353527 
                         Course               
  MD  Drift Drift D. AzimLength  DH     TVD     SSD    DNS   DEW   N-S   E-W  DSec   Sec    N-LAM E-LAM    
___________________________________________________________________________________________________________
                                                                                                                                                                                                                             
    0  0.00      34  215     0     0        0   4193     0     0     0     0     0      0  259983  2353527                                                                                                                   
  193  0.74      34  214   193     1      193   4000    -1    -1    -1    -1     0      0  259982  2353526 
  196  0.75      34  214   196     1      196   3997    -1    -1    -1    -1     0      0  259982  2353526                                                                                                                   
  406  1.50      81  279   210     4      406   3787    -2    -4    -3    -5     2      3  259980  2353522                                                                                                                   
  620  2.25      78  258   214     7      620   3573     0    -7    -3   -12     6      9  259980  2353515       
  780  1.25      66  294   160     5      780   3413     1    -5    -2   -16     4     13  259981  2353511       
  962  1.25      56  304   182     4      962   3231     2    -3     0   -20     4     17  259983  2353507       
 1127  1.75      71  289   165     4     1127   3066     2    -4     1   -24     4     21  259984  2353503       
 1193  2.09      63  297    66     2     1193   3000     1    -2     2   -26     2     23  259985  2353501 
 1271  2.50      54  306   144     5     1271   2922     2    -5     4   -28     5     27  259987  2353499       
 1431  2.50      72  288   160     7     1430   2763     3    -6     7   -35     7     34  259990  2353492       
 1515  2.50      69  291    84     4     1514   2679     1    -3     8   -38     4     37  259991  2353489 
 1603  2.50      66  294   172     8     1602   2591     3    -7    10   -42     7     41  259993  2353485       
 1767  2.25      71  289   164     7     1766   2427     2    -6    12   -48     7     48  259995  2353479       
 1792  2.25      72  288    25     1     1791   2402     0    -1    13   -49     1     49  259996  2353478 
 1871  2.25      76  284   104     4     1870   2323     1    -4    13   -52     4     52  259996  2353475       
 1960  2.11      78  270    89     3     1959   2234     0    -3    14   -55     3     55  259997  2353472 
 1997  2.05      78  264    37     1     1996   2197     0    -1    14   -57     1     56  259997  2353470 
 2029  2.00      79  259   158     6     2028   2165     0    -6    14   -58     5     57  259997  2353469       
 2185  1.75      68  292   156     5     2184   2009     0    -5    14   -63     5     61  259997  2353464       
 2194  1.77      66  294     9     0     2193   2000     0     0    14   -63     0     62  259997  2353464 
 2276  2.00      48  312    91     3     2275   1918     2    -3    16   -65     3     64  259999  2353462       
 2332  2.75      46  314    56     2     2331   1862     2    -2    17   -67     2     67  260000  2353460       
 2363  3.25      44  316    31     2     2362   1831     1    -1    18   -68     2     68  260001  2353459       
 2395  3.75      44  316    32     2     2394   1799     1    -1    20   -70     2     70  260003  2353457       
 2425  4.00      46  314    30     2     2424   1769     1    -1    21   -71     2     72  260004  2353456       
 2455  4.25      41  319    30     2     2453   1740     2    -1    23   -72     2     74  260006  2353455       
 2486  4.75      41  319    31     2     2484   1709     2    -2    25   -74     2     76  260008  2353453       
 2517  5.25      43  317    31     3     2515   1678     2    -2    27   -76     3     79  260010  2353451       
 2547  5.75      36  324    30     3     2545   1648     2    -2    29   -78     3     82  260012  2353449       
 2642  5.50      42  318    95     9     2640   1553     7    -6    36   -84     9     90  260019  2353443       
 2672  6.00      47  313    30     3     2670   1523     2    -2    38   -86     3     93  260021  2353441       
 2703  6.25      51  309    31     3     2700   1493     2    -2    40   -88     3     97  260023  2353439       
 2734  6.50      59  301    31     3     2731   1462     2    -3    42   -91     3    100  260025  2353436       
 2765  7.25      56  304    31     4     2762   1431     2    -3    44   -94     4    104  260027  2353433       
 2796  8.00      52  308    31     4     2793   1400     2    -3    47   -97     4    108  260030  2353430       
 2827  8.75      50  310    31     5     2823   1370     3    -4    50  -101     4    112  260033  2353426       
 2859  8.00      54  306    32     5     2855   1338     3    -4    53  -105     5    117  260036  2353422       
 2908  8.49      57  303    48     7     2903   1290     4    -6    57  -110     7    124  260040  2353417 
 2985  9.25      61  299   125    19     2980   1213    10   -16    63  -121    19    136  260046  2353406       
 3027 10.50      62  298    41     7     3021   1172     3    -6    66  -127     7    143  260049  2353400       
 3109 12.25      61  299    80    16     3101   1092     8   -14    74  -141    16    159  260057  2353386       
 3201 14.00      61  299    90    21     3191   1002    10   -18    84  -159    21    180  260067  2353368       
 3203 14.04      61  299     2     0     3193   1000     0     0    84  -160     0    180  260067  2353367 
 3250 14.86      62  298    47    12     3238    955     6   -11    90  -170    12    192  260073  2353357 
 3301 15.75      63  297    97    26     3288    905    12   -23    96  -182    26    206  260079  2353345       
 3394 17.25      62  298    89    26     3377    816    12   -23   108  -205    26    232  260091  2353322       
 3487 19.25      65  295    88    29     3465    728    13   -26   121  -232    29    261  260104  2353295       
 3582 21.50      63  297    89    33     3554    639    14   -30   136  -261    33    294  260119  2353266       
 3672 22.00      63  297    84    33     3638    555    15   -30   151  -291    33    327  260134  2353236       
 3735 22.00      62  298    58    24     3696    497    11   -21   162  -312    24    351  260145  2353215       
 3830 24.25      62  298    87    37     3784    409    18   -33   179  -345    37    388  260162  2353182       
 3921 25.25      66  294    83    38     3866    327    17   -34   196  -379    38    426  260179  2353148       
 4014 25.25      64  296    84    40     3950    243    17   -36   213  -415    40    466  260196  2353112       
 4107 25.00      62  298    84    39     4034    159    18   -35   231  -450    39    505  260214  2353077       
 4231 25.00      60  300   112    52     4147     46    25   -46   256  -496    52    558  260239  2353031       
 4282 24.50      60  300    46    21     4193      0    11   -19   267  -515    21    579  260250  2353012 
 4358 23.75      61  299   116    52     4263    -70    26   -46   282  -542    52    610  260265  2352985       
 4482 23.00      60  300   114    49     4376   -183    24   -43   306  -585    49    659  260289  2352942       
 4605 23.00      61  299   113    48     4490   -297    24   -42   330  -626    48    707  260313  2352901       
 4762 22.00      58  302   145    60     4635   -442    30   -52   360  -678    60    767  260343  2352849       
 4864 21.25      59  301    95    38     4729   -536    20   -32   380  -710    38    805  260363  2352817       
 4925 21.25      58  302    57    22     4786   -593    12   -19   391  -729    22    827  260374  2352798       
 5048 22.00      59  301   114    45     4901   -708    24   -39   415  -768    45    872  260398  2352759       
 5142 22.50      57  303    87    36     4988   -795    19   -30   434  -798    36    908  260417  2352729       
 5222 23.00      59  301    74    31     5061   -868    16   -26   450  -824    31    939  260433  2352703       
 5355 23.50      57  303   122    53     5184   -991    28   -45   478  -869    52    991  260461  2352658       
 5365 23.54      57  303     9     4     5193  -1000     2    -3   480  -872     4    995  260463  2352655 
 5481 24.00      58  302   115    51     5299  -1106    27   -43   505  -911    51   1042  260488  2352616       
 5570 24.00      58  302    81    36     5380  -1187    19   -31   525  -942    36   1078  260508  2352585       
 5698 23.25      58  302   117    51     5498  -1305    27   -44   552  -986    51   1129  260535  2352541       
 5823 23.25      56  304   115    49     5612  -1419    27   -41   579 -1027    49   1179  260562  2352500       
 5906 23.00      54  306    76    33     5689  -1496    19   -27   597 -1054    32   1211  260580  2352473       
 6032 22.50      52  308   116    49     5805  -1612    29   -39   627 -1093    48   1260  260610  2352434       
 6122 21.50      53  307    83    34     5888  -1695    21   -27   647 -1119    33   1293  260630  2352408       
 6155 21.25      53  307    31    12     5919  -1726     7   -10   654 -1129    12   1305  260637  2352398       
 6252 20.00      52  308    91    34     6010  -1817    21   -27   675 -1156    34   1339  260658  2352371       
 6347 19.00      53  307    90    32     6099  -1906    19   -25   695 -1181    31   1370  260678  2352346       
 6446 18.23      51  309    94    32     6193  -2000    19   -25   714 -1206    31   1402  260697  2352321 
 6475 18.00      51  309   121    41     6221  -2028    25   -32   720 -1213    40   1410  260703  2352314       
 6532 17.75      50  310    54    17     6275  -2082    11   -14   731 -1227    17   1428  260714  2352300       
 6562 17.25      49  311    29     9     6304  -2111     6    -7   737 -1234     9   1437  260720  2352293       
 6594 17.00      51  309    31     9     6334  -2141     6    -7   743 -1241     9   1446  260726  2352286       
 6624 16.25      52  308    29     9     6363  -2170     5    -7   748 -1248     8   1454  260731  2352279       
 6656 15.25      55  305    31     9     6394  -2201     5    -7   753 -1255     9   1463  260736  2352272       
 6687 15.00      56  304    30     8     6424  -2231     5    -7   758 -1261     8   1471  260741  2352266       
 6719 14.25      59  301    31     8     6455  -2262     4    -7   762 -1268     8   1479  260745  2352259       
 6758 14.25      64  296    38    10     6492  -2299     5    -8   767 -1276    10   1489  260750  2352251       
 6789 14.75      66  294    30     8     6522  -2329     3    -7   770 -1283     8   1496  260753  2352244       
 6854 15.25      72  288    63    17     6585  -2392     6   -16   776 -1299    17   1513  260759  2352228       
 6885 16.00      72  288    30     8     6615  -2422     3    -8   779 -1307     8   1521  260762  2352220       
 6961 17.00      73  287    73    22     6688  -2495     6   -21   785 -1328    21   1542  260768  2352199       
 7058 17.50      77  283    93    29     6781  -2588     7   -28   792 -1355    28   1570  260775  2352172       
 7153 17.50      77  283    91    29     6871  -2678     6   -28   799 -1383    27   1597  260782  2352144       
 7248 17.25      77  283    91    28     6962  -2769     6   -28   805 -1411    27   1625  260788  2352116       
 7280 17.25      76  284    31     9     6992  -2799     2    -9   807 -1420     9   1634  260790  2352107       
 7408 17.50      82  278   122    38     7115  -2922     7   -38   815 -1458    36   1670  260798  2352069       
 7490 17.04      83  277    78    24     7193  -3000     3   -24   818 -1482    22   1692  260801  2352045 
 7541 16.75      84  276   127    39     7242  -3049     5   -39   820 -1497    36   1706  260803  2352030       
 7605 14.50      84  276    62    17     7303  -3110     2   -17   821 -1514    16   1722  260804  2352013       
 7715 14.75      82  278   106    28     7410  -3217     3   -28   825 -1541    26   1747  260808  2351986       
 7811 15.25      88  268    93    25     7503  -3310     1   -25   826 -1566    22   1769  260809  2351961       
 7874 15.00      85  265    61    16     7563  -3370    -1   -16   825 -1583    14   1783  260808  2351944       
 7939 15.50      84  264    63    17     7626  -3433    -2   -17   823 -1600    14   1797  260806  2351927       
 8043 15.50      82  262   100    28     7726  -3533    -3   -28   820 -1627    22   1819  260803  2351900       
 8171 15.25      79  259   123    34     7850  -3657    -6   -33   814 -1661    26   1845  260797  2351866       
 8297 14.75      77  257   122    33     7971  -3778    -7   -32   808 -1692    24   1870  260791  2351835       
 8424 13.50      77  257   123    31     8095  -3902    -7   -30   801 -1723    23   1892  260784  2351804       
 8525 13.50      76  256    98    24     8193  -4000    -5   -23   795 -1746    17   1909  260778  2351781 
 8612 13.50      76  256   183    44     8277  -4084   -10   -43   790 -1765    32   1924  260773  2351762       
 8751 13.00      83  263   135    32     8413  -4220    -6   -31   785 -1797    24   1948  260768  2351730       
 8878 13.75      89  271   124    29     8536  -4343    -2   -29   783 -1826    25   1973  260766  2351701       
 9004 14.00      88  272   122    30     8659  -4466     1   -30   784 -1856    27   1999  260767  2351671       
 9140 14.50      88  272   132    33     8790  -4597     1   -33   785 -1890    30   2029  260768  2351637       
 9265 14.75      87  273   121    32     8911  -4718     1   -32   786 -1921    28   2057  260769  2351606       
 9390 14.75      86  274   121    32     9032  -4839     2   -32   788 -1953    28   2086  260771  2351574       
 9522 15.00      82  278   128    34     9160  -4967     4   -34   792 -1987    31   2116  260775  2351540       
 9556 15.00      83  277    33     9     9193  -5000     1    -9   793 -1995     8   2125  260776  2351532 
 9643 15.00      84  276   117    31     9277  -5084     4   -31   796 -2018    29   2145  260779  2351509       
 9697 14.18      84  276    52    14     9329  -5136     1   -14   797 -2031    12   2158  260780  2351496 
 9709 14.00      84  276    64    17     9341  -5148     2   -16   797 -2034    15   2160  260780  2351493       
 9933 13.00      84  276   218    52     9558  -5365     5   -52   803 -2086    48   2208  260786  2351441       
10000 12.50      84  276    65    15     9624  -5431     2   -15   804 -2101    14   2222  260787  2351426       
10060 12.50      84  276    59    13     9682  -5489     1   -13   806 -2114    12   2234  260789  2351413 
