      WELL DATA SUMMARY                                                                                                                                                                                                        
            
Well  NAVY I 78A-6  
                         
Sec Az  105 S 75 E  
Elev   4181 KB      
CoordsNorth  260424 East              2354044 
                         Course               
  MD  Drift Drift D. AzimLength  DH     TVD     SSD    DNS   DEW   N-S   E-W  DSec    Sec     N-LAM E-LAM    
_____________________________________________________________________________________________________________
                                                                                                                                                                                                                               
    0  0.00      27  153                        4181     0     0     0     0     0        0  260424  2354044                                                                                                                   
  186  0.50      27  153   186     1      186   3995    -1     0    -1     0     1        1  260423  2354044                                                                                                                   
  305  0.75      14  346   119    -1      305   3876     0     1     0     2     1        2  260424  2354046                                                                                                                   
  430  1.00      34  326   125     2      430   3751     2    -1     1     1    -1        0  260425  2354045                                                                                                                   
  500  1.00      25  136    70     1      500   3681    -1    -1     1     0    -1        0  260425  2354044                                                                                                       
  543  1.00      19   19   113    -2      543   3638     2     0     3     1    -1        0  260427  2354045                                                                                                                   
  577  1.00      25   25    34     1      577   3604     1     0     4     1     0        0  260428  2354045                                                                                                                   
  609  1.25      45   45    32     1      609   3572     1     0     4     1     0        0  260428  2354045                                                                                                                   
  640  1.75      70   70    31     1      640   3541     0     1     5     2     1        0  260429  2354046                                                                                                                   
  671  2.00      85   85    31     1      671   3510     0     1     5     3     1        1  260429  2354047                                                                                                                   
  702  3.00      90   90    31     1      702   3479     0     1     5     4     1        3  260429  2354048                                                                                                                   
  732  3.25      78  102    30     2      732   3449     0     2     5     6     2        4  260429  2354050                                                                                                                   
  764  4.00      70  110    32     2      764   3417    -1     2     4     8     2        6  260428  2354052                                                                                                                   
  795  4.50      67  113    31     2      795   3386    -1     2     4    10     2        9  260428  2354054                                                                                                                   
  827  5.25      67  113    32     3      827   3354    -1     3     3    12     3       11  260427  2354056                                                                                                                   
  858  6.00      72  108    31     3      857   3324    -1     3     2    15     3       14  260426  2354059                                                                                                                   
  889  6.75      77  103    31     3      888   3293    -1     3     1    19     3       18  260425  2354063                                                                                                                   
  921  7.75      81   99    32     4      920   3261    -1     4     0    22     4       22  260424  2354066                                                                                                                   
  957  8.75      79  101    36     5      956   3225    -1     5    -1    28     5       27  260423  2354072                                                                                                                   
  970  9.27      78  102    13     2      968   3213     0     2    -1    30     2       29  260423  2354074                                                                                                                   
  982  9.75      77  103    25     4      980   3201    -1     4    -2    32     4       31  260422  2354076                                                                                                                   
 1000 10.33      78  102    18     3      998   3183    -1     3    -3    35     3       34  260421  2354079                                                                                                       
 1044 11.75      81   99    61    12     1041   3140    -2    11    -4    43    12       42  260420  2354087                                                                                                                   
 1057 11.98      82   98    13     3     1054   3127     0     3    -5    46     3       45  260419  2354090                                                                                                                   
 1072 12.25      83   97    27     6     1069   3112    -1     6    -5    49     6       48  260419  2354093                                                                                                                   
 1106 13.00      85   95    33     7     1102   3079    -1     7    -6    56     7       56  260418  2354100                                                                                                                   
 1137 14.00      86   94    30     7     1132   3049    -1     7    -6    63     7       63  260418  2354107                                                                                                                   
 1188 14.70      82   98    49    13     1181   3000    -1    13    -8    76    12       75  260416  2354120                                                                                                       
 1247 15.50      77  103   106    28     1238   2943    -4    28   -10    91    28       91  260414  2354135                                                                                                                   
 1310 15.75      76  104    61    17     1299   2882    -4    16   -14   107    17      107  260410  2354151                                                                                                                   
 1432 16.25      75  105   117    34     1416   2765    -8    33   -23   140    34      141  260401  2354184                                                                                                                   
 1500 16.99      75  105    65    19     1481   2700    -5    19   -28   159    19      161  260396  2354203                                                                                                       
 1524 17.25      75  105    88    27     1504   2677    -7    26   -30   166    27      168  260394  2354210                                                                                                                   
 1617 17.25      74  106    89    28     1593   2588    -7    27   -37   192    28      195  260387  2354236                                                                                                                   
 1710 18.00      74  106    89    28     1682   2499    -8    27   -45   219    28      223  260379  2354263                                                                                                                   
 1805 18.00      75  105    90    29     1772   2409    -8    28   -53   248    29      253  260371  2354292                                                                                                                   
 1896 18.00      75  105    87    28     1859   2322    -7    27   -60   275    28      281  260364  2354319                                                                                                                   
 1992 18.00      75  105    91    30     1950   2231    -8    29   -68   303    30      311  260356  2354347                                                                                                                   
 2000 18.04      75  105     8     2     1958   2223    -1     2   -68   306     2      313  260356  2354350                                                                                                       
 2044 18.25      74  106    49    16     1999   2182    -4    16   -72   319    16      327  260352  2354363                                                                                                                   
 2047 18.27      74  106     3     1     2002   2179     0     1   -72   320     1      328  260352  2354364                                                                                                                   
 2094 18.50      74  106    97    32     2047   2134    -9    31   -76   334    32      342  260348  2354378                                                                                                                   
 2178 19.00      73  107    80    27     2126   2055    -8    26   -84   360    27      369  260340  2354404                                                                                                                   
 2236 19.78      72  108    55    19     2181   2000    -6    18   -90   378    19      389  260334  2354422                                                                                                       
 2271 20.25      71  109    88    31     2214   1967   -10    30   -93   390    31      401  260331  2354434                                                                                                                   
 2325 20.25      70  110    51    19     2265   1916    -6    18  -100   407    19      419  260324  2354451                                                                                                                   
 2363 20.25      70  110    86    32     2300   1881   -11    30  -104   420    32      432  260320  2354464                                                                                                                   
 2455 20.00      71  109    86    32     2387   1794   -11    30  -115   450    32      464  260309  2354494                                                                                                                   
 2480 20.25      71  109    23     9     2410   1771    -3     8  -117   458     9      473  260307  2354502                                                                                                                   
 2500 20.44      71  109    19     7     2429   1752    -2     7  -120   464     7      479  260304  2354508                                                                                                       
 2588 21.31      71  109   124    47     2511   1670   -15    44  -130   494    47      511  260294  2354538                                                                                                                   
 2627 21.69      71  109    36    14     2547   1634    -5    14  -135   507    14      525  260289  2354551                                                                                                                   
 2633 21.75      71  109   166    63     2553   1628   -21    60  -135   510    63      527  260289  2354554                                                                                                                   
 2675 22.25      71  109    39    16     2592   1589    -5    15  -140   524    16      543  260284  2354568                                                                                                                   
 2738 23.00      71  109    97    40     2650   1531   -13    38  -148   547    40      567  260276  2354591                                                                                                                   
 2747 23.10      71  109     8     4     2658   1523    -1     3  -149   551     4      571  260275  2354595                                                                                                                   
 2831 24.00      73  107    85    37     2735   1446   -11    35  -160   583    37      604  260264  2354627                                                                                                                   
 2903 24.00      73  107    66    29     2801   1380    -9    28  -168   611    29      633  260256  2354655                                                                                                                   
                                                                                                                                                                                                                               
                                                                                                                                                                                                                               
                                                                                                                                                                                                                               
                                                                                                                                                                                                                               
                                                                                                                                                                                                                               
                                                                                                                                                                                                                               
                                                                                                                                                                                                                               
                                                                                                                                                                                                                               
                                                                                                                                                                                                                               
                                                                                                                                                                                                                               
                                                                                                                                                                                                                               
                                                                                                                                                                                                                               
                                                                                                                                                                                                                               
                                                                                                                                                                                                                               
                                                                                                                                                                                                                               
                                                                                                                                                                                                                               
                                                                                                                                                                                                                               
                                                                                                                                                                                                                               
                                                                                                                                                                                                                               
                                                                                                                                                                                                                               
                                                                                                                                                                                                                               
                                                                                                                                                                                                                               
                                                                                                                                                                                                                               
                                                                                                                                                                                                                               
                                                                                                                                                                                                                               
                                                                                                                                                                                                                               
                                                                                                                                                                                                                               
                                                                                                                                                                                                                               
                                                                                                                                                                                                                               
                                                                                                                                                                                                                               
                                                                                                                                                                                                                               
                                                                                                                                                                                                                               
                                                                                                                                                                                                                               
                                                                                                                                                                                                                               
                                                                                                                                                                                                                               
                                                                                                                                                                                                                               
                                                                                                                                                                                                                               
                                                                                                                                                                                                                               
                                                                                                                                                                                                                               
                                                                                                                                                                                                                               
                                                                                                                                                                                                                               
                                                                                                                                                                                                                               
                                                                                                                                                                                                                               
                                                                                                                                                                                                                               
                                                                                                                                                                                                                               
                                                                                                                                                                                                                               
                                                                                                                                                                                                                               
                                                                                                                                                                                                                               
                                                                                                                                                                                                                               
                                                                                                                                                                                                                               
                                                                                                                                                                                                                               
                                                                                                                                                                                                                               
                                                                                                                                                                                                                               
                                                                                                                                                                                                                               
                                                                                                                                                                                                                               
                                                                                                                                                                                                                               
                                                                                                                                                                                                                               
                                                                                                                                                                                                                               
                                                                                                                                                                                                                               
                                                                                                                                                                                                                               
                                                                                                                                                                                                                               
                                                                                                                                                                                                                               
                                                                                                                                                                                                                               
                                                                                                                                                                                                                               
                                                                                                                                                                                                                               
                                                                                                                                                                                                                               
                                                                                                                                                                                                                               
                                                                                                                                                                                                                               
                                                                                                                                                                                                                               
                                                                                                                                                                                                                               
                                                                                                                                                                                                                               
                                                                                                                                                                                                                               
                                                                                                                                                                                                                               
                                                                                                                                                                                                                               
                                                                                                                                                                                                                               
                                                                                                                                                                                                                               
                                                                                                                                                                                                                               
                                                                                                                                                                                                                               
                                                                                                                                                                                                                               
                                                                                                                                                                                                                               
                                                                                                                                                                                                                               
                                                                                                                                                                                                                               
                                                                                                                                                                                                                               
                                                                                                                                                                                                                               
                                                                                                                                                                                                                               
                                                                                                                                                                                                                               
                                                                                                                                                                                                                               
                                                                                                                                                                                                                               
                                                                                                                                                                                                                               
                                                                                                                                                                                                                               
                                                                                                                                                                                                                               
                                                                                                                                                                                                                               
                                                                                                                                                                                                                               
                                                                                                                                                                                                                               
                                                                                                                                                                                                                               
                                                                                                                                                                                                                               
                                                                                                                                                                                                                               
                                                                                                                                                                                                                               
                                                                                                                                                                                                                               
                                                                                                                                                                                                                               
                                                                                                                                                                                                                               
                                                                                                                                                                                                                               
                                                                                                                                                                                                                               
                                                                                                                                                                                                                               
                                                                                                                                                                                                                               
                                                                                                                                                                                                                               
                                                                                                                                                                                                                               
                                                                                                                                                                                                                               
                                                                                                                                                                                                                               
                                                                                                                                                                                                                               
                                                                                                                                                                                                                               
                                                                                                                                                                                                                               
                                                                                                                                                                                                                               
                                                                                                                                                                                                                               
                                                                                                                                                                                                                               
                                                                                                                                                                                                                               
                                                                                                                                                                                                                               
                                                                                                                                                                                                                               
                                                                                                                                                                                                                               
                                                                                                                                                                                                                               
                                                                                                                                                                                                                               
                                                                                                                                                                                                                               
                                                                                                                                                                                                                               
                                                                                                                                                                                                                               
                                                                                                                                                                                                                               
                                                                                                                                                                                                                               
                                                                                                                                                                                                                               
                                                                                                                                                                                                                               
                                                                                                                                                                                                                               
                                                                                                                                                                                                                               
                                                                                                                                                                                                                               
    0  0.00       0    0     0     0        0   4181     0     0     0     0     0        0       0        0                                                                                                                   
    0  0.00       0    0     0     0        0   4181     0     0     0     0     0        0       0        0                                                                                                                   
    0  0.00       0    0     0     0        0   4181     0     0     0     0     0        0       0        0                                                                       0     0     0     0     0     0             
    0  0.00       0    0     0     0        0   4181     0     0     0     0     0        0       0        0                                                                       0     0     0     0     0     0             
    0  0.00       0    0     0     0        0   4181     0     0     0     0     0        0       0        0                                                                       0     0     0     0     0     0             
    0  0.00       0    0     0     0        0   4181     0     0     0     0     0        0       0        0 
    0  0.00       0    0     0     0        0   4181     0     0     0     0     0        0       0        0 
    0  0.00       0    0     0     0        0   4181     0     0     0     0     0        0       0        0 
    0  0.00       0    0     0     0        0   4181     0     0     0     0     0        0       0        0 
    0  0.00       0    0     0     0        0   4181     0     0     0     0     0        0       0        0 
    0  0.00       0    0     0     0        0   4181     0     0     0     0     0        0       0        0 
    0  0.00       0    0     0     0        0   4181     0     0     0     0     0        0       0        0 
    0  0.00       0    0     0     0        0   4181     0     0     0     0     0        0       0        0 
    0  0.00       0    0     0     0        0   4181     0     0     0     0     0        0       0        0 
    0  0.00       0    0     0     0        0   4181     0     0     0     0     0        0       0        0                                                                               
                                                                                                                                                                                           
                                                                                                                                                                                           
                                                                                                                                                                                           
                                                                                                                                                                                           
                                                                                                                                                                                           
                                                                                                                                                                                           
                                                                                                                                                                                           
                                                                                                                                                                                           
                                                                                                                                                                                           
                                                                                                                                                                                           
                                                                                                                                                                                           
                                                                                                                                                                                           
